0.484374994199      0.500000005077
0.484374993836      0.515625005077
0.468749993474      0.515625004352
0.468749995287      0.484375004352
0.453124994924      0.484375003626
0.453124994562      0.500000003627
0.437499994199      0.500000002901
0.437499993836      0.515625002901
0.453124993836      0.515625002901
0.453124993474      0.531250003264
0.421874993474      0.531250002176
0.421874993111      0.546875002539
0.437499993111      0.546875002539
0.437499992749      0.562500002901
0.421874991298      0.562500002176
0.421874990936      0.578125002176
0.406249990573      0.578125001451
0.406249992386      0.546875001451
0.390624992024      0.546875000726
0.390624991661      0.562500000726
0.374999991298      0.562500000001
0.374999992387      0.546875000001
0.359374992387      0.546874999276
0.359374993474      0.531249998913
0.390624993474      0.531250001451
0.390624994562      0.515625001088
0.374999994562      0.515625000363
0.374999995287      0.484375000001
0.359374995287      0.484374999276
0.359374996374      0.468749998913
0.390624996374      0.468750001451
0.390624997462      0.453125001088
0.374999997462      0.453125000363
0.37499999855       0.437500000001
0.3593749971        0.437499999276
0.359374996737      0.453124999276
0.343749996374      0.45312499855
0.343749998188      0.42187499855
0.328124997825      0.421874997825
0.328124997463      0.437499997825
0.3124999971        0.4374999971
0.312499996737      0.4531249971
0.328124996737      0.4531249971
0.328124996374      0.468749997463
0.296874996374      0.468749996375
0.296874996012      0.484374996737
0.312499996012      0.484374996738
0.312499995649      0.4999999971
0.296874994199      0.499999996375
0.296874993837      0.515624996375
0.281249993474      0.51562499565
0.281249995287      0.48437499565
0.265624994924      0.484374994925
0.265624994562      0.499999994925
0.249999994199      0.499999994199
0.249999993837      0.5156249942
0.265624993837      0.515624994199
0.265624993474      0.531249994562
0.234374993474      0.531249993474
0.234374993112      0.546874993837
0.249999993112      0.546874993837
0.249999992748      0.5624999942
0.265624992748      0.5624999942
0.265624992387      0.5468749942
0.281249992749      0.546874994199
0.281249992386      0.578124994199
0.296874992748      0.578124994199
0.296874992386      0.562499994199
0.312499992748      0.5624999942
0.312499992386      0.57812499565
0.328124992386      0.57812499565
0.328124992024      0.593749996012
0.296874992024      0.593749994925
0.296874991661      0.609374995287
0.312499991661      0.609374995287
0.312499991299      0.62499999565
0.296874991299      0.624999994924
0.296874990936      0.640624994924
0.281249990574      0.6406249942
0.281249992386      0.6093749942
0.265624992024      0.609374993474
0.265624991661      0.624999993474
0.234374991299      0.624999993474
0.234374990936      0.640624993474
0.218749990574      0.640624992749
0.218749992386      0.609374992749
0.203124992024      0.609374992024
0.203124991661      0.624999992024
0.187499991299      0.624999991299
0.187499990936      0.640624992749
0.203124990936      0.640624992749
0.203124990573      0.656249993112
0.171874990573      0.656249992024
0.17187499021       0.671874992387
0.18749999021       0.671874992386
0.187499989848      0.687499992749
0.203124989848      0.687499992749
0.203124989485      0.671874992749
0.218749989848      0.671874992749
0.218749989485      0.703124992749
0.234374989848      0.703124992749
0.234374989485      0.687499992749
0.249999989848      0.687499992749
0.249999989486      0.703124994199
0.265624989486      0.703124994199
0.265624989123      0.718749994562
0.234374989123      0.718749993474
0.234374988761      0.734374993837
0.249999988761      0.734374993836
0.249999988397      0.749999994199
0.234374982596      0.749999993474
0.234374982234      0.765624993474
0.218749981871      0.765624992749
0.218749983684      0.734374992749
0.203124983322      0.734374992024
0.203124982959      0.749999992024
0.187499982596      0.749999991299
0.187499982234      0.765624991299
0.203124982234      0.765624991299
0.203124981871      0.781249991662
0.171874981871      0.781249990574
0.171874981509      0.796874990937
0.187499981509      0.796874990936
0.187499981146      0.812499991299
0.171874979696      0.812499990574
0.171874979334      0.828124990574
0.156249978971      0.828124989848
0.156249980784      0.796874989848
0.140624980421      0.796874989123
0.140624980059      0.812499989123
0.124999979696      0.812499988398
0.124999980784      0.796874988398
0.109374980784      0.796874987673
0.109374981871      0.781249987311
0.140624981871      0.781249989848
0.140624982959      0.765624989485
0.124999982959      0.76562498876
0.124999983685      0.734374988398
0.109374983685      0.734374987673
0.109374984772      0.71874998731
0.140624984772      0.718749989848
0.14062498586       0.703124989486
0.12499998586       0.703124988761
0.124999986947      0.687499988398
0.109374985497      0.687499987673
0.109374985135      0.703124987673
0.093749984772      0.703124986948
0.093749986585      0.671874986948
0.078124986222      0.671874986223
0.07812498586       0.687499986223
0.062499985497      0.687499985498
0.062499985135      0.703124985498
0.078124985135      0.703124985498
0.078124984772      0.71874998586
0.046874984772      0.718749984772
0.04687498441       0.734374985135
0.06249998441       0.734374985135
0.062499984046      0.749999985498
0.046874982596      0.749999984772
0.046874982234      0.765624984772
0.031249981871      0.765624984047
0.031249983685      0.734374984047
0.015624983322      0.734374983322
0.015624982959      0.749999983322
-1.74040000189e-08  0.749999982597
-1.63150000176e-08  0.734374982597
-0.015625016315     0.734374981872
-0.015625015228     0.718749981509
0.015624984772      0.718749984047
0.01562498586       0.703124983685
-1.41400000597e-08  0.70312498296
-1.30530000142e-08  0.687499982597
-0.015625013053     0.687499981872
-0.015625013415     0.703124981872
-0.031250013778     0.703124981147
-0.031250011965     0.671874981147
-0.046875012328     0.671874980421
-0.04687501269      0.687499980421
-0.062500013053     0.687499979696
-0.062500011965     0.671874978246
-0.078125011965     0.671874977521
-0.078125010877     0.656249977158
-0.046875010877     0.656249979696
-0.046875009789     0.640624979333
-0.062500009789     0.640624978609
-0.062500008701     0.624999978246
-0.046875008701     0.624999979696
-0.046875007614     0.609374979696
-0.031250007251     0.609374981147
-0.031250010514     0.640624981147
-0.015625010151     0.640624982597
-0.015625009064     0.624999982597
0.015624991299      0.624999984048
0.015624992386      0.609374984048
0.031249992749      0.609374985497
0.031249989486      0.640624985497
0.046874989849      0.640624986948
0.046874990936      0.624999986948
0.062499991299      0.624999988398
0.062499992386      0.609374986948
0.046874992386      0.609374986223
0.046874993474      0.59374998586
0.078124993474      0.593749988399
0.078124994561      0.578124988036
0.062499994561      0.57812498731
0.062499995649      0.562499986948
0.046874995649      0.562499986223
0.046874995287      0.578124986223
0.031249994924      0.578124985497
0.031249996737      0.546874985497
0.015624996375      0.546874984773
0.015624996011      0.562499984773
-4.35100000473e-09  0.562499984047
-3.26200000345e-09  0.546874982597
-0.015625003262     0.546874981872
-0.015625002175     0.531249981509
0.015624997825      0.531249984048
0.015624998913      0.515624983685
-1.08699999002e-09  0.51562498296
-4.71299999028e-09  0.484374982597
-0.015625004713     0.484374981872
-0.015625003626     0.468749981509
0.015624996374      0.468749984047
0.015624997462      0.453124983685
-2.53800003236e-09  0.453124982959
-1.45000000895e-09  .437499982597
-0.01562500145      .437499981872
-0.015625001813     .453124981872
-0.031250002176     .453124981147
-0.031250000362     .421874981147
-0.046875000725     .421874980422
-0.046875001087     .437499980422
-0.06250000145      .437499979696
-0.062500000362     0.421874978246
-0.078125000362     0.421874977521
-0.078124999274     0.406249977158
-0.046874999274     0.406249979696
-0.046874998187     0.390624979333
-0.062499998187     0.390624978609
-0.062499997099     0.374999978246
-0.046874997099     0.374999979696
-0.046874996012     0.359374979696
-0.031249995649     0.359374981147
-0.031249998912     0.390624981147
-0.015624998549     0.390624982597
-0.015624997462     0.374999982597
0.015625002901      0.374999984048
0.015625003988      0.359374984048
0.031250004351      0.359374985497
0.031250001088      0.390624985497
0.046875001451      0.390624986948
0.046875002538      0.374999986948
0.062500002901      0.374999988398
0.062500003988      0.359374986948
0.046875003988      0.359374986223
0.046875005077      0.34374998586
0.078125005077      0.343749988399
0.078125006164      0.328124988036
0.062500006164      0.328124987311
0.062500007252      0.312499986948
0.046875007252      0.312499986223
0.04687500689       0.328124986223
0.031250006527      0.328124985497
0.031250008339      0.296874985497
0.015625007977      0.296874984773
0.015625007614      0.312499984773
7.25200000051e-09   0.312499984047
8.33999996841e-09   0.296874982597
-0.01562499166      0.296874981872
-0.015624990573     0.281249981509
0.015625009427      0.281249984048
0.015625010515      0.265624983685
1.05149999818e-08   0.26562498296
1.16030000052e-08   0.249999982597
-0.015624994198     0.249999981872
-0.015624994561     0.265624981872
-0.031249994924     0.265624981147
-0.03124999311      0.234374981147
-0.046874993473     0.234374980421
-0.046874993835     0.249999980421
-0.062499994198     0.249999979696
-0.062499994561     0.265624979696
-0.046874994561     0.265624979696
-0.046874994924     0.281249980058
-0.078124994924     0.281249978971
-0.078124995286     0.296874979334
-0.062499995286     0.296874979333
-0.062499995649     0.312499979696
-0.078124997099     0.312499978971
-0.078124997461     0.328124978971
-0.093749997824     0.328124978246
-0.093749996011     0.296874978246
-0.109374996374     0.296874977521
-0.109374996736     0.312499977521
-0.124999997099     0.312499976796
-0.124999996011     0.296874976796
-0.140624996011     0.29687497607
-0.140624994924     0.281249975707
-0.109374994924     0.281249978246
-0.109374993836     0.265624977884
-0.124999993836     0.265624977159
-0.12499999311      0.234374976796
-0.14062499311      0.23437497607
-0.140624992023     0.218749975707
-0.109374992023     0.218749978246
-0.109374990935     0.203124977884
-0.124999990935     0.203124977159
-0.124999989848     0.187499976796
-0.140624991298     0.18749997607
-0.14062499166      0.20312497607
-0.156249992023     0.203124975345
-0.15624999021      0.171874975345
-0.171874990573     0.17187497462
-0.171874990935     0.18749997462
-0.187499991298     0.187499973895
-0.18749999166      0.203124973895
-0.17187499166      0.203124973895
-0.171874992023     0.218749974257
-0.203124992023     0.21874997317
-0.203124992385     0.234374973532
-0.187499992385     0.234374973533
-0.187499992748     0.249999973895
-0.203124994198     0.24999997317
-0.203124994561     0.26562497317
-0.218749994924     0.265624972445
-0.21874999311      0.234374972445
-0.234374993473     0.23437497172
-0.234374993835     0.24999997172
-0.249999994198     0.249999970994
-0.249999994561     0.265624970994
-0.234374994561     0.265624970995
-0.234374994924     0.281249971357
-0.265624994924     0.281249970269
-0.265624995286     0.296874970632
-0.249999995286     0.296874970631
-0.249999995649     0.312499970994
-0.234374995649     0.312499970995
-0.234374996011     0.296874970995
-0.218749995649     0.296874970995
-0.218749996011     0.328124970995
-0.203124995649     0.328124970994
-0.203124996011     0.312499970994
-0.187499995649     0.312499970994
-0.187499996011     0.328124972445
-0.171874996011     0.328124972445
-0.171874996373     0.343749972807
-0.203124996373     0.34374997172
-0.203124996737     0.359374972082
-0.187499996737     0.359374972082
-0.187499997099     0.374999972445
-0.203124997099     0.374999971719
-0.203124997462     0.390624971719
-0.218749997824     0.390624970995
-0.218749996012     0.359374970995
-0.234374996374     0.359374970269
-0.234374996737     0.374999970269
-0.265624997099     0.374999970269
-0.265624997462     0.390624970269
-0.281249997824     0.390624969544
-0.281249996012     0.359374969544
-0.296874996374     0.359374968819
-0.296874996737     0.374999968819
-0.312499997099     0.374999968094
-0.312499997462     0.390624969544
-0.296874997462     0.390624969544
-0.296874997824     0.406249969907
-0.328124997824     0.406249968819
-0.328124998187     0.421874969182
-0.312499998187     0.421874969181
-0.312499998549     0.437499969544
-0.296874998549     0.437499969544
-0.296874998912     0.421874969544
-0.281249998549     0.421874969544
-0.281249998912     0.453124969544
-0.26562499855      0.453124969544
-0.265624998912     0.437499969544
-0.249999998549     0.437499969544
-0.249999998912     0.453124970994
-0.234374998912     0.453124970994
-0.234374999275     0.468749971356
-0.265624999275     0.468749970269
-0.265624999637     0.484374970632
-0.249999999637     0.484374970631
-0.25               0.499999970994
-0.265625005801     0.499999970269
-0.265625006163     0.515624970269
-0.281250006526     0.515624969544
-0.281250004713     0.484374969544
-0.296875005076     0.484374968819
-0.296875005438     0.499999968819
-0.312500005801     0.499999968094
-0.312500006163     0.515624968094
-0.296875006163     0.515624968094
-0.296875006526     0.531249968456
-0.328125006526     0.531249967369
-0.328125006888     0.546874967731
-0.312500006888     0.546874967731
-0.312500007252     0.562499968094
-0.328125008702     0.562499967369
-0.328125009064     0.578124967369
-0.343750009427     0.578124966643
-0.343750007613     0.546874966643
-0.359375007976     0.546874965918
-0.359375008339     0.562499965918
-0.375000008702     0.562499965193
-0.375000007613     0.546874965193
-0.390625007613     0.546874964468
-0.390625006526     0.531249964105
-0.359375006526     0.531249966643
-0.359375005438     0.515624966281
-0.375000005438     0.515624965556
-0.375000004713     0.484374965193
-0.390625004713     0.484374964468
-0.390625003626     0.468749964105
-0.359375003626     0.468749966643
-0.359375002538     0.453124966281
-0.375000002538     0.453124965556
-0.37500000145      0.437499965193
-0.3906250029       0.437499964468
-0.390625003263     0.453124964468
-0.406250003626     0.453124963743
-0.406250001812     0.421874963743
-0.421875002175     0.421874963018
-0.421875002537     0.437499963018
-0.4375000029       0.437499962292
-0.437500003263     0.453124962292
-0.421875003263     0.453124962292
-0.421875003626     0.468749962655
-0.453125003626     0.468749961567
-0.453125003988     0.48437496193
-0.437500003988     0.48437496193
-0.437500004351     0.499999962292
-0.453125005801     0.499999961567
-0.453125006163     0.515624961567
-0.468750006526     0.515624960842
-0.468750004713     0.484374960842
-0.484375005076     0.484374960117
-0.484375005438     0.499999960117
-0.500000005801     0.499999959392
-0.500000016316     0.484374982597
-0.515625016316     0.484374981872
-0.515625015229     0.468749981509
-0.484375015229     0.468749984047
-0.484375014141     0.453124983685
-0.500000014141     0.453124982959
-0.500000013053     0.437499982597
-0.515625013053     0.437499981872
-0.515625013416     0.453124981872
-0.531250013778     0.453124981147
-0.531250011965     0.421874981147
-0.546875012328     0.421874980422
-0.546875012691     0.437499980422
-0.562500013053     0.437499979696
-0.562500011965     0.421874978246
-0.578125011965     0.421874977521
-0.578125010878     0.406249977158
-0.546875010878     0.406249979696
-0.54687500979      0.390624979334
-0.56250000979      0.390624978609
-0.562500008702     0.374999978246
-0.546875008702     0.374999979697
-0.546875007615     0.359374979697
-0.531250007252     0.359374981147
-0.531250010515     0.390624981147
-0.515625010152     0.390624982597
-0.515625009065     0.374999982597
-0.484375008702     0.374999984048
-0.484375007615     0.359374984048
-0.468750007252     0.359374985497
-0.468750010515     0.390624985497
-0.453125010152     0.390624986948
-0.453125009065     0.374999986948
-0.437500008702     0.374999988398
-0.437500007615     0.359374986948
-0.453125007615     0.359374986223
-0.453125006527     0.34374998586
-0.421875006527     0.343749988399
-0.421875005439     0.328124988036
-0.437500005439     0.328124987311
-0.437500004351     0.312499986948
-0.453125004351     0.312499986223
-0.453125004714     0.328124986223
-0.468750005076     0.328124985497
-0.468750003264     0.296874985497
-0.484375003626     0.296874984773
-0.484375003989     0.312499984773
-0.500000004351     0.312499984047
-0.500000003264     0.296874982597
-0.515625003264     0.296874981872
-0.515625002176     0.281249981509
-0.484375002176     0.281249984048
-0.484375001088     0.265624983685
-0.500000001088     0.26562498296
-0.5                0.249999982597
-0.515625           0.249999981872
-0.515625000363     0.265624981872
-0.531250000725     0.265624981147
-0.531249998913     0.234374981147
-0.546874999275     0.234374980422
-0.546874999638     0.249999980422
-0.5625             0.249999979696
-0.562500000363     0.265624979696
-0.546875000363     0.265624979697
-0.546875000725     0.281249980059
-0.578125000725     0.281249978971
-0.578125001088     0.296874979333
-0.562500001088     0.296874979334
-0.562500001451     0.312499979696
-0.578125002901     0.312499978971
-0.578125003264     0.328124978971
-0.593750003626     0.328124978247
-0.593750001813     0.296874978247
-0.609375002176     0.296874977521
-0.609375002538     0.312499977521
-0.625000002901     0.312499976796
-0.625000001813     0.296874976796
-0.640625001813     0.29687497607
-0.640625000726     0.281249975708
-0.609375000726     0.281249978246
-0.609374999637     0.265624977884
-0.624999999637     0.265624977158
-0.624999998913     0.234374976796
-0.640624998913     0.23437497607
-0.640624997825     0.218749975708
-0.609374997825     0.218749978246
-0.609374996737     0.203124977884
-0.624999996737     0.203124977158
-0.62499999565      0.187499976796
-0.6406249971       0.18749997607
-0.640624997462     0.20312497607
-0.656249997825     0.203124975346
-0.656249996012     0.171874975346
-0.671874996375     0.17187497462
-0.671874996737     0.18749997462
-0.6874999971       0.187499973895
-0.687499997462     0.203124973895
-0.671874997462     0.203124973895
-0.671874997825     0.218749974258
-0.703124997825     0.21874997317
-0.703124998188     0.234374973533
-0.687499998188     0.234374973532
-0.68749999855      0.249999973895
-0.703125           0.249999973171
-0.703125000362     0.265624973171
-0.718750000725     0.265624972445
-0.718749998913     0.234374972445
-0.734374999276     0.23437497172
-0.734374999637     0.24999997172
-0.75               0.249999970994
-0.749999998913     0.234374965193
-0.765624998913     0.234374964469
-0.765624997825     0.218749964106
-0.734374997825     0.218749966643
-0.734374996737     0.203124966281
-0.749999996737     0.203124965556
-0.74999999565      0.187499965193
-0.76562499565      0.187499964469
-0.765624996012     0.203124964469
-0.781249996375     0.203124963743
-0.781249994562     0.171874963743
-0.796874994925     0.171874963018
-0.796874995287     0.187499963018
-0.81249999565      0.187499962293
-0.812499994562     0.171874960843
-0.828124994562     0.171874960118
-0.828124993474     0.156249959755
-0.796874993474     0.156249962293
-0.796874992386     0.14062496193
-0.812499992386     0.140624961206
-0.812499991299     0.124999960843
-0.796874991299     0.124999962293
-0.796874990211     0.109374962293
-0.781249989849     0.109374963743
-0.781249993111     0.140624963743
-0.765624992748     0.140624965194
-0.765624991661     0.124999965194
-0.734374991299     0.124999966644
-0.734374990211     0.109374966644
-0.718749989848     0.109374968094
-0.718749993111     0.140624968094
-0.703124992749     0.140624969545
-0.703124991662     0.124999969545
-0.687499991299     0.124999970994
-0.687499990211     0.109374969544
-0.703124990211     0.10937496882
-0.703124989123     0.093749968457
-0.671874989123     0.093749970995
-0.671874988035     0.078124970632
-0.687499988035     0.078124969907
-0.687499986948     0.062499969544
-0.703124986948     0.06249996882
-0.70312498731      0.07812496882
-0.718749987672     0.078124968094
-0.71874998586      0.046874968094
-0.734374986223     0.046874967369
-0.734374986585     0.062499967369
-0.749999986948     0.062499966643
-0.74999998586      0.046874965193
-0.76562498586      0.046874964469
-0.765624984772     0.031249964106
-0.734374984772     0.031249966644
-0.734374983685     0.015624966281
-0.749999983685     0.015624965556
-0.749999982597     -3.48070000045e-08
-0.734374982597     -3.33560000176e-08
-0.734374981509     -0.015625033356
-0.718749981146     -0.015625031906
-0.71874998441      0.015624968094
-0.703124984048     0.015624969545
-0.70312498296      -3.04550000219e-08
-0.687499982597     -2.90059999908e-08
-0.687499981509     -0.015625029006
-0.703124981509     -0.01562502973
-0.703124980421     -0.031250030093
-0.671874980421     -0.031250027555
-0.671874979334     -0.046875027918
-0.687499979334     -0.046875028643
-0.687499978246     -0.062500029006
-0.671874976796     -0.062500027555
-0.671874975708     -0.078125027555
-0.656249975345     -0.078125026104
-0.656249978609     -0.046875026104
-0.640624978246     -0.046875024655
-0.640624977159     -0.062500024655
-0.624999976796     -0.062500023204
-0.624999978609     -0.046875023204
-0.609374978609     -0.046875021754
-0.609374980421     -0.031250021391
-0.640624980421     -0.03125002538
-0.640624982234     -0.015625025017
-0.624999982234     -0.015625023567
-0.624999984411     0.015624976796
-0.609374984411     0.015624978246
-0.609374986222     0.031249978609
-0.640624986222     0.03124997462
-0.640624988036     0.046874974983
-0.624999988036     0.046874976433
-0.624999989848     0.062499976796
-0.609374988398     0.062499978246
-0.609374987311     0.046874978246
-0.593749986948     0.046874979697
-0.593749990211     0.078124979697
-0.578124989848     0.078124981146
-0.578124988761     0.062499981146
-0.562499988398     0.062499982597
-0.562499987311     0.046874982597
-0.578124987311     0.046874981872
-0.578124986222     0.031249981509
-0.546874986222     0.031249984047
-0.546874985136     0.015624983685
-0.562499985136     0.015624982959
-0.562499984047     -1.74029999855e-08
-0.546874982597     -1.59519999987e-08
-0.546874981509     -0.015625015952
-0.531249981146     -0.015625014502
-0.53124998441      0.015624985498
-0.515624984048     0.015624986948
-0.51562498296      -1.30519999808e-08
-0.484374982597     -1.59519999987e-08
-0.484374981509     -0.015625015952
-0.468749981147     -0.015625014503
-0.46874998441      0.015624985497
-0.453124984047     0.015624986948
-0.453124982959     -1.30519999808e-08
-0.437499982597     -1.16019999719e-08
-0.437499981509     -0.015625011602
-0.453124981509     -0.015625012327
-0.453124980421     -0.03125001269
-0.421874980421     -0.031250010151
-0.421874979334     -0.046875010514
-0.437499979334     -0.046875011239
-0.437499978246     -0.062500011602
-0.421874976796     -0.062500010151
-0.421874975708     -0.078125010151
-0.406249975345     -0.078125008701
-0.406249978608     -0.046875008701
-0.390624978246     -0.046875007251
-0.390624977159     -0.062500007251
-0.374999976796     -0.0625000058
-0.374999978609     -0.0468750058
-0.359374978609     -0.04687500435
-0.359374980421     -0.031250003987
-0.390624980421     -0.031250007976
-0.390624982234     -0.015625007613
-0.374999982234     -0.015625006163
-0.374999984411     0.0156249942
-0.359374984411     0.01562499565
-0.359374986222     0.031249996013
-0.390624986222     0.031249992024
-0.390624988036     0.046874992387
-0.374999988036     0.046874993837
-0.374999989848     0.0624999942
-0.359374988398     0.06249999565
-0.359374987311     0.04687499565
-0.343749986948     0.0468749971
-0.343749990211     0.0781249971
-0.328124989848     0.07812499855
-0.328124988761     0.06249999855
-0.312499988398     0.062500000001
-0.312499987311     0.046875000001
-0.328124987311     0.046874999276
-0.328124986222     0.031249998913
-0.296874986222     0.03125000145
-0.296874985136     0.015625001088
-0.312499985136     0.015625000363
-0.312499984047     1.00003338943e-12
-0.296874982597     1.45099998683e-09
-0.296874981509     -0.015624998549
-0.281249981146     -0.015624997099
-0.281249984411     0.015625002901
-0.265624984048     0.015625004352
-0.26562498296      4.35200003812e-09
-0.249999982597     5.80199999156e-09
-0.249999981509     -0.015624999999
-0.265624981509     -0.015625000724
-0.265624980421     -0.031250001087
-0.234374980421     -0.031249998549
-0.234374979334     -0.046874998912
-0.249999979334     -0.046874999636
-0.249999978246     -0.062499999999
-0.265624978246     -0.062500000724
-0.265624978609     -0.046875000724
-0.281249978971     -0.04687500145
-0.281249977158     -0.07812500145
-0.296874977521     -0.078125002175
-0.296874977883     -0.062500002175
-0.312499978246     -0.0625000029
-0.312499977158     -0.07812500435
-0.328124977158     -0.078125005075
-0.32812497607      -0.093750005438
-0.29687497607      -0.0937500029
-0.296874974983     -0.109375003263
-0.312499974983     -0.109375003987
-0.312499973895     -0.12500000435
-0.296874973895     -0.1250000029
-0.296874972807     -0.1406250029
-0.281249972444     -0.14062500145
-0.281249975708     -0.10937500145
-0.265624975346     -0.109374999999
-0.265624974258     -0.124999999999
-0.234374973895     -0.124999998549
-0.234374972807     -0.140624998549
-0.218749972444     -0.140624997099
-0.218749975708     -0.109374997099
-0.203124975346     -0.109374995648
-0.203124974258     -0.124999995648
-0.187499973895     -0.124999994199
-0.187499972807     -0.140624995649
-0.203124972807     -0.140624996373
-0.20312497172      -0.156249996736
-0.17187497172      -0.156249994198
-0.171874970632     -0.171874994561
-0.187499970632     -0.171874995286
-0.187499969544     -0.187499995649
-0.203124969544     -0.187499996373
-0.203124969907     -0.171874996373
-0.218749970269     -0.171874997099
-0.218749968456     -0.203124997099
-0.234374968818     -0.203124997824
-0.234374969182     -0.187499997824
-0.249999969544     -0.187499998549
-0.249999968456     -0.203124999999
-0.265624968456     -0.203125000724
-0.265624967369     -0.218750001087
-0.234374967369     -0.218749998549
-0.234374966281     -0.234374998912
-0.249999966281     -0.234374999636
-0.249999965193     -0.249999999999
-0.265624965193     -0.250000000724
-0.265624965556     -0.234375000724
-0.281249965918     -0.23437500145
-0.281249964105     -0.26562500145
-0.296874964468     -0.265625002175
-0.29687496483      -0.250000002175
-0.312499965193     -0.2500000029
-0.312499965556     -0.2343750029
-0.296874965556     -0.2343750029
-0.296874965919     -0.218750002538
-0.328124965919     -0.218750003625
-0.32812496628      -0.203125003263
-0.31249996628      -0.203125003262
-0.312499966643     -0.1875000029
-0.328124968094     -0.187500003625
-0.328124968457     -0.171875003625
-0.343749968819     -0.17187500435
-0.343749967006     -0.20312500435
-0.359374967368     -0.203125005075
-0.359374967731     -0.187500005075
-0.374999968094     -0.1875000058
-0.374999967005     -0.2031250058
-0.390624967005     -0.203125006526
-0.390624965919     -0.218750006888
-0.359374965919     -0.21875000435
-0.35937496483      -0.234375004712
-0.37499996483      -0.234375005438
-0.374999964105     -0.2656250058
-0.390624964105     -0.265625006526
-0.390624963018     -0.281250006888
-0.359374963018     -0.28125000435
-0.35937496193      -0.296875004712
-0.37499996193      -0.296875005438
-0.374999960842     -0.3125000058
-0.390624962292     -0.312500006526
-0.390624962655     -0.296875006526
-0.406249963018     -0.296875007251
-0.406249961205     -0.328125007251
-0.421874961568     -0.328125007976
-0.421874961929     -0.312500007976
-0.437499962292     -0.312500008701
-0.437499962655     -0.296875008701
-0.421874962655     -0.296875008701
-0.421874963018     -0.281250008338
-0.453124963018     -0.281250009426
-0.453124963381     -0.265625009064
-0.437499963381     -0.265625009064
-0.437499963743     -0.250000008701
-0.453124965193     -0.250000009426
-0.453124965555     -0.234375009426
-0.468749965918     -0.234375010152
-0.468749964106     -0.265625010152
-0.484374964469     -0.265625010876
-0.48437496483      -0.250000010876
-0.499999965193     -0.250000011602
-0.499999964105     -0.265625017403
-0.515624964106     -0.265625018128
-0.515624963018     -0.281250018491
-0.484374963018     -0.281250015952
-0.48437496193      -0.296875016315
-0.49999996193      -0.29687501704
-0.499999960842     -0.312500017403
-0.515624960842     -0.312500018128
-0.515624961205     -0.296875018128
-0.531249961568     -0.296875018853
-0.531249959755     -0.328125018853
-0.546874960117     -0.328125019578
-0.54687496048      -0.312500019578
-0.562499960842     -0.312500020304
-0.562499959755     -0.328125021754
-0.578124959755     -0.328125022479
-0.578124958667     -0.343750022842
-0.546874958667     -0.343750020303
-0.546874957579     -0.359375020666
-0.562499957579     -0.359375021391
-0.562499956491     -0.375000021754
-0.546874956491     -0.375000020303
-0.546874955404     -0.390625020303
-0.531249955041     -0.390625018853
-0.531249958304     -0.359375018853
-0.515624957942     -0.359375017403
-0.515624956854     -0.375000017403
-0.484374956491     -0.375000015952
-0.484374955404     -0.390625015952
-0.468749955041     -0.390625014503
-0.468749958304     -0.359375014503
-0.453124957942     -0.359375013052
-0.453124956854     -0.375000013052
-0.437499956491     -0.375000011602
-0.437499955404     -0.390625013052
-0.453124955404     -0.390625013777
-0.453124954316     -0.40625001414
-0.421874954316     -0.406250011601
-0.421874953228     -0.421875011964
-0.437499953228     -0.421875012689
-0.437499952141     -0.437500013052
-0.453124952141     -0.437500013777
-0.453124952503     -0.421875013777
-0.468749952866     -0.421875014503
-0.468749951053     -0.453125014503
-0.484374951415     -0.453125015227
-0.484374951778     -0.437500015227
-0.499999952141     -0.437500015953
-0.499999951053     -0.453125017403
-0.515624951053     -0.453125018128
-0.515624949965     -0.468750018491
-0.484374949965     -0.468750015952
-0.484374948877     -0.484375016315
-0.499999948877     -0.48437501704
-0.49999994779      -0.500000017403
-0.484374970994     -0.500000027557
-0.484374969906     -0.515625027557
-0.468749969544     -0.515625026106
-0.468749972807     -0.484375026106
-0.453124972444     -0.484375024656
-0.453124971356     -0.500000024656
-0.437499970994     -0.500000023206
-0.437499969906     -0.515625023206
-0.453124969906     -0.515625023931
-0.453124968819     -0.531250024293
-0.421874968819     -0.531250021755
-0.421874967731     -0.546875022118
-0.437499967731     -0.546875022843
-0.437499966643     -0.562500023206
-0.421874965193     -0.562500021755
-0.421874964105     -0.578125021755
-0.406249963742     -0.578125020305
-0.406249967006     -0.546875020305
-0.390624966643     -0.546875018855
-0.390624965556     -0.562500018855
-0.374999965193     -0.562500017405
-0.374999967006     -0.546875017405
-0.359374967006     -0.546875015954
-0.359374968818     -0.531250015592
-0.390624968818     -0.53125001958
-0.390624970632     -0.515625019217
-0.374999970632     -0.515625017767
-0.374999972807     -0.484375017405
-0.359374972807     -0.484375015954
-0.35937497462      -0.468750015592
-0.39062497462      -0.46875001958
-0.390624976433     -0.453125019217
-0.374999976433     -0.453125017767
-0.374999978245     -0.437500017405
-0.359374976795     -0.437500015954
-0.359374975708     -0.453125015954
-0.343749975345     -0.453125014504
-0.343749978609     -0.421875014504
-0.328124978246     -0.421875013054
-0.328124977158     -0.437500013054
-0.312499976795     -0.437500011603
-0.312499975708     -0.453125011603
-0.328124975708     -0.453125012328
-0.32812497462      -0.468750012691
-0.29687497462      -0.468750010153
-0.296874973532     -0.484375010515
-0.312499973532     -0.484375011241
-0.312499972444     -0.500000011603
-0.296874970994     -0.500000010153
-0.296874969907     -0.515625010153
-0.281249969544     -0.515625008703
-0.281249972807     -0.484375008703
-0.265624972444     -0.484375007252
-0.265624971357     -0.500000007252
-0.249999970994     -0.500000005802
-0.249999969907     -0.515625005802
-0.265624969907     -0.515625006527
-0.265624968818     -0.53125000689
-0.234374968818     -0.531250004352
-0.234374967731     -0.546875004714
-0.249999967731     -0.546875005439
-0.249999966643     -0.562500005802
-0.265624966643     -0.562500006527
-0.265624967006     -0.546875006527
-0.281249967368     -0.546875007252
-0.281249965555     -0.578125007252
-0.296874965917     -0.578125007977
-0.296874966281     -0.562500007977
-0.312499966643     -0.562500008703
-0.312499965555     -0.578125010153
-0.328124965555     -0.578125010878
-0.328124964468     -0.593750011241
-0.296874964468     -0.593750008703
-0.29687496338      -0.609375009065
-0.31249996338      -0.60937500979
-0.312499962292     -0.625000010153
-0.296874962292     -0.625000008702
-0.296874961204     -0.640625008702
-0.281249960842     -0.640625007253
-0.281249964105     -0.609375007253
-0.265624963743     -0.609375005801
-0.265624962654     -0.625000005801
-0.234374962292     -0.625000004352
-0.234374961204     -0.640625004352
-0.218749960842     -0.640625002901
-0.218749964105     -0.609375002901
-0.203124963743     -0.609375001451
-0.203124962654     -0.625000001451
-0.187499962292     -0.625000000001
-0.187499961204     -0.640625001451
-0.203124961204     -0.640625002176
-0.203124960117     -0.656250002539
-0.171874960117     -0.65625
-0.171874959029     -0.671875000363
-0.187499959029     -0.671875001088
-0.187499957941     -0.687500001451
-0.203124957941     -0.687500002176
-0.203124958304     -0.671875002176
-0.218749958667     -0.671875002901
-0.218749956853     -0.703125002901
-0.234374957216     -0.703125003627
-0.234374957578     -0.687500003627
-0.249999957941     -0.687500004352
-0.249999956854     -0.703125005802
-0.265624956854     -0.703125006526
-0.265624955766     -0.718750006889
-0.234374955766     -0.718750004352
-0.234374954678     -0.734375004715
-0.249999954678     -0.734375005439
-0.24999995359      -0.750000005802
-0.234374947789     -0.750000004352
-0.234374946702     -0.765625004352
-0.218749946339     -0.765625002901
-0.218749949601     -0.734375002901
-0.203124949239     -0.734375001451
-0.203124948152     -0.750000001451
-0.187499947789     -0.750000000001
-0.187499946702     -0.765625000001
-0.203124946702     -0.765625000726
-0.203124945613     -0.781250001089
-0.171874945613     -0.78124999855
-0.171874944526     -0.796874998913
-0.187499944526     -0.796874999638
-0.187499943438     -0.812500000001
-0.171874941988     -0.81249999855
-0.1718749409       -0.82812499855
-0.156249940537     -0.8281249971
-0.156249943801     -0.7968749971
-0.140624943438     -0.79687499565
-0.140624942351     -0.81249999565
-0.124999941988     -0.812499994199
-0.124999943801     -0.796874994199
-0.109374943801     -0.796874992749
-0.109374945613     -0.781249992387
-0.140624945613     -0.781249996375
-0.140624947427     -0.765624996012
-0.124999947427     -0.765624994561
-0.124999949602     -0.734374994199
-0.109374949602     -0.734374992749
-0.109374951415     -0.718749992386
-0.140624951415     -0.718749996375
-0.140624953228     -0.703124996013
-0.124999953228     -0.703124994562
-0.12499995504      -0.687499994199
-0.10937495359      -0.687499992749
-0.109374952503     -0.703124992749
-0.09374995214      -0.703124991299
-0.093749955404     -0.671874991299
-0.078124955041     -0.671874989848
-0.078124953953     -0.687499989848
-0.06249995359      -0.687499988398
-0.062499952503     -0.703124988398
-0.078124952503     -0.703124989123
-0.078124951415     -0.718749989485
-0.046874951415     -0.718749986948
-0.046874950327     -0.734374987311
-0.062499950327     -0.734374988035
-0.062499949239     -0.749999988398
-0.046874947789     -0.749999986948
-0.046874946702     -0.765624986948
-0.031249946339     -0.765624985497
-0.031249949602     -0.734374985497
-0.015624949239     -0.734374984047
-0.015624948152     -0.749999984047
5.22110000234e-08   -0.749999982597
5.039799994e-08     -0.734374982597
0.015625050398      -0.734374981147
0.015625048585      -0.718749980784
-0.015624951415     -0.718749984772
-0.015624953228     -0.70312498441
4.67719999953e-08   -0.70312498296
4.49600000008e-08   -0.687499982597
0.01562504496       -0.687499981147
0.015625046047      -0.703124981147
0.03125004641       -0.703124979696
0.031250043146      -0.671874979696
0.046875043509      -0.671874978246
0.046875044597      -0.687499978246
0.06250004496       -0.687499976796
0.062500043146      -0.671874975346
0.078125043146      -0.671874973895
0.078125041333      -0.656249973532
0.046875041333      -0.656249977521
0.046875039521      -0.640624977158
0.062500039521      -0.640624975709
0.062500037708      -0.624999975346
0.046875037708      -0.624999977521
0.046875035895      -0.609374977521
0.031250035532      -0.609374979696
0.031250040246      -0.640624979696
0.015625039883      -0.640624981872
0.015625038071      -0.624999981872
-0.015624962292     -0.624999984773
-0.015624964105     -0.609374984773
-0.031249964468     -0.609374986947
-0.031249959754     -0.640624986947
-0.046874960117     -0.640624989124
-0.046874961929     -0.624999989124
-0.062499962292     -0.624999991298
-0.062499964105     -0.609374989848
-0.046874964105     -0.609374988399
-0.046874965918     -0.593749988036
-0.078124965918     -0.593749992024
-0.07812496773      -0.578124991661
-0.06249996773      -0.578124990211
-0.062499969544     -0.562499989848
-0.046874969544     -0.562499988399
-0.046874968456     -0.578124988399
-0.031249968093     -0.578124986948
-0.031249971356     -0.546874986948
-0.015624970994     -0.546874985498
-0.015624969906     -0.562499985498
3.04559999997e-08   -0.562499984047
2.86429999719e-08   -0.546874982597
0.015625028643      -0.546874981147
0.015625026831      -0.531249980784
-0.015624973169     -0.531249984773
-0.015624974983     -0.51562498441
2.50169999716e-08   -0.51562498296
2.71930000184e-08   -0.484374982597
0.015625027193      -0.484374981147
0.01562502538       -0.468749980784
-0.01562497462      -0.468749984772
-0.015624976433     -0.45312498441
2.35670000182e-08   -0.453124982959
2.17549999681e-08   -0.437499982597
0.015625021755      -0.437499981146
0.015625022842      -0.453124981146
0.031250023205      -0.453124979696
0.031250019941      -0.421874979696
0.046875020304      -0.421874978246
0.046875021392      -0.437499978246
0.062500021755      -0.437499976796
0.062500019941      -0.421874975345
0.078125019941      -0.421874973895
0.078125018128      -0.406249973532
0.046875018128      -0.406249977521
0.046875016316      -0.390624977158
0.062500016316      -0.390624975709
0.062500014502      -0.374999975346
0.046875014502      -0.374999977521
0.04687501269       -0.359374977521
0.031250012327      -0.359374979696
0.031250017041      -0.390624979696
0.015625016678      -0.390624981872
0.015625014865      -0.374999981872
-0.015624985498     -0.374999984773
-0.01562498731      -0.359374984773
-0.031249987673     -0.359374986947
-0.031249982959     -0.390624986947
-0.046874983322     -0.390624989124
-0.046874985135     -0.374999989124
-0.062499985498     -0.374999991298
-0.06249998731      -0.359374989848
-0.04687498731      -0.359374988399
-0.046874989123     -0.343749988036
-0.078124989123     -0.343749992024
-0.078124990935     -0.328124991661
-0.062499990935     -0.328124990211
-0.062499992749     -0.312499989848
-0.046874992749     -0.312499988399
-0.046874991661     -0.328124988399
-0.031249991298     -0.328124986947
-0.031249994561     -0.296874986947
-0.015624994199     -0.296874985498
-0.015624993111     -0.312499985498
7.25099996712e-09   -0.312499984047
5.43799999475e-09   -0.296874982597
0.015625005438      -0.296874981147
0.015625003626      -0.281249980784
-0.015624996374     -0.281249984773
-0.015624998188     -0.26562498441
1.81199999449e-09   -0.26562498296
0.0                 -0.249999982597
0.015625005801      -0.249999981147
0.015625006888      -0.265624981147
0.031250007251      -0.265624979696
0.031250003988      -0.234374979696
0.046875004351      -0.234374978246
0.046875005438      -0.249999978246
0.062500005801      -0.249999976796
0.062500006888      -0.265624976796
0.046875006888      -0.265624977521
0.046875007977      -0.281249977883
0.078125007977      -0.281249975345
0.078125009064      -0.296874975708
0.062500009064      -0.296874976433
0.062500010152      -0.312499976796
0.078125011602      -0.312499975345
0.07812501269       -0.328124975345
0.093750013053      -0.328124973895
0.093750009789      -0.296874973895
0.109375010152      -0.296874972445
0.109375011239      -0.312499972445
0.125000011602      -0.312499970994
0.125000009789      -0.296874970994
0.140625009789      -0.296874969544
0.140625007977      -0.281249969181
0.109375007977      -0.28124997317
0.109375006163      -0.265624972808
0.125000006163      -0.265624971357
0.125000003988      -0.234374970994
0.140625003988      -0.234374969544
0.140625002175      -0.218749969181
0.109375002175      -0.21874997317
0.109375000362      -0.203124972808
0.125000000362      -0.203124971357
0.12499999855       -0.187499970994
0.140625            -0.187499969544
0.140625001087      -0.203124969544
0.15625000145       -0.203124968094
0.156249998186      -0.171874968094
0.171874998549      -0.171874966643
0.171874999637      -0.187499966643
0.1875              -0.187499965193
0.187500001087      -0.203124965193
0.171875001087      -0.203124965918
0.171875002175      -0.21874996628
0.203125002175      -0.218749963743
0.203125003263      -0.234374964105
0.187500003263      -0.234374964831
0.187500004351      -0.249999965193
0.203125005801      -0.249999963743
0.203125006888      -0.265624963743
0.218750007251      -0.265624962292
0.218750003988      -0.234374962292
0.234375004351      -0.234374960842
0.234375005438      -0.249999960842
0.250000005801      -0.249999959392
0.250000006888      -0.265624959392
0.234375006888      -0.265624960117
0.234375007977      -0.281249960479
0.265625007977      -0.281249957941
0.265625009064      -0.296874958304
0.250000009064      -0.296874959029
0.250000010152      -0.312499959392
0.234375010152      -0.312499960117
0.234375009789      -0.296874960117
0.218750009427      -0.296874960842
0.21875001124       -0.328124960842
0.203125010878      -0.328124961567
0.203125010514      -0.312499961567
0.187500010152      -0.312499962292
0.18750001124       -0.328124963743
0.17187501124       -0.328124964468
0.171875012327      -0.34374996483
0.203125012327      -0.343749962293
0.203125013415      -0.359374962655
0.187500013415      -0.35937496338
0.187500014502      -0.374999963743
0.203125014502      -0.374999962292
0.203125015591      -0.390624962292
0.218750015953      -0.390624960842
0.21875001269       -0.359374960842
0.234375013052      -0.359374959391
0.23437501414       -0.374999959391
0.265625014502      -0.374999957941
0.265625015591      -0.390624957941
0.281250015953      -0.390624956491
0.28125001269       -0.359374956491
0.296875013052      -0.359374955041
0.29687501414       -0.374999955041
0.312500014502      -0.37499995359
0.312500015591      -0.39062495504
0.296875015591      -0.390624955766
0.296875016678      -0.406249956129
0.328125016678      -0.40624995359
0.328125017766      -0.421874953953
0.312500017766      -0.421874954678
0.312500018854      -0.437499955041
0.296875018854      -0.437499955766
0.296875018491      -0.421874955766
0.281250018128      -0.421874956491
0.281250019941      -0.453124956491
0.265625019579      -0.453124957216
0.265625019217      -0.437499957216
0.250000018854      -0.437499957942
0.250000019941      -0.453124959392
0.234375019941      -0.453124960116
0.234375021029      -0.468749960479
0.265625021029      -0.468749957941
0.265625022117      -0.484374958304
0.250000022117      -0.484374959029
0.250000023205      -0.499999959392
0.265625029006      -0.499999957941
0.265625030093      -0.515624957941
0.281250030456      -0.515624956491
0.281250027193      -0.484374956491
0.296875027556      -0.484374955041
0.296875028643      -0.499999955041
0.312500029006      -0.49999995359
0.312500030093      -0.51562495359
0.296875030093      -0.515624954316
0.296875031182      -0.531249954678
0.328125031182      -0.53124995214
0.328125032269      -0.546874952503
0.312500032269      -0.546874953228
0.312500033357      -0.56249995359
0.328125034807      -0.56249995214
0.328125035895      -0.57812495214
0.343750036258      -0.57812495069
0.343750032994      -0.54687495069
0.359375033357      -0.546874949239
0.359375034444      -0.562499949239
0.375000034807      -0.562499947789
0.375000032994      -0.546874947789
0.390625032994      -0.546874946339
0.390625031182      -0.531249945976
0.359375031182      -0.531249949965
0.359375029368      -0.515624949602
0.375000029368      -0.515624948152
0.375000027193      -0.484374947789
0.390625027193      -0.484374946339
0.39062502538       -0.468749945976
0.35937502538       -0.468749949965
0.359375023567      -0.453124949602
0.375000023567      -0.453124948152
0.375000021755      -0.437499947789
0.390625023205      -0.437499946339
0.390625024292      -0.453124946339
0.406250024655      -0.453124944889
0.406250021391      -0.421874944889
0.421875021754      -0.421874943438
0.421875022842      -0.437499943438
0.437500023205      -0.437499941988
0.437500024292      -0.453124941988
0.421875024292      -0.453124942713
0.42187502538       -0.468749943076
0.45312502538       -0.468749940538
0.453125026468      -0.4843749409
0.437500026468      -0.484374941626
0.437500027556      -0.499999941988
0.453125029006      -0.499999940538
0.453125030093      -0.515624940538
0.468750030456      -0.515624939087
0.468750027193      -0.484374939087
0.484375027556      -0.484374937637
0.484375028643      -0.499999937637
0.500000029006      -0.499999936187
0.500000038796      -0.484374959391
0.515625038796      -0.484374957941
0.515625036983      -0.468749957578
0.484375036983      -0.468749961566
0.48437503517       -0.453124961204
0.50000003517       -0.453124959753
0.500000033357      -0.437499959391
0.515625033358      -0.437499957941
0.515625034445      -0.453124957941
0.531250034808      -0.45312495649
0.531250031545      -0.42187495649
0.546875031907      -0.42187495504
0.546875032995      -0.43749995504
0.562500033358      -0.43749995359
0.562500031545      -0.421874952139
0.578125031545      -0.421874950689
0.578125029732      -0.406249950327
0.546875029732      -0.406249954315
0.546875027919      -0.390624953952
0.562500027919      -0.390624952502
0.562500026106      -0.374999952139
0.546875026106      -0.374999954315
0.546875024293      -0.359374954315
0.531250023931      -0.35937495649
0.531250028644      -0.39062495649
0.515625028281      -0.390624958666
0.515625026468      -0.374999958666
0.484375026106      -0.374999961567
0.484375024293      -0.359374961567
0.468750023931      -0.359374963742
0.468750028644      -0.390624963742
0.453125028281      -0.390624965918
0.453125026468      -0.374999965918
0.437500026106      -0.374999968093
0.437500024293      -0.359374966643
0.453125024293      -0.359374965193
0.45312502248       -0.34374996483
0.42187502248       -0.343749968818
0.421875020667      -0.328124968455
0.437500020667      -0.328124967006
0.437500018854      -0.312499966643
0.453125018854      -0.312499965193
0.453125019942      -0.328124965193
0.468750020305      -0.328124963742
0.468750017042      -0.296874963742
0.484375017404      -0.296874962292
0.484375018492      -0.312499962292
0.500000018854      -0.312499960841
0.500000017042      -0.296874959391
0.515625017042      -0.296874957941
0.515625015229      -0.281249957578
0.484375015229      -0.281249961567
0.484375013416      -0.265624961204
0.500000013416      -0.265624959754
0.500000011603      -0.249999959391
0.515625011603      -0.249999957941
0.515625012691      -0.265624957941
0.531250013053      -0.26562495649
0.53125000979       -0.23437495649
0.546875010153      -0.23437495504
0.54687501124       -0.24999995504
0.562500011603      -0.249999953589
0.562500012691      -0.265624953589
0.546875012691      -0.265624954315
0.546875013778      -0.281249954677
0.578125013778      -0.28124995214
0.578125014866      -0.296874952502
0.562500014866      -0.296874953227
0.562500015954      -0.312499953589
0.578125017404      -0.31249995214
0.578125018492      -0.32812495214
0.593750018854      -0.32812495069
0.593750015591      -0.29687495069
0.609375015954      -0.296874949239
0.609375017041      -0.312499949239
0.625000017404      -0.312499947789
0.625000015591      -0.296874947789
0.640625015591      -0.296874946338
0.640625013779      -0.281249945976
0.609375013779      -0.281249949964
0.609375011965      -0.265624949602
0.625000011965      -0.265624948151
0.62500000979       -0.234374947789
0.64062500979       -0.234374946338
0.640625007977      -0.218749945976
0.609375007977      -0.218749949964
0.609375006164      -0.203124949602
0.625000006164      -0.203124948151
0.625000004351      -0.187499947789
0.640625005801      -0.187499946338
0.640625006889      -0.203124946338
0.656250007252      -0.203124944888
0.656250003988      -0.171874944888
0.671875004351      -0.171874943437
0.671875005438      -0.187499943437
0.687500005801      -0.187499941987
0.687500006889      -0.203124941987
0.671875006889      -0.203124942712
0.671875007977      -0.218749943075
0.703125007977      -0.218749940536
0.703125009065      -0.234374940899
0.687500009065      -0.234374941624
0.687500010153      -0.249999941987
0.703125011603      -0.249999940537
0.70312501269       -0.265624940537
0.718750013053      -0.265624939086
0.71875000979       -0.234374939086
0.734375010153      -0.234374937637
0.73437501124       -0.249999937637
0.750000011603      -0.249999936186
0.75000000979       -0.234374930385
0.76562500979       -0.234374928935
0.765625007977      -0.218749928572
0.734375007977      -0.21874993256
0.734375006164      -0.203124932198
0.750000006164      -0.203124930748
0.750000004351      -0.187499930385
0.765625004351      -0.187499928935
0.765625005439      -0.203124928935
0.781250005802      -0.203124927484
0.781250002538      -0.171874927484
0.796875002901      -0.171874926034
0.796875003988      -0.187499926034
0.812500004351      -0.187499924583
0.812500002538      -0.171874923133
0.828125002538      -0.171874921683
0.828125000726      -0.15624992132
0.796875000726      -0.156249925309
0.796874998913      -0.140624924946
0.812499998913      -0.140624923496
0.8124999971        -0.124999923133
0.7968749971        -0.124999925309
0.796874995287      -0.109374925309
0.781249994925      -0.109374927484
0.781249999638      -0.140624927484
0.765624999275      -0.14062492966
0.765624997462      -0.12499992966
0.7343749971        -0.124999932561
0.734374995287      -0.109374932561
0.718749994924      -0.109374934735
0.718749999638      -0.140624934735
0.703124999276      -0.140624936911
0.703124997463      -0.124999936911
0.6874999971        -0.124999939086
0.687499995287      -0.109374937636
0.703124995287      -0.109374936186
0.703124993474      -0.093749935823
0.671874993474      -0.093749939812
0.671874991661      -0.078124939449
0.687499991661      -0.078124937999
0.687499989848      -0.062499937636
0.703124989848      -0.062499936186
0.703124990936      -0.078124936186
0.718749991298      -0.078124934735
0.718749988035      -0.046874934735
0.734374988398      -0.046874933286
0.734374989485      -0.062499933286
0.749999989848      -0.062499931835
0.749999988035      -0.046874930385
0.765624988035      -0.046874928935
0.765624986223      -0.031249928572
0.734374986223      -0.031249932561
0.73437498441       -0.015624932198
0.74999998441       -0.015624930748
0.749999982597      6.96150000423e-08
0.734374982597      6.74389999955e-08
0.734374980784      0.015625067439
0.718749980421      0.015625065265
0.718749985135      -0.015624934735
0.703124984773      -0.015624936911
0.70312498296       6.30889999687e-08
0.687499982597      6.09140000107e-08
0.687499980784      0.015625060914
0.703124980784      0.015625062364
0.703124978971      0.031250062727
0.671874978971      0.031250058738
0.671874977158      0.046875059101
0.687499977158      0.046875060551
0.687499975345      0.062500060914
0.671874973895      0.062500058738
0.671874972082      0.078125058738
0.656249971719      0.078125056562
0.656249976433      0.046875056562
0.64062497607       0.046875054387
0.640624974258      0.062500054387
0.624999973895      0.062500052211
0.624999976433      0.046875052211
0.609374976433      0.046875050036
0.609374978971      0.031250049673
0.640624978971      0.031250055112
0.640624981509      0.015625054749
0.624999981509      0.015625052574
0.624999985136      -0.015624947789
0.609374985136      -0.015624949964
0.609374987673      -0.031249950327
0.640624987673      -0.031249944888
0.640624990211      -0.046874945251
0.624999990211      -0.046874947426
0.624999992748      -0.062499947789
0.609374991298      -0.062499949964
0.609374989486      -0.046874949964
0.593749989123      -0.04687495214
0.593749993837      -0.07812495214
0.578124993474      -0.078124954315
0.578124991661      -0.062499954315
0.562499991298      -0.06249995649
0.562499989486      -0.04687495649
0.578124989486      -0.046874955041
0.578124987673      -0.031249954678
0.546874987673      -0.031249958665
0.546874985861      -0.015624958303
0.562499985861      -0.015624956852
0.562499984047      4.35099999918e-08
0.546874982597      4.1333999945e-08
0.546874980784      0.015625041334
0.531249980421      0.015625039159
0.531249985136      -0.015624960841
0.515624984773      -0.015624963017
0.51562498296       3.69829999958e-08
0.484374982597      3.84330000047e-08
0.484374980784      0.015625038433
0.468749980421      0.015625036258
0.468749985135      -0.015624963742
0.453124984772      -0.015624965918
0.453124982959      3.4082e-08
0.437499982597      3.19069999866e-08
0.437499980784      0.015625031907
0.453124980784      0.015625033357
0.453124978971      0.03125003372
0.421874978971      0.031250029732
0.421874977158      0.046875030095
0.437499977158      0.046875031544
0.437499975345      0.062500031907
0.421874973895      0.062500029732
0.421874972082      0.078125029732
0.406249971719      0.078125027556
0.406249976433      0.046875027556
0.39062497607       0.046875025381
0.390624974258      0.062500025381
0.374999973895      0.062500023205
0.374999976433      0.046875023205
0.359374976433      0.04687502103
0.359374978971      0.031250020667
0.390624978971      0.031250026106
0.390624981509      0.015625025743
0.374999981509      0.015625023568
0.374999985136      -0.015624976795
0.359374985136      -0.01562497897
0.359374987673      -0.031249979333
0.390624987673      -0.031249973894
0.390624990211      -0.046874974257
0.374999990211      -0.046874976432
0.374999992748      -0.062499976795
0.359374991298      -0.06249997897
0.359374989486      -0.04687497897
0.343749989123      -0.046874981146
0.343749993837      -0.078124981146
0.328124993474      -0.078124983321
0.328124991661      -0.062499983321
0.312499991298      -0.062499985497
0.312499989486      -0.046874985497
0.328124989486      -0.046874984047
0.328124987673      -0.031249983684
0.296874987673      -0.031249987672
0.296874985861      -0.01562498731
0.312499985861      -0.015624985859
0.312499984047      1.45030000231e-08
0.296874982597      1.23269999763e-08
0.296874980784      0.015625012327
0.281249980421      0.015625010152
0.281249985136      -0.015624989848
0.265624984773      -0.015624992023
0.26562498296       7.97700000499e-09
0.249999982597      5.80199999156e-09
0.249999980784      0.015625011603
0.265624980784      0.015625013053
0.265624978971      0.031250013416
0.234374978971      0.031250009427
0.234374977158      0.04687500979
0.249999977158      0.04687501124
0.249999975345      0.062500011603
0.265624975345      0.062500013053
0.265624976433      0.046875013053
0.281249976795      0.046875014503
0.281249973532      0.078125014503
0.296874973895      0.078125015953
0.296874974982      0.062500015953
0.312499975345      0.062500017404
0.312499973532      0.078125018854
0.328124973532      0.078125020304
0.328124971719      0.093750020667
0.296874971719      0.093750016678
0.296874969907      0.109375017041
0.312499969907      0.109375018491
0.312499968094      0.125000018854
0.296874968094      0.125000016678
0.296874966281      0.140625016678
0.281249965918      0.140625014503
0.281249970632      0.109375014503
0.26562497027       0.109375012328
0.265624968457      0.125000012328
0.234374968094      0.125000009427
0.234374966281      0.140625009427
0.218749965918      0.140625007252
0.218749970632      0.109375007252
0.20312497027       0.109375005076
0.203124968457      0.125000005076
0.187499968094      0.125000002901
0.187499966281      0.140625004351
0.203124966281      0.140625005801
0.203124964468      0.156250006164
0.171874964468      0.156250002175
0.171874962655      0.171875002538
0.187499962655      0.171875003988
0.187499960842      0.187500004351
0.203124960842      0.187500005801
0.20312496193       0.171875005801
0.218749962292      0.171875007252
0.218749959029      0.203125007252
0.234374959391      0.203125008702
0.23437496048       0.187500008702
0.249999960842      0.187500010153
0.249999959029      0.203125011603
0.265624959029      0.203125013053
0.265624957216      0.218750013416
0.234374957216      0.218750009427
0.234374955403      0.23437500979
0.249999955403      0.23437501124
0.249999953591      0.250000011603
0.265624953591      0.250000013053
0.265624954678      0.234375013053
0.28124995504       0.234375014503
0.281249951778      0.265625014503
0.296874952141      0.265625015953
0.296874953228      0.250000015953
0.312499953591      0.250000017404
0.312499954678      0.234375017404
0.296874954678      0.234375016678
0.296874955766      0.218750016316
0.328124955766      0.218750018854
0.328124956853      0.203125018492
0.312499956853      0.203125017766
0.312499957941      0.187500017404
0.328124959392      0.187500018854
0.32812496048       0.171875018854
0.343749960842      0.171875020304
0.343749957579      0.203125020304
0.359374957941      0.203125021755
0.359374959029      0.187500021755
0.374999959392      0.187500023205
0.374999957578      0.203125023205
0.390624957578      0.203125024656
0.390624955766      0.218750025018
0.359374955766      0.21875002103
0.359374953952      0.234375021392
0.374999953952      0.234375022843
0.374999951778      0.265625023205
0.390624951778      0.265625024656
0.390624949965      0.281250025018
0.359374949965      0.28125002103
0.359374948152      0.296875021392
0.374999948152      0.296875022843
0.374999946339      0.312500023205
0.390624947789      0.312500024656
0.390624948877      0.296875024656
0.40624994924       0.296875026106
0.406249945976      0.328125026106
0.421874946339      0.328125027557
0.421874947426      0.312500027557
0.437499947789      0.312500029006
0.437499948877      0.296875029006
0.421874948877      0.296875028282
0.421874949965      0.281250027919
0.453124949965      0.281250030456
0.453124951053      0.265625030094
0.437499951053      0.265625029369
0.437499952141      0.250000029006
0.453124953591      0.250000030456
0.453124954678      0.234375030456
0.468749955041      0.234375031907
0.468749951778      0.265625031907
0.484374952141      0.265625033357
0.484374953228      0.250000033357
0.499999953591      0.250000034808
0.499999951778      0.265625040609
0.515624951778      0.265625042059
0.515624949965      0.281250042422
0.484374949965      0.281250038433
0.484374948152      0.296875038796
0.499999948152      0.296875040246
0.499999946339      0.312500040609
0.515624946339      0.312500042059
0.515624947427      0.296875042059
0.53124994779       0.29687504351
0.531249944526      0.32812504351
0.546874944889      0.32812504496
0.546874945977      0.31250004496
0.562499946339      0.312500046411
0.562499944526      0.328125047861
0.578124944526      0.32812504931
0.578124942713      0.343750049673
0.546874942713      0.343750045685
0.5468749409        0.359375046048
0.5624999409        0.359375047498
0.562499939088      0.375000047861
0.546874939088      0.375000045685
0.546874937275      0.390625045685
0.531249936912      0.39062504351
0.531249941625      0.35937504351
0.515624941263      0.359375041334
0.51562493945       0.375000041334
0.484374939088      0.375000038433
0.484374937275      0.390625038433
0.468749936912      0.390625036258
0.468749941625      0.359375036258
0.453124941263      0.359375034082
0.45312493945       0.375000034082
0.437499939088      0.375000031907
0.437499937275      0.390625033357
0.453124937275      0.390625034807
0.453124935462      0.40625003517
0.421874935462      0.406250031182
0.421874933649      0.421875031545
0.437499933649      0.421875032994
0.437499931836      0.437500033357
0.453124931836      0.437500034807
0.453124932924      0.421875034807
0.468749933286      0.421875036258
0.468749930023      0.453125036258
0.484374930386      0.453125037708
0.484374931474      0.437500037708
0.499999931836      0.437500039159
0.499999930023      0.453125040609
0.515624930023      0.453125042059
0.51562492821       0.468750042422
0.48437492821       0.468750038433
0.484374926397      0.484375038796
0.499999926397      0.484375040246
0.499999924584      0.500000040609
0.484374994199      0.500000005077
