0.487654318755      0.288675138463
0.481481479414      0.29936681021
0.475308639908      0.288675138368
0.46296296073       0.288675138463
0.456790121389      0.29936681021
0.462962961226      0.310058481671
0.450617282048      0.310058481766
0.444444442708      0.320750153704
0.438271602871      0.310058481671
0.425925923858      0.310058481671
0.432098763695      0.299366810019
0.425925924189      0.288675138177
0.413580244681      0.288675138463
0.40740740534       0.29936681021
0.401234565834      0.288675138368
0.388888886656      0.288675138463
0.382716047315      0.29936681021
0.388888887152      0.310058481671
0.376543207974      0.310058481766
0.370370368634      0.320750153704
0.376543208471      0.331441825165
0.388888887483      0.331441824592
0.382716048142      0.34213349653
0.388888888145      0.352825168086
0.376543208636      0.352825168373
0.370370369295      0.36351684012
0.364197529789      0.352825168277
0.351851850611      0.352825168373
0.345679011271      0.363516840693
0.351851851108      0.374208512154
0.33950617193       0.374208512249
0.333333332589      0.384900184187
0.32716049176       0.374208511581
0.314814812748      0.374208511581
0.320987652585      0.363516839929
0.314814813078      0.352825168087
0.302469134066      0.352825168087
0.296296294725      0.363516839834
0.290123455219      0.352825167991
0.277777776041      0.352825168087
0.283950615878      0.342133496053
0.277777776537      0.331441824306
0.290123455715      0.331441824783
0.296296295552      0.320750153131
0.290123455715      0.310058481098
0.277777776703      0.310058481098
0.28395061654       0.299366809446
0.277777777034      0.288675137604
0.265432096533      0.288675138463
0.259259257192      0.29936681021
0.253086417686      0.288675138368
0.240740738508      0.288675138463
0.234567899167      0.29936681021
0.240740739004      0.310058481671
0.228395059826      0.310058481766
0.222222220486      0.320750153704
0.216049380649      0.310058481671
0.203703701636      0.310058481671
0.209876541473      0.299366810019
0.203703701967      0.288675138177
0.191358022459      0.288675138463
0.185185183118      0.29936681021
0.179012343612      0.288675138368
0.166666664434      0.288675138463
0.160493825093      0.29936681021
0.16666666493       0.310058481671
0.154320985752      0.310058481766
0.148148146412      0.320750153704
0.154320986249      0.331441825165
0.166666665261      0.331441824592
0.16049382592       0.34213349653
0.166666665923      0.352825168086
0.154320986414      0.352825168373
0.148148147073      0.36351684012
0.141975307567      0.352825168277
0.129629628389      0.352825168373
0.123456789049      0.363516840693
0.129629628886      0.374208512154
0.117283949708      0.374208512249
0.111111110367      0.384900184187
0.117283950204      0.395591855647
0.129629629216      0.395591855075
0.123456789875      0.406283527013
0.129629629878      0.416975198569
0.14197530889       0.416975197996
0.148148147735      0.406283525963
0.154320987737      0.416975197518
0.166666666915      0.41697519685
0.160493827574      0.427666869171
0.166666667411      0.438358540631
0.154320988233      0.438358540727
0.148148148893      0.449050212665
0.154320989226      0.459741884412
0.166666668238      0.459741883838
0.160493828897      0.470433555777
0.1666666689        0.481125227333
0.154320988399      0.481125228193
0.148148149058      0.49181689994
0.141975309552      0.481125228098
0.129629630374      0.481125228193
0.123456791033      0.49181689994
0.12962963087       0.502508571401
0.117283951693      0.502508571497
0.111111112352      0.513200243434
0.104938272515      0.502508571401
0.092592593502      0.5025085714
0.09876543334       0.491816899749
0.092592593833      0.481125227906
0.080246914325      0.481125228193
0.074074074984      0.49181689994
0.067901235478      0.481125228097
0.0555555563        0.481125228193
0.049382716959      0.491816901659
0.055555556797      0.502508573119
0.043209877618      0.502508573215
0.037037038278      0.513200245153
0.043209878115      0.523891916613
0.055555557127      0.52389191604
0.049382717786      0.534583587979
0.055555557789      0.545275259535
0.04320987828       0.545275259821
0.037037038939      0.555966931568
0.030864199433      0.545275259726
0.018518520255      0.545275259822
0.012345680915      0.555966932142
0.018518520752      0.566658603602
0.006172841573      0.566658603698
2.23300000712e-09   0.577350275636
-0.006172841574     0.566658601311
-0.018518520586     0.566658601311
-0.012345680749     0.555966929659
-0.018518520255     0.545275257817
-0.030864199268     0.545275257817
-0.037037038608     0.555966929564
-0.043209878115     0.545275257721
-0.055555557292     0.545275257817
-0.049382717455     0.534583585783
-0.055555556796     0.523891914036
-0.043209877618     0.523891914513
-0.037037037781     0.513200242862
-0.043209877618     0.502508570828
-0.055555556631     0.502508570828
-0.049382716794     0.491816899176
-0.0555555563       0.481125227334
-0.067901235312     0.481125227334
-0.074074074653     0.491816899081
-0.080246914159     0.481125227238
-0.092592593337     0.481125227334
-0.098765432678     0.491816899081
-0.092592592841     0.502508570542
-0.104938272018     0.502508570637
-0.111111111359     0.513200242575
-0.117283951196     0.502508570542
-0.129629630208     0.502508570542
-0.123456790372     0.49181689889
-0.129629629878     0.481125227048
-0.141975309386     0.481125227333
-0.148148148727     0.491816899081
-0.154320988233     0.481125227238
-0.166666667411     0.481125227334
-0.160493827574     0.470433554154
-0.166666666915     0.459741882407
-0.154320987737     0.459741882885
-0.1481481479       0.449050211232
-0.154320987241     0.438358539485
-0.166666666253     0.438358539486
-0.160493826416     0.427666867834
-0.166666665923     0.416975195991
-0.154320986414     0.416975196278
-0.148148146577     0.406283524817
-0.141975307567     0.416975196946
-0.12962962839      0.416975197423
-0.123456788552     0.40628352539
-0.129629627893     0.395591853643
-0.117283948715     0.39559185412
-0.111111108879     0.384900182468
-0.117283949708     0.374208509862
-0.12962962872      0.374208509862
-0.123456788883     0.36351683821
-0.129629628389     0.352825166368
-0.141975307402     0.352825166368
-0.148148146742     0.363516838115
-0.154320986249     0.352825166272
-0.166666665426     0.352825166368
-0.160493825589     0.342133494334
-0.16666666493      0.331441822587
-0.154320985752     0.331441823065
-0.148148145916     0.320750151413
-0.154320985752     0.310058479379
-0.166666664765     0.310058479379
-0.160493824928     0.299366807727
-0.166666664434     0.288675135885
-0.179012347912     0.288675138463
-0.185185187253     0.29936681021
-0.191358026759     0.288675138368
-0.203703705937     0.288675138463
-0.209876545278     0.29936681021
-0.203703705441     0.310058481671
-0.216049384619     0.310058481766
-0.222222223959     0.320750153704
-0.228395063796     0.310058481671
-0.240740742809     0.310058481671
-0.234567902972     0.299366810019
-0.240740742478     0.288675138177
-0.253086421986     0.288675138463
-0.259259261327     0.29936681021
-0.265432100833     0.288675138368
-0.277777780011     0.288675138463
-0.283950619352     0.29936681021
-0.277777779515     0.310058481671
-0.290123458693     0.310058481766
-0.296296298033     0.320750153704
-0.290123458196     0.331441825165
-0.277777779184     0.331441824592
-0.283950618525     0.34213349653
-0.277777778522     0.352825168086
-0.290123458031     0.352825168373
-0.296296297372     0.36351684012
-0.302469136878     0.352825168277
-0.314814816056     0.352825168373
-0.320987655396     0.363516840693
-0.314814815559     0.374208512154
-0.327160494737     0.374208512249
-0.333333334078     0.384900184187
-0.339506174907     0.374208511581
-0.351851853919     0.374208511581
-0.345679014082     0.363516839929
-0.351851853589     0.352825168087
-0.364197532601     0.352825168087
-0.370370371942     0.363516839834
-0.376543211448     0.352825167991
-0.388888890626     0.352825168087
-0.382716050789     0.342133496053
-0.38888889013      0.331441824306
-0.376543210952     0.331441824783
-0.370370371115     0.320750153131
-0.376543210952     0.310058481098
-0.388888889964     0.310058481098
-0.382716050127     0.299366809446
-0.388888889633     0.288675137604
-0.401234570134     0.288675138463
-0.407407409475     0.29936681021
-0.413580248981     0.288675138368
-0.425925928159     0.288675138463
-0.4320987675       0.29936681021
-0.425925927663     0.310058481671
-0.438271606841     0.310058481766
-0.444444446181     0.320750153704
-0.450617286018     0.310058481671
-0.462962965031     0.310058481671
-0.456790125194     0.299366810019
-0.4629629647       0.288675138177
-0.475308644208     0.288675138463
-0.481481483549     0.29936681021
-0.487654323055     0.288675138368
-0.500000002233     0.288675138463
-0.493827171328     0.277983443796
-0.500000010669     0.267291772049
-0.487654331491     0.267291772527
-0.481481491654     0.256600100875
-0.487654330995     0.245908429128
-0.500000010007     0.245908429128
-0.49382717017      0.235216757476
-0.500000009676     0.224525085634
-0.487654330168     0.22452508592
-0.481481490331     0.213833414459
-0.475308651321     0.224525086589
-0.462962972143     0.224525087066
-0.456790132306     0.213833415032
-0.462962971647     0.203141743285
-0.450617292469     0.203141743763
-0.444444452632     0.192450072111
-0.450617291973     0.181758400364
-0.462962970985     0.181758400364
-0.456790131148     0.171066728711
-0.462962970655     0.16037505687
-0.475308649667     0.16037505687
-0.481481489008     0.171066728617
-0.487654328514     0.160375056774
-0.500000007692     0.16037505687
-0.493827167855     0.149683384836
-0.500000007195     0.138991713088
-0.487654328017     0.138991713566
-0.48148148818      0.128300041914
-0.487654328018     0.117608369882
-0.50000000703      0.117608369881
-0.493827167193     0.106916698229
-0.500000006699     0.096225026386
-0.487654326198     0.0962250261
-0.481481486362     0.08553335464
-0.475308647352     0.096225026769
-0.462962968174     0.096225027246
-0.456790128337     0.085533355785
-0.462962967678     0.074841684038
-0.4506172885       0.074841684516
-0.444444448662     0.064150012864
-0.438271609321     0.074841685184
-0.425925930309     0.074841685757
-0.432098770642     0.085533357122
-0.425925931632     0.096225029251
-0.413580252124     0.096225029538
-0.407407412287     0.085533358078
-0.401234573277     0.096225030207
-0.3888888941       0.096225030684
-0.382716054263     0.085533357505
-0.388888893604     0.074841685757
-0.376543214425     0.074841686235
-0.370370374588     0.064150014583
-0.376543213929     0.053458342836
-0.388888892941     0.053458342836
-0.382716053105     0.042766671183
-0.388888892611     0.032074999342
-0.376543213102     0.032074999628
-0.370370373265     0.021383328167
-0.364197534255     0.032075000296
-0.351851855077     0.032075000774
-0.345679015241     0.021383328741
-0.351851854582     0.010691656993
-0.339506175403     0.010691657471
-0.333333335566     -1.41809999854e-08
-0.339506174908     -0.010691685928
-0.35185185392      -0.010691685928
-0.345679014083     -0.021383357581
-0.351851853589     -0.032075029422
-0.364197532601     -0.032075029422
-0.370370371942     -0.021383357675
-0.376543211448     -0.032075029518
-0.388888890626     -0.032075029423
-0.382716050789     -0.042766701456
-0.38888889013      -0.053458373204
-0.376543210951     -0.053458372726
-0.370370371115     -0.064150044378
-0.376543210952     -0.07484171641
-0.388888889964     -0.074841716411
-0.382716050127     -0.085533388063
-0.388888889633     -0.096225059906
-0.401234568645     -0.096225059905
-0.407407407986     -0.085533388159
-0.413580247492     -0.096225060001
-0.42592592667      -0.096225059905
-0.432098766011     -0.085533388158
-0.425925926175     -0.074841716697
-0.438271605351     -0.074841716602
-0.444444444692     -0.064150044663
-0.45061728453      -0.074841716698
-0.462962963542     -0.074841716698
-0.456790123705     -0.08553338835
-0.462962963212     -0.096225060191
-0.47530864272      -0.096225059905
-0.48148148206      -0.085533388158
-0.487654321567     -0.096225060001
-0.500000000745     -0.096225059905
-0.493827160908     -0.106916733085
-0.500000000248     -0.117608404833
-0.487654321071     -0.117608404355
-0.481481481234     -0.128300076007
-0.487654320574     -0.138991747754
-0.499999999587     -0.138991747754
-0.493827159751     -0.149683419406
-0.499999999256     -0.160375091248
-0.487654319748     -0.160375090962
-0.48148147991      -0.171066762422
-0.475308640901     -0.160375090292
-0.462962961722     -0.160375089815
-0.456790121886     -0.171066761849
-0.462962961226     -0.181758433597
-0.450617282049     -0.181758433119
-0.444444442212     -0.192450104771
-0.450617283041     -0.203141777377
-0.462962962054     -0.203141777376
-0.456790122216     -0.213833449029
-0.462962961723     -0.224525120871
-0.475308640735     -0.224525120871
-0.481481480075     -0.213833449124
-0.487654319582     -0.224525120967
-0.49999999876      -0.224525120871
-0.493827158922     -0.235216792905
-0.499999998262     -0.245908464652
-0.487654319086     -0.245908464175
-0.481481479249     -0.256600135827
-0.487654319086     -0.26729180786
-0.499999998098     -0.267291807859
-0.49382715826      -0.277983479512
-0.499999997767     -0.288675151355
-0.487654314289     -0.288675153361
-0.481481474452     -0.299366824821
-0.475308635442     -0.288675152691
-0.462962956265     -0.288675152215
-0.456790116427     -0.299366823676
-0.462962955769     -0.310058495422
-0.45061727659      -0.310058494945
-0.444444436754     -0.320750166597
-0.438271597413     -0.310058494276
-0.425925918401     -0.310058493703
-0.432098758734     -0.299366822338
-0.425925919725     -0.288675150209
-0.413580240216     -0.288675149922
-0.407407400378     -0.299366821383
-0.401234561368     -0.288675149254
-0.388888882191     -0.288675148776
-0.382716042354     -0.299366820237
-0.388888881694     -0.310058491984
-0.376543202517     -0.310058491506
-0.37037036268      -0.320750163158
-0.37654320202      -0.331441834906
-0.388888881033     -0.331441834906
-0.382716041196     -0.342133506557
-0.388888880702     -0.352825178399
-0.376543201194     -0.352825178113
-0.370370361357     -0.363516849574
-0.364197522346     -0.352825177446
-0.351851843169     -0.352825176968
-0.345679003331     -0.363516849001
-0.351851842672     -0.374208520748
-0.339506163495     -0.37420852027
-0.333333323658     -0.384900191922
-0.327160483324     -0.37420851903
-0.314814804312     -0.374208518457
-0.320987644646     -0.363516847092
-0.314814805635     -0.352825174962
-0.302469126622     -0.352825174389
-0.296296286786     -0.36351684585
-0.290123447776     -0.352825173721
-0.277777768598     -0.352825173244
-0.283950608931     -0.342133501496
-0.277777770086     -0.331441829462
-0.290123449265     -0.331441830513
-0.296296289597     -0.320750159148
-0.290123450257     -0.310058486828
-0.277777771244     -0.310058486255
-0.283950611577     -0.299366814889
-0.277777772567     -0.288675142761
-0.265432092067     -0.288675143047
-0.25925925223      -0.299366814507
-0.25308641322      -0.288675142378
-0.240740734042     -0.2886751419
-0.234567894205     -0.299366813362
-0.240740733546     -0.310058485108
-0.228395054368     -0.310058484631
-0.222222214532     -0.320750156282
-0.21604937519      -0.310058483963
-0.203703696178     -0.31005848339
-0.209876536511     -0.299366812025
-0.203703697501     -0.288675139896
-0.191358017992     -0.288675139609
-0.185185178155     -0.29936681107
-0.179012339145     -0.28867513894
-0.166666659968     -0.288675138463
-0.160493820131     -0.29936681508
-0.166666659472     -0.310058486828
-0.154320980293     -0.31005848635
-0.148148140457     -0.320750158002
-0.154320979798     -0.331441829749
-0.16666665881      -0.331441829749
-0.160493818973     -0.342133501402
-0.166666658479     -0.352825173243
-0.15432097897      -0.352825172957
-0.148148139133     -0.363516844418
-0.141975300123     -0.352825172289
-0.129629620946     -0.352825171811
-0.123456781109     -0.363516843844
-0.12962962045      -0.374208515592
-0.117283941271     -0.374208515114
-0.111111101435     -0.384900186766
-0.117283940776     -0.395591858513
-0.129629619788     -0.395591858513
-0.123456779951     -0.406283530166
-0.129629619457     -0.416975202007
-0.141975298469     -0.416975202007
-0.14814813781      -0.40628353026
-0.154320977316     -0.416975202103
-0.166666656494     -0.416975202007
-0.160493816657     -0.427666874041
-0.166666655998     -0.438358545789
-0.15432097682      -0.438358545311
-0.148148136983     -0.449050216963
-0.15432097682      -0.459741888995
-0.166666655832     -0.459741888995
-0.160493815995     -0.470433560648
-0.166666655502     -0.481125232491
-0.154320975001     -0.481125232777
-0.148148135164     -0.491816904237
-0.141975296155     -0.481125232108
-0.129629616976     -0.481125231631
-0.123456777139     -0.491816903092
-0.12962961648      -0.502508574839
-0.117283937303     -0.502508574361
-0.111111097465     -0.513200246013
-0.104938258124     -0.502508573693
-0.092592579112     -0.50250857312
-0.098765419445     -0.491816901755
-0.092592580435     -0.481125229626
-0.080246900927     -0.481125229339
-0.07407406109      -0.491816900799
-0.06790122208      -0.48112522867
-0.055555542902     -0.481125228192
-0.049382703065     -0.491816901372
-0.055555542406     -0.50250857312
-0.043209863228     -0.502508572642
-0.037037023391     -0.513200244294
-0.043209862732     -0.523891916041
-0.055555541744     -0.523891916041
-0.049382701907     -0.534583587694
-0.055555541414     -0.545275259535
-0.043209861905     -0.545275259249
-0.037037022067     -0.55596693071
-0.030864183057     -0.545275258581
-0.01851850388      -0.545275258103
-0.012345664043     -0.555966930136
-0.018518503384     -0.566658601884
-0.006172824206     -0.566658601406
1.56309999388e-08   -0.577350273058
0.00617287903697    -0.566658597156
0.0185185580493     -0.566658596583
0.0123457177161     -0.555966925218
0.0185185567261     -0.545275253089
0.0308642357383     -0.545275252516
0.0370370755752     -0.555966923977
0.0432099145854     -0.545275251848
0.055555593763      -0.54527525137
0.0493827534299     -0.534583579623
0.0555555922745     -0.523891907589
0.0432099130967     -0.52389190864
0.0370370727635     -0.513200237275
0.0432099121043     -0.502508564955
0.0555555911165     -0.502508564382
0.0493827507835     -0.491816893017
0.0555555897935     -0.481125220887
0.0679012688059     -0.481125220315
0.0740741086429     -0.491816891775
0.0802469476529     -0.481125219646
0.0925926268302     -0.481125219169
0.0987654666672     -0.491816890629
0.0925926273266     -0.502508562376
0.104938306504      -0.502508561899
0.111111146341      -0.513200233551
0.117283985682      -0.50250856123
0.129629664694      -0.502508560657
0.123456824361      -0.491816889292
0.129629663371      -0.481125217163
0.141975342879      -0.481125216877
0.148148182716      -0.491816888338
0.154321021726      -0.481125216208
0.166666700904      -0.48112521573
0.160493860571      -0.470433542838
0.166666699415      -0.459741870804
0.154321020238      -0.459741871855
0.148148179905      -0.449050200489
0.154321018749      -0.438358528456
0.166666697762      -0.438358527883
0.160493857429      -0.427666856517
0.166666696438      -0.416975184388
0.154321016929      -0.416975185248
0.148148176597      -0.406283514073
0.141975338083      -0.416975186489
0.129629658905      -0.416975187539
0.123456818572      -0.406283515793
0.129629657416      -0.395591843759
0.117283978238      -0.39559184481
0.111111137906      -0.384900173444
0.117283978239      -0.374208500551
0.129629657251      -0.374208499979
0.123456816917      -0.363516828613
0.129629655928      -0.352825156484
0.14197533494       -0.352825155911
0.148148174777      -0.363516827371
0.154321013787      -0.352825155242
0.166666692964      -0.352825154765
0.160493852631      -0.342133483018
0.166666691476      -0.331441810984
0.154321012298      -0.331441812034
0.148148171965      -0.320750140669
0.154321011306      -0.31005846835
0.166666690319      -0.310058467777
0.160493849985      -0.299366796411
0.166666688995      -0.288675124282
0.179012368008      -0.288675123709
0.185185207844      -0.29936679517
0.191358046855      -0.28867512304
0.203703726032      -0.288675122563
0.209876565869      -0.299366794024
0.203703726529      -0.310058465771
0.216049405706      -0.310058465293
0.222222245543      -0.320750136945
0.228395084884      -0.310058464625
0.240740763896      -0.310058464052
0.234567923563      -0.299366792686
0.240740762573      -0.288675120557
0.253086442081      -0.288675120271
0.259259281918      -0.299366791733
0.265432120929      -0.288675119602
0.277777800106      -0.288675119125
0.283950639943      -0.299366790585
0.277777800602      -0.310058462332
0.29012347978       -0.310058461855
0.296296319617      -0.320750133507
0.290123480276      -0.331441805254
0.277777801264      -0.331441805254
0.2839506411        -0.342133476905
0.277777801595      -0.352825148749
0.290123481104      -0.352825148462
0.296296320941      -0.363516819922
0.302469159951      -0.352825147793
0.314814839128      -0.352825147316
0.320987678965      -0.36351681935
0.314814839623      -0.374208491096
0.327160518802      -0.37420849062
0.333333358639      -0.384900162272
0.339506198972      -0.374208489379
0.351851877985      -0.374208488805
0.345679037652      -0.36351681744
0.351851876661      -0.352825145311
0.364197555674      -0.352825144737
0.370370395511      -0.363516816199
0.376543234521      -0.352825144071
0.388888913698      -0.352825143592
0.382716073366      -0.342133471845
0.38888891221       -0.33144179981
0.376543233032      -0.331441800862
0.370370392699      -0.320750129496
0.376543232039      -0.310058457177
0.388888911052      -0.310058456603
0.382716070718      -0.299366785239
0.388888909729      -0.288675113109
0.40123459023       -0.288675113396
0.407407430066      -0.299366784857
0.413580269077      -0.288675112727
0.425925948254      -0.28867511225
0.432098788091      -0.29936678371
0.42592594875       -0.310058455457
0.438271627929      -0.31005845498
0.444444467765      -0.320750126632
0.450617307106      -0.310058454311
0.462962986118      -0.310058453737
0.456790145785      -0.299366782373
0.462962984795      -0.288675110244
0.475308664304      -0.288675109958
0.48148150414       -0.299366781418
0.487654343152      -0.288675109288
0.500000022329      -0.288675108811
0.493827181996      -0.277983432481
0.50000002084       -0.267291760447
0.487654341662      -0.267291761498
0.48148150133       -0.256600090133
0.487654340174      -0.245908418099
0.500000019187      -0.245908417526
0.493827178853      -0.23521674616
0.500000017863      -0.224525074032
0.487654338355      -0.224525074891
0.481481498021      -0.213833403717
0.475308659507      -0.224525076133
0.46296298033       -0.224525077183
0.456790139997      -0.213833405436
0.462962978842      -0.203141733402
0.450617299663      -0.203141734452
0.44444445933       -0.192450063087
0.450617298175      -0.181758391054
0.462962977187      -0.181758390481
0.456790136854      -0.171066719115
0.462962975864      -0.160375046986
0.475308654877      -0.160375046414
0.481481494714      -0.171066717874
0.487654333723      -0.160375045746
0.500000012901      -0.160375045268
0.493827172568      -0.149683373521
0.500000011413      -0.138991701487
0.487654332235      -0.138991702537
0.481481491903      -0.128300031172
0.487654331242      -0.117608358852
0.500000010255      -0.117608358279
0.493827169921      -0.106916686914
0.500000008931      -0.096225014785
0.487654328431      -0.096225015071
0.481481488097      -0.085533343897
0.475308649584      -0.096225016313
0.462962970405      -0.096225017363
0.456790130072      -0.085533346188
0.462962968917      -0.074841674155
0.45061728974       -0.074841675206
0.444444449406      -0.064150003839
0.438271610561      -0.074841676447
0.42592593155       -0.074841677592
0.432098772379      -0.085533348671
0.425925933865      -0.096225021086
0.413580254356      -0.096225021947
0.407407414023      -0.085533350772
0.401234575509      -0.096225023188
0.388888896332      -0.096225024238
0.382716055998      -0.085533351345
0.388888894843      -0.074841679312
0.376543215665      -0.074841680362
0.370370375332      -0.064150008998
0.376543214177      -0.053458336963
0.388888893189      -0.05345833639
0.382716052856      -0.042766665025
0.388888891866      -0.032074992897
0.376543212357      -0.032074993756
0.370370372024      -0.021383322581
0.36419753351       -0.032074994997
0.351851854333      -0.032074996047
0.345679013999      -0.0213833243
0.351851852844      -0.010691652266
0.339506173666      -0.010691653316
0.333333333333      1.80479999834e-08
0.339506176643      0.01069169266
0.351851855656      0.010691693233
0.345679015322      0.021383364599
0.351851854333      0.032075036728
0.364197533345      0.032075037301
0.370370373182      0.02138336584
0.376543212192      0.032075037969
0.388888891369      0.032075038446
0.382716051036      0.042766710194
0.388888889881      0.053458382228
0.376543210703      0.053458381178
0.37037037037       0.064150052542
0.376543209711      0.074841724862
0.388888888723      0.074841725435
0.382716048389      0.085533396801
0.3888888874        0.09622506893
0.401234566413      0.096225069502
0.407407406249      0.085533398042
0.413580245259      0.096225070171
0.425925924436      0.096225070648
0.432098764274      0.085533399188
0.425925924933      0.07484172744
0.438271604111      0.074841727918
0.444444443947      0.064150056266
0.450617283288      0.074841728587
0.462962962301      0.07484172916
0.456790121968      0.085533400525
0.462962960978      0.096225072654
0.475308640486      0.09622507294
0.481481480323      0.085533401479
0.487654319333      0.096225073609
0.499999998511      0.096225074087
0.493827158178      0.106916746979
0.499999997022      0.117608419013
0.487654317845      0.117608417962
0.481481477511      0.128300089328
0.487654316356      0.138991761361
0.499999995368      0.138991761934
0.493827155036      0.1496834333
0.499999994045      0.160375105429
0.487654314536      0.160375104569
0.481481474204      0.171066775744
0.47530863569       0.160375103328
0.462962956512      0.160375102278
0.456790116179      0.171066774024
0.462962955023      0.181758446057
0.450617275845      0.181758445007
0.444444435512      0.192450116373
0.450617275845      0.203141789266
0.462962954858      0.203141789838
0.456790114524      0.213833461204
0.462962953535      0.224525133333
0.475308632547      0.224525133906
0.481481472384      0.213833462446
0.487654311394      0.224525134575
0.499999990571      0.224525135052
0.493827150238      0.235216806799
0.499999989083      0.245908478833
0.487654309905      0.245908477783
0.481481469572      0.256600149148
0.487654308913      0.267291821467
0.499999987925      0.26729182204
0.493827147592      0.277983493406
0.499999986602      0.288675165535
0.487654318755      0.288675138463
