

*********** Dump of res *************
BSplineCurve
  Degree 10, 119 Poles, 14  KnotsPoles :

   1 : 3.14159262568401, 0.494932377888152 
   2 : 3.2263748916051, 0.49493237780337 
   3 : 3.31115695648987, 0.480134570141445 
   4 : 3.39134157515946, 0.450544607241682 
   5 : 3.46233473723987, 0.407354952883907 
   6 : 3.52098441624548, 0.353103651621495 
   7 : 3.56761548173381, 0.290523431987822 
   8 : 3.60214198436006, 0.221842453800491 
   9 : 3.62506677111378, 0.149217222504376 
  10 : 3.63652510076205, 0.074608375067642 
  11 : 3.63652510695112, -0.0559564368352773 
  12 : 3.63007880913839, -0.111912511177101 
  13 : 3.6171902254204, -0.167034767263034 
  14 : 3.59779160751884, -0.22048346541607 
  15 : 3.57178516691379, -0.27139950415474 
  16 : 3.53904368042276, -0.318863208750258 
  17 : 3.49951623654447, -0.361876262289144 
  18 : 3.45345192433745, -0.399398454530682 
  19 : 3.4016208105914, -0.430451411956351 
  20 : 3.3347138358704, -0.458750188371107 
  21 : 3.32399095093946, -0.462964490324654 
  22 : 3.31311769777982, -0.466919884399892 
  23 : 3.30210292434416, -0.470611654312188 
  24 : 3.29095605799881, -0.474035380559245 
  25 : 3.27968708393503, -0.477186971360258 
  26 : 3.26830651185562, -0.480062692385184 
  27 : 3.25682533085734, -0.482659194231049 
  28 : 3.24525495348965, -0.484973536618073 
  29 : 3.22814724362695, -0.487954616892541 
  30 : 3.22267032387573, -0.488843475774395 
  31 : 3.21717760417001, -0.489669526287281 
  32 : 3.21167031425054, -0.490432530499311 
  33 : 3.20614969968685, -0.491132271638132 
  34 : 3.20061702034115, -0.491768554504013 
  35 : 3.19507354874319, -0.492341205832593 
  36 : 3.18952056836067, -0.492850074596834 
  37 : 3.18395937180518, -0.493295032251926 
  38 : 3.17569420446339, -0.493860491087319 
  39 : 3.17299552718842, -0.494029989627599 
  40 : 3.1702953749773, -0.494184456533451 
  41 : 3.16759389597234, -0.49432388102003 
  42 : 3.16489123867298, -0.494448253561334 
  43 : 3.16218755188299, -0.494557565889303 
  44 : 3.15948298466145, -0.494651810993975 
  45 : 3.15677768627743, -0.494730983130295 
  46 : 3.15407180616298, -0.494795077825576 
  47 : 3.15069948731075, -0.494856153920019 
  48 : 3.15003345459399, -0.49486730265431 
  49 : 3.14936739791684, -0.494877538021899 
  50 : 3.14870131953891, -0.494886859985043 
  51 : 3.14803522167656, -0.494895268502559 
  52 : 3.14736910654483, -0.494902763537789 
  53 : 3.14670297638783, -0.494909345064303 
  54 : 3.14603683344905, -0.494915013060302 
  55 : 3.14537067992928, -0.494919767500589 
  56 : 3.14453862816104, -0.494924564840099 
  57 : 3.14437273772817, -0.494925464654939 
  58 : 3.14420684681235, -0.494926307815319 
  59 : 3.14404095544778, -0.494927094323619 
  60 : 3.14387506367186, -0.494927824178528 
  61 : 3.14370917151961, -0.49492849737876 
  62 : 3.14354327902205, -0.494929113925579 
  63 : 3.14337738621155, -0.494929673819895 
  64 : 3.14321149312679, -0.494930177058564 
  65 : 3.14296273413866, -0.494930846717718 
  66 : 3.14287986841689, -0.494931055655704 
  67 : 3.14279700263776, -0.494931250458796 
  68 : 3.1427141368069, -0.494931431124974 
  69 : 3.14263127093242, -0.494931597655017 
  70 : 3.1425484050172, -0.494931750050023 
  71 : 3.14246553905956, -0.494931888309282 
  72 : 3.14238267306341, -0.494932012431815 
  73 : 3.14229980704337, -0.49493212241899 
  74 : 3.14217552820167, -0.494932266171828 
  75 : 3.14213411539973, -0.494932310543039 
  76 : 3.14209270259435, -0.494932351384017 
  77 : 3.14205128978489, -0.494932388694118 
  78 : 3.14200987696899, -0.494932422473741 
  79 : 3.14196846414694, -0.49493245272331 
  80 : 3.141927051322, -0.494932479442447 
  81 : 3.14188563849642, -0.494932502630612 
  82 : 3.141844225668, -0.494932522288258 
  83 : 3.14178211147508, -0.494932546476921 
  84 : 3.14176141011308, -0.494932553656612 
  85 : 3.1417407087511, -0.494932559953129 
  86 : 3.14172000738836, -0.494932565368799 
  87 : 3.14169930602556, -0.494932569902125 
  88 : 3.14167860466332, -0.494932573551819 
  89 : 3.14165790330101, -0.494932576319435 
  90 : 3.14163720193787, -0.49493257820642 
  91 : 3.14161650057484, -0.494932579210097 
  92 : 3.14157510037532, -0.494932579453519 
  93 : 126.029361257853, -0.494932578720636 
  94 : -370.44086684077, -0.494932576883002 
  95 : 652.53016616113, -0.49493257492577 
  96 : -639.037225144682, -0.494932570858509 
  97 : 403.889934590319, -0.494932567125943 
  98 : -125.265519668988, -0.494932561483438 
  99 : 29.4188405166351, -0.49493255564812 
  100 : 9.42459481687024, -0.494932548675471 
  101 : 9.33980204374361, -0.494900529549475 
  102 : 9.25503901434422, -0.480074268932412 
  103 : 9.17488058115123, -0.450461457679921 
  104 : 9.10391711571719, -0.407256068076094 
  105 : 9.04529478563927, -0.352996053094103 
  106 : 8.998688274296, -0.290412397655018 
  107 : 8.96418296097545, -0.221732481519211 
  108 : 8.94127623690292, -0.1491116874422 
  109 : 8.92983306336602, -0.0745099053290521 
  110 : 8.92985786004058, 0.0746890847789617 
  111 : 8.94132583157625, 0.149287059553444 
  112 : 8.96425764134619, 0.221900231241307 
  113 : 8.99878868518863, 0.290568576710939 
  114 : 9.04542141826823, 0.353136240773892 
  115 : 9.10406993911602, 0.407375725764723 
  116 : 9.1750579024083, 0.450555273782811 
  117 : 9.25523398313089, 0.480138127732062 
  118 : 9.34000585768313, 0.49493237780338 
  119 : 9.42477793286358, 0.494932377888152 
Knots :

   1 : 0 11
   2 : 1.57079632677276 9
   3 : 2.74889357185233 9
   4 : 2.96978680530476 9
   5 : 3.07333050848556 9
   6 : 3.12348448971376 9
   7 : 3.13582707103164 9
   8 : 3.13890066305906 9
   9 : 3.14043595829539 9
  10 : 3.14120323108559 9
  11 : 3.14158677381948 9
  12 : 3.14197026973418 9
  13 : 4.71257778845688 9
  14 : 6.28318530717959 11

