DBRep_DrawableShape

CASCADE Topology V1, (c) Matra-Datavision
Locations 0
Curve2ds 6
1 0 0.70710678118654757 1 0 
2 0 0 1 0 -0 1 0.5
1 6.2831853071795862 -0 0 1 
1 0 -0 0 1 
1 0 0 1 0 
2 0 0 1 0 -0 1 1
Curves 3
2 0 0 0.50000000000000011 0 0 1 1 0 -0 -0 1 0 0.5
1 1 -2.4492935982947064e-16 0 -0.70710678118654746 1.7319121124709863e-16 0.70710678118654757 
2 0 0 0 0 0 1 1 0 -0 -0 1 0 1
Polygon3D 0
PolygonOnTriangulations 0
Surfaces 3
3 0 0 0 0 0 1 1 0 -0 -0 1 0 1
-0.78539816339744828
1 0 0 0.50000000000000011 0 0 1 1 0 -0 -0 1 0 
1 0 0 0 0 0 1 1 0 -0 -0 1 0 
Triangulations 0

TShapes 13
Ve
1e-07
0.5 -1.22464679914735e-16 0.5
0 0

0101100
*
Ed
 1e-07 1 1 0
1  1 0 0 6.28318530717959
2  1 1 0 0 6.28318530717959
2  2 2 0 0 6.28318530717959
0

0101100
+13 0 -13 0 *
Ve
1e-07
1 -2.44929359829471e-16 0
0 0

0101100
*
Ed
 1e-07 1 1 0
1  2 0 0 0.707106781186548
3  3 4CN 1 0 0 0.707106781186548
0

0101000
-13 0 +11 0 *
Ed
 1e-07 1 1 0
1  3 0 0 6.28318530717959
2  5 1 0 0 6.28318530717959
2  6 3 0 0 6.28318530717959
0

0101100
+11 0 -11 0 *
Wi

0101000
-12 0 +10 0 +9 0 -10 0 *
Fa
0  1e-07 1 0

0111000
+8 0 *
Wi

0101000
+12 0 *
Fa
0  1e-07 2 0

0111000
+6 0 *
Wi

0101000
-9 0 *
Fa
0  1e-07 3 0

0111000
-4 0 *
Sh

0101100
+7 0 +5 0 -3 0 *
So

1100100
+2 0 *

+1 0 
0

