DBRep_DrawableShape

CASCADE Topology V1, (c) Matra-Datavision
Locations 0
Curve2ds 4
1 0 0 0 1 
1 0 0 1 0 
1 1 0 0 1 
1 0 1 1 0 
Curves 4
6 0 1 -4.1503253095641304 4.7813072215936803 1.69051338385773  4.4803376085266899 5.1553921710870902 1.69051338385773  
6 0 2 -4.1503253095641304 4.7813072215936803 1.69051338385773  -4.0507451364495903 0.22384504933511001 0.29334874169465502  -3.9305036136605902 -4.3854093108638601 0.29334874169465502  
6 0 1 -3.9305036136605902 -4.3854093108638601 0.29334874169465502  4.8337607315084803 -4.9465355430110796 0.29334874169465502  
6 0 2 4.4803376085266899 5.1553921710870902 1.69051338385773  4.64671849518035 0.13032440800820599 0.29334874169465502  4.8337607315084803 -4.9465355430110796 0.29334874169465502  
Polygon3D 0
PolygonOnTriangulations 0
Surfaces 1
8 0 0 2 1 -4.1503253095641304 4.7813072215936803 1.69051338385773  4.4803376085266899 5.1553921710870902 1.69051338385773  
-4.0507451364495903 0.22384504933511001 0.29334874169465502  4.64671849518035 0.13032440800820599 0.29334874169465502  
-3.9305036136605902 -4.3854093108638601 0.29334874169465502  4.8337607315084803 -4.9465355430110796 0.29334874169465502  

Triangulations 0

TShapes 10
Ve
1e-07
-4.15032530956413 4.78130722159368 1.69051338385773
0 0

0101100
*
Ve
1e-07
4.48033760852669 5.15539217108709 1.69051338385773
0 0

0101100
*
Ed
 1e-07 1 1 0
1  1 0 0 1
2  1 1 0 0 1
0

0101000
+10 0 -9 0 *
Ve
1e-07
-3.93050361366059 -4.38540931086386 0.293348741694655
0 0

0101100
*
Ed
 1e-07 1 1 0
1  2 0 0 1
2  2 1 0 0 1
0

0101000
+10 0 -7 0 *
Ve
1e-07
4.83376073150848 -4.94653554301108 0.293348741694655
0 0

0101100
*
Ed
 1e-07 1 1 0
1  3 0 0 1
2  3 1 0 0 1
0

0101000
+7 0 -5 0 *
Ed
 1e-07 1 1 0
1  4 0 0 1
2  4 1 0 0 1
0

0101000
+9 0 -5 0 *
Wi

0101100
-8 0 +6 0 +4 0 -3 0 *
Fa
1  1e-07 1 0

0111000
+2 0 *

+1 0 
0

