DBRep_DrawableShape

CASCADE Topology V1, (c) Matra-Datavision
Locations 5
1
              1               0              -0               0 
             -0               1               0              63 
              0               0               1               0 
2  1 -1 0
1
              1               0              -0               0 
             -0               1               0               0 
              0               0               1               0 
1
              1               0              -0               0 
             -0               1               0               0 
              0               0               1               0 
2  3 1 4 -1 1 -1 0
Curve2ds 28
8 -9.3397459621556091 9.3397459621556091
1 9.3397459621556091 -63.009596664568903 1 0 
8 -9.3397459621556091 9.3397459621556091
1 -79.900331035424898 -9.3397459621556091 0 1 
8 2.4746463090861299 3.14159265358979
1 3.14159265358979 -63.009596664568903 1 0 
8 2.4746463090861299 3.14159265358979
2 -102 -18.679491924311201 -1 0 -0 -1 22.099668964575098
8 5.6162389626759204 7.52557470413592
1 -3.14159265358979 -63.009596664568903 1 0 
8 5.6162389626759204 7.52557470413592
2 -80 -36 -1 0 -0 -1 5.9003310354248599
8 3.2886798090268701 4.3839820505461198
1 -3.14159265358979 -63.009596664568903 1 0 
8 3.2886798090268701 4.3839820505461198
2 -89.676065180406496 -64.396720983672097 -1 0 -0 -1 24.099668964575098
8 0.14708715543707501 1.5432924342182599
1 3.14159265358979 -63.009596664568903 1 0 
8 0.14708715543707501 1.5432924342182599
2 -60 -60 -1 0 -0 -1 5.9003310354249301
8 3.5655429675569299 4.6848850878080501
1 -3.14159265358979 -63.009596664568903 1 0 
8 3.5655429675569299 4.6848850878080501
2 -60.495007651617598 -77.993192252205802 -1 0 -0 -1 12.0996689645751
8 0.42395031396713201 1.5317233050824599
1 3.14159265358979 -63.009596664568903 1 0 
8 0.42395031396713201 1.5317233050824599
2 -45 -71 -1 0 -0 -1 4.9003310354246103
8 3.8704916376613201 4.6733159586723296
1 -3.14159265358979 -63.009596664568903 1 0 
8 3.8704916376613201 4.6733159586723296
2 -45.664072365682003 -87.987024692191895 -1 0 -0 -1 12.0996689645751
8 0.72889898407153197 1.8938638525828699
1 3.14159265358979 -63.009596664568903 1 0 
8 0.72889898407153197 1.8938638525828699
2 -30.000000488593201 -74.0000002684842 -1 0 -0 -1 8.9003310354248608
8 4.2245678004528404 5.0354565061726602
1 -3.14159265358979 -63.009596664568903 1 0 
8 4.2245678004528404 5.0354565061726602
2 -23.967939765100802 -92.017054506846804 -1 0 -0 -1 10.0996689645751
8 1.08297514686305 1.8770309569483601
1 3.14159265358979 -63.009596664568903 1 0 
8 1.08297514686305 1.8770309569483601
2 -16.000000188037799 -76.999999572663796 -1 0 -0 -1 6.9003310354248599
8 3.9698829808869101 5.0186236105381496
1 -3.14159265358979 -63.009596664568903 1 0 
8 3.9698829808869101 5.0186236105381496
2 -10.875000085798799 -93.209082642105102 -1 0 -0 -1 10.0996689645751
8 0.82829032729712004 3.14159265358979
1 3.14159265358979 -63.009596664568903 1 0 
8 0.82829032729712004 3.14159265358979
2 4.0000005877946698 -77.000000158491403 -1 0 -0 -1 11.9003310354249
8 -38.500000079245702 38.500000079245702
1 38.500000079245702 -63.009596664568903 1 0 
8 -38.500000079245702 38.500000079245702
1 15.9003316232195 -38.500000079245702 6.1232339957367697e-17 1 
Curves 15
1 0 -207 0 0 0 1 
1 -9.3397459621556091 -144 -79.900331035424898 1 -0 0 
8 3.14159265358979 9.4247779607693793
2 -18.679491924311201 -144 -102 -0 1 0 0 0 -1 -1 0 -0 22.099668964575098
8 3.14159265358979 9.4247779607693793
2 -36 -144 -80 -0 1 0 0 0 -1 -1 0 -0 5.9003310354248599
8 3.14159265358979 9.4247779607693793
2 -64.396720983672097 -144 -89.676065180406496 -0 1 0 0 0 -1 -1 0 -0 24.099668964575098
8 3.14159265358979 9.4247779607693793
2 -60 -144 -60 -0 1 0 0 0 -1 -1 0 -0 5.9003310354249301
8 3.14159265358979 9.4247779607693793
2 -77.993192252205802 -144 -60.495007651617598 -0 1 0 0 0 -1 -1 0 -0 12.0996689645751
8 3.14159265358979 9.4247779607693793
2 -71 -144 -45 -0 1 0 0 0 -1 -1 0 -0 4.9003310354246103
8 3.14159265358979 9.4247779607693793
2 -87.987024692191895 -144 -45.664072365682003 0 1 0 0 0 -1 -1 0 0 12.0996689645751
8 3.14159265358979 9.4247779607693793
2 -74.0000002684842 -144 -30.000000488593201 0 1 0 0 0 -1 -1 0 0 8.9003310354248608
8 3.14159265358979 9.4247779607693793
2 -92.017054506846804 -144 -23.967939765100802 0 1 0 0 0 -1 -1 0 0 10.0996689645751
8 3.14159265358979 9.4247779607693793
2 -76.999999572663796 -144 -16.000000188037799 0 1 0 0 0 -1 -1 0 0 6.9003310354248599
8 3.14159265358979 9.4247779607693793
2 -93.209082642105102 -144 -10.875000085798799 0 1 0 0 0 -1 -1 0 0 10.0996689645751
8 3.14159265358979 9.4247779607693793
2 -77.000000158491403 -144 4.0000005877946698 -0 1 0 0 0 -1 -1 0 -0 11.9003310354249
1 -38.500000079245702 -144 15.9003316232195 1 -0 6.1232339957367697e-17 
Polygon3D 0
PolygonOnTriangulations 41
2 2 4 
p 0.425764921561887 1 -79.9003310354249 15.9003316232195 
2 1 2 
p 0.425764921561887 1 -79.9003310354249 15.9003316232195 
2 2 4 
p 0.425764921561887 1 -9.33974596215561 9.33974596215561 
2 3 1 
p 0.425764921561887 1 -9.33974596215561 9.33974596215561 
4 2 7 8 4 
p 0.425764921561887 1 2.47464630908613 2.69696175725402 2.9192772054219 3.14159265358979 
4 4 5 6 3 
p 0.425764921561887 1 2.47464630908613 2.69696175725402 2.9192772054219 3.14159265358979 
6 2 14 15 16 17 4 
p 0.425764921561887 1 5.61623896267592 5.99810611096792 6.37997325925992 6.76184040755192 7.14370755584392 7.52557470413592 
6 4 7 8 9 10 11 
p 0.425764921561887 1 5.61623896267592 5.99810611096792 6.37997325925992 6.76184040755192 7.14370755584392 7.52557470413592 
6 21 32 33 34 35 36 
p 0.858125534132474 1 5.61623896267592 5.99810611096792 6.37997325925992 6.76184040755192 7.14370755584392 7.52557470413592 
7 2 10 11 12 13 14 4 
p 0.425764921561887 1 3.28867980902687 3.47123018261341 3.65378055619995 3.8363309297865 4.01888130337304 4.20143167695958 4.38398205054612 
7 12 13 14 15 16 17 11 
p 0.425764921561887 1 3.28867980902687 3.47123018261341 3.65378055619995 3.8363309297865 4.01888130337304 4.20143167695958 4.38398205054612 
7 47 48 49 50 51 52 36 
p 0.858125534132474 1 3.28867980902687 3.47123018261341 3.65378055619995 3.8363309297865 4.01888130337304 4.20143167695958 4.38398205054612 
4 2 7 8 4 
p 0.425764921561887 1 0.147087155437075 0.612488915030804 1.07789067462453 1.54329243421826 
4 12 18 19 20 
p 0.425764921561887 1 0.147087155437075 0.612488915030804 1.07789067462453 1.54329243421826 
4 47 56 57 58 
p 0.858125534132474 1 0.147087155437075 0.612488915030804 1.07789067462453 1.54329243421826 
4 2 7 8 4 
p 0.425764921561887 1 3.56554296755693 3.93865700764063 4.31177104772434 4.68488508780805 
4 21 22 23 20 
p 0.425764921561887 1 3.56554296755693 3.93865700764063 4.31177104772434 4.68488508780805 
4 62 63 64 58 
p 0.858125534132474 1 3.56554296755693 3.93865700764063 4.31177104772434 4.68488508780805 
4 2 7 8 4 
p 0.425764921561887 1 0.423950313967132 0.793207977672241 1.16246564137735 1.53172330508246 
4 21 24 25 26 
p 0.425764921561887 1 0.423950313967132 0.793207977672241 1.16246564137735 1.53172330508246 
4 62 68 69 70 
p 0.858125534132474 1 0.423950313967132 0.793207977672241 1.16246564137735 1.53172330508246 
4 2 7 8 4 
p 0.425764921561887 1 3.87049163766132 4.13809974466499 4.40570785166866 4.67331595867233 
4 27 28 29 26 
p 0.425764921561887 1 3.87049163766132 4.13809974466499 4.40570785166866 4.67331595867233 
4 74 75 76 70 
p 0.858125534132474 1 3.87049163766132 4.13809974466499 4.40570785166866 4.67331595867233 
4 2 10 11 4 
p 0.425764921561887 1 0.728898984071532 1.11722060690864 1.50554222974576 1.89386385258287 
4 27 30 31 32 
p 0.425764921561887 1 0.728898984071532 1.11722060690864 1.50554222974576 1.89386385258287 
4 74 80 81 79 
p 0.858125534132474 1 0.728898984071532 1.11722060690864 1.50554222974576 1.89386385258287 
4 2 7 8 4 
p 0.425764921561887 1 4.22456780045284 4.49486403569278 4.76516027093272 5.03545650617266 
4 33 34 35 32 
p 0.425764921561887 1 4.22456780045284 4.49486403569278 4.76516027093272 5.03545650617266 
4 2 17 18 19 
p 0.858125534132474 1 4.22456780045284 4.49486403569278 4.76516027093272 5.03545650617266 
4 71 77 78 79 
p 0.858125534132474 1 4.22456780045284 4.49486403569278 4.76516027093272 5.03545650617266 
4 2 7 8 4 
p 0.425764921561887 1 1.08297514686305 1.34766041689148 1.61234568691992 1.87703095694836 
4 33 36 37 38 
p 0.425764921561887 1 1.08297514686305 1.34766041689148 1.61234568691992 1.87703095694836 
4 2 11 12 13 
p 0.616597796159633 1 1.08297514686305 1.34766041689148 1.61234568691992 1.87703095694836 
4 71 72 73 67 
p 0.858125534132474 1 1.08297514686305 1.34766041689148 1.61234568691992 1.87703095694836 
4 2 7 8 4 
p 0.425764921561887 1 3.96988298088691 4.31946319077066 4.66904340065441 5.01862361053815 
4 39 40 41 38 
p 0.425764921561887 1 3.96988298088691 4.31946319077066 4.66904340065441 5.01862361053815 
14 2 17 18 19 20 21 22 23 24 25 26 27 28 4 
p 0.425764921561887 1 0.82829032729712 1.00623666008886 1.18418299288061 1.36212932567235 1.5400756584641 1.71802199125584 1.89596832404759 2.07391465683933 2.25186098963107 2.42980732242282 2.60775365521456 2.7856999880063 2.96364632079805 3.14159265358979 
14 39 42 43 44 45 46 47 48 49 50 51 52 53 54 
p 0.425764921561887 1 0.82829032729712 1.00623666008886 1.18418299288061 1.36212932567235 1.5400756584641 1.71802199125584 1.89596832404759 2.07391465683933 2.25186098963107 2.42980732242282 2.60775365521456 2.7856999880063 2.96364632079805 3.14159265358979 
2 2 4 
p 0.425764921561887 1 -38.5000000792457 38.5000000792457 
2 54 2 
p 0.425764921561887 1 -38.5000000792457 38.5000000792457 
Surfaces 15
1 0 -207 0 0 1 0 0 -0 1 1 0 -0 
1 -18.679491924311201 -207 -81 0 0.017452404439743007 -0.99984769519125849 1 0 0 0 -0.99984769519125849 -0.017452404439743007 
10 0 6.2831853071795898 -693 630
3 -18.679491924311201 -207 -102 0 -1 -0 0 0 1 1 0 -0 21
-0.0174532905220985
10 0 6.2831853071795898 -401.09086529728802 4010.9086539728801
3 -36 -207 -80 0 -1 -0 0 0 1 1 0 -0 7
0.0174532905220985
10 0 6.2831853071795898 -693 630
3 -64.396720983672097 -207 -89.676065180406496 0 -1 -0 0 0 1 1 0 -0 23
-0.0174532905220985
10 0 6.2831853071795898 -401.09086529729097 4010.9086539729101
3 -60 -207 -60 0 -1 -0 0 0 1 1 0 -0 7.0000000000000702
0.0174532905220985
10 0 6.2831853071795898 -693 630
3 -77.993192252205802 -207 -60.495007651617598 0 -1 -0 0 0 1 1 0 -0 11
-0.0174532905220985
10 0 6.2831853071795898 -343.79217024051798 3437.9217034051799
3 -71 -207 -45 0 -1 -0 0 0 1 1 0 -0 5.9999999999997504
0.0174532905220985
10 0 6.2831853071795898 -693 630
3 -87.987024692191895 -207 -45.664072365682003 -0 -1 -0 0 -0 1 1 -0 -0 11
-0.0174532905220985
10 0 6.2831853071795898 -572.98695046755404 5729.8695056755396
3 -74.0000002684842 -207 -30.000000488593201 -0 -1 -0 0 -0 1 1 -0 -0 10
0.0174532905220985
10 0 6.2831853071795898 -5849.8825551079799 515.68825541079798
3 -92.017054506846804 -207 -23.967939765100802 -0 -1 -0 0 -0 1 1 -0 -0 9
-0.0174532905220985
10 0 6.2831853071795898 -458.389560354043 4583.8956045404302
3 -76.999999572663796 -207 -16.000000188037799 -0 -1 -0 0 -0 1 1 -0 -0 8
0.0174532905220985
10 0 6.2831853071795898 -5849.8825551079799 515.68825541079798
3 -93.209082642105102 -207 -10.875000085798799 -0 -1 -0 0 -0 1 1 -0 -0 9
-0.0174532905220985
10 0 6.2831853071795898 -693 630
3 -77.000000158491403 -207 4.0000005877946698 0 -1 -0 0 0 1 1 0 -0 13
0.0174532905220985
1 -77.000000158491403 -207 17.000000587794698 6.1223013977541726e-17 -0.017452404439743007 -0.99984769519125849 1 3.8518598887744717e-34 6.1232339957367734e-17 -1.0686515617278175e-18 -0.99984769519125849 0.017452404439743007 
Triangulations 19
55 54 1 0.425764921561887
0 -207 -79.9003310354249 0 -207 15.9003316232195 -18.6794919243112 -207 -79.9003310354249 -32.3501167375602 -207 -84.6359743849767 -28.1851052770182 -207 -82.0490931751801 -23.5522186749203 -207 -80.4442141790724 -34.3406295350776 -207 -85.6621900345839 -36.5701897361144 -207 -85.8727157254908 -38.7176089211377 -207 -85.2372233176895 -40.4735318308493 -207 -83.8472612708231 -41.585001804142 -207 -81.9030662561582 -60.8647369758021 -207 -65.8366202797748 -56.5956558690915 -207 -66.8739287173428 -52.585821297724 -207 -68.6690022536055 -48.9684888754729 -207 -71.1621866505675 -45.8638705072355 -207 -74.2706279123459 -43.375139483288 -207 -77.8910257055124 -63.3921340497467 -207 -64.8277668663832 -65.1979654277494 -207 -62.7919637783326 -65.8980994817809 -207 -60.1622616116451 -73.0158210017751 -207 -49.4665098170216 -69.3382056503462 -207 -52.0396427290413 -66.8515728516414 -207 -55.7762889499712 -74.4920128121918 -207 -48.4378904543679 -75.4974500696371 -207 -46.9458127165446 -75.8965908410986 -207 -45.1914220249014 -79.9280549147495 -207 -36.6388302537732 -77.8284012144921 -207 -39.0910701527941 -76.4519169230438 -207 -42.0112271997269 -82.0003835369366 -207 -33.8999697318071 -82.8813887896802 -207 -30.5803714697039 -82.4398816897806 -207 -27.1743511588634 -83.0954495857828 -207 -19.2342014087435 -82.1553883818503 -207 -21.7882942817486 -81.9314451041016 -207 -24.5006649937689 -83.7292596957635 -207 -17.5269666559431 -83.8943752739926 -207 -15.7133783337186 -83.5792959820665 -207 -13.919753290271 -85.7678841282873 -207 -4.04624632892943 -83.8790816610226 -207 -7.00790881625248 -83.1189000195082 -207 -10.4373611516941 -87.053688756608 -207 -2.36719850794565 -88.0219835220279 -207 -0.48706543429846 -88.6421882911742 -207 1.53477560091907 -88.8947161105326 -207 3.63447196654234 -88.7715917904477 -207 5.74571224873788 -88.2767037730182 -207 7.80182046027882 -87.425681329534 -207 9.73786176356954 -86.2454009657392 -207 11.492693205675 -84.7731376233466 -207 13.01089470021 -83.0553874840744 -207 14.2445192729192 -81.1463995537374 -207 15.154607295689 -79.1064624010659 -207 15.7124168873165 -77.0000001584914 -207 15.9003316232195 -44.4473580552663 -207 -34.9861920511356 -79.9003310354249 0 15.9003316232195 0 -79.9003310354249 -18.6794919243112 -84.6359743849767 -32.3501167375602 -82.0490931751801 -28.1851052770182 -80.4442141790724 -23.5522186749203 -85.6621900345839 -34.3406295350776 -85.8727157254908 -36.5701897361144 -85.2372233176895 -38.7176089211377 -83.8472612708231 -40.4735318308493 -81.9030662561582 -41.585001804142 -65.8366202797748 -60.8647369758021 -66.8739287173428 -56.5956558690915 -68.6690022536055 -52.585821297724 -71.1621866505675 -48.9684888754729 -74.2706279123459 -45.8638705072355 -77.8910257055124 -43.375139483288 -64.8277668663832 -63.3921340497467 -62.7919637783326 -65.1979654277494 -60.1622616116451 -65.898099481781 -49.4665098170216 -73.0158210017751 -52.0396427290413 -69.3382056503462 -55.7762889499712 -66.8515728516414 -48.4378904543679 -74.4920128121918 -46.9458127165446 -75.4974500696371 -45.1914220249014 -75.8965908410984 -36.6388302537732 -79.9280549147495 -39.0910701527941 -77.8284012144921 -42.0112271997269 -76.4519169230438 -33.8999697318071 -82.0003835369366 -30.5803714697039 -82.8813887896802 -27.1743511588634 -82.4398816897806 -19.2342014087435 -83.0954495857828 -21.7882942817486 -82.1553883818503 -24.5006649937689 -81.9314451041016 -17.5269666559431 -83.7292596957635 -15.7133783337186 -83.8943752739926 -13.919753290271 -83.5792959820665 -4.04624632892943 -85.7678841282873 -7.00790881625248 -83.8790816610226 -10.4373611516941 -83.1189000195082 -2.36719850794564 -87.053688756608 -0.487065434298458 -88.0219835220279 1.53477560091908 -88.6421882911742 3.63447196654235 -88.8947161105326 5.74571224873787 -88.7715917904477 7.80182046027882 -88.2767037730182 9.73786176356954 -87.425681329534 11.492693205675 -86.2454009657392 13.01089470021 -84.7731376233466 14.2445192729192 -83.0553874840744 15.154607295689 -81.1463995537374 15.7124168873165 -79.1064624010659 15.9003316232196 -77.0000001584914 -34.9861920511356 -44.4473580552663 12 19 20 13 20 23 12 18 19 12 20 13 14 13 55 22 29 55 26 29 21 24 26 21 25 26 24 21 29 22 55 13 23 23 22 55 8 9 10 4 10 11 7 8 4 4 8 10 4 17 5 4 11 17 15 55 16 6 16 55 5 16 6 55 15 14 55 3 6 5 17 16 3 55 1 28 55 29 39 42 43 54 40 39 36 37 38 36 38 33 39 43 44 47 44 45 47 45 46 48 51 39 49 50 48 39 47 48 39 44 47 50 51 48 31 32 30 35 28 27 28 35 55 32 27 30 27 32 35 55 35 34 34 41 55 41 54 55 34 38 41 54 39 51 41 40 54 53 54 51 55 54 2 51 52 53 34 33 38 55 2 1 
5 4 1 0.425764921561887
0 -207 -81 0 -144 -79.9003310354249 0 -207 17.0000005877947 0 -144 15.9003316232195 0 -175.5 -31.9999997061027 0 0 1.09966896457514 -63 98.0000005877947 0 96.9003316232195 -63 49.0000002938973 -31.5 1 2 5 5 4 3 4 5 2 5 3 1 
4 2 1 0.425764921561887
-18.6794919243112 -207 -81 -18.6794919243112 -144 -79.9003310354249 0 -207 -81 0 -144 -79.9003310354249 0 0 0 -63.0095966645689 18.6794919243112 0 18.6794919243112 -63.0095966645689 1 2 4 4 3 1 
8 6 1 0.425764921561887
-31.6698729810778 -207 -85.5 -32.3501167375602 -144 -84.6359743849767 -18.6794919243112 -207 -81 -18.6794919243112 -144 -79.9003310354249 -27.7121105000385 -207 -83.0418407627369 -23.3097541208544 -207 -81.5168197783825 -28.1851052770182 -144 -82.0490931751801 -23.5522186749203 -144 -80.4442141790724 5.61623896267592 0 5.61623896267592 -63.0095966645689 6.28318530717959 0 6.28318530717959 -63.0095966645689 5.83855441084381 0 6.0608698590117 0 5.83855441084381 -63.0095966645689 6.0608698590117 -63.0095966645689 2 7 1 5 1 7 7 8 5 8 4 3 3 6 8 8 6 5 
17 15 1 0.425764921561887
-31.6698729810778 -207 -85.5 -32.3501167375602 -144 -84.6359743849767 -42.6259015628568 -207 -82.2577485420948 -41.585001804142 -144 -81.9030662561582 -32.7923279674989 -207 -86.2218036076294 -34.0313658361339 -207 -86.7174756813002 -35.3419537393493 -207 -86.9690010129748 -36.6764583425637 -207 -86.9672379111651 -37.9863770584198 -207 -86.7122504558295 -39.2241008739595 -207 -86.2133061693863 -40.3446447008265 -207 -85.4885391884891 -41.307282358894 -207 -84.5642911785919 -42.0770267698175 -207 -83.4741539457718 -34.3406295350776 -144 -85.6621900345839 -36.5701897361144 -144 -85.8727157254908 -38.7176089211377 -144 -85.2372233176895 -40.4735318308493 -144 -83.8472612708231 2.47464630908613 0 2.47464630908613 -63.0095966645689 4.38398205054612 0 4.38398205054612 -63.0095966645689 2.66557988323213 0 2.85651345737813 0 3.04744703152413 0 3.23838060567013 0 3.42931417981613 0 3.62024775396213 0 3.81118132810813 0 4.00211490225412 0 4.19304847640012 0 2.85651345737813 -63.0095966645689 3.23838060567013 -63.0095966645689 3.62024775396213 -63.0095966645689 4.00211490225413 -63.0095966645689 5 1 2 5 2 14 7 14 15 6 5 14 8 7 15 6 14 7 15 9 8 10 9 16 16 9 15 11 16 17 13 17 4 11 10 16 13 12 17 3 13 4 11 17 12 
82 81 1 0.858125534132474
0 -144 84.0346051310434 15.0919417691135 -144 82.6683019855136 29.6931293428776 -144 78.6138214906102 43.3287666898386 -144 72.0030057474542 55.5554551846466 -144 63.0508228237911 65.9756118809949 -144 52.0483765016615 74.2503979672073 -144 39.353440271998 80.1107370017263 -144 25.3788233882231 83.3660646415828 -144 10.578947287222 83.9105253434055 -144 -4.56493111931464 81.7264145349326 -144 -19.5603687796201 76.8847543257617 -144 -33.919749583357 69.5429840365884 -144 -47.1761404824218 59.9398406454519 -144 -58.8984750475614 48.3875956267484 -144 -68.7055707275084 35.2619006226167 -144 -76.2785240025729 20.9895721414095 -144 -81.3710803716587 6.03471249591798 -144 -83.8176419652927 -9.11638170443778 -144 -83.5386523960578 -23.9710327673696 -144 -80.5431837438531 -32.3501167375602 -144 -84.6359743849767 -29.7604775702535 -144 -82.8791442278797 -26.9486565617491 -144 -81.5057011697704 -82.7924236075611 -144 14.3954663945473 -79.0263766467473 -144 28.5770301748943 -72.8509819129858 -144 41.8873404961953 -64.4545141846505 -144 53.9205940318824 -54.092964077537 -144 64.3099222269525 -42.0822334301726 -144 72.7385763474846 -28.7885041221347 -144 78.9495844823785 -14.6170739598212 -144 82.7535860756711 -34.3406295350776 -144 -85.6621900345839 -36.5701897361144 -144 -85.8727157254908 -38.7176089211377 -144 -85.2372233176895 -40.4735318308493 -144 -83.8472612708231 -41.585001804142 -144 -81.9030662561582 -85.7678841282873 -144 -4.04624632892943 -87.0698794957533 -144 -2.34156143474222 -88.0447060731476 -144 -0.430840191499514 -88.6606918988532 -144 1.62383836922546 -88.8978236906304 -144 3.75571806533911 -88.7483970739971 -144 5.89553446204576 -88.2172668961398 -144 7.97376526240032 -87.3216894926947 -144 9.92288907576151 -86.0907620321271 -144 11.6795791771151 -84.5644771533209 -144 13.186760982373 -60.8647369758021 -144 -65.8366202797748 -56.5956558690915 -144 -66.8739287173428 -52.585821297724 -144 -68.6690022536055 -48.9684888754729 -144 -71.1621866505675 -45.8638705072355 -144 -74.2706279123459 -43.375139483288 -144 -77.8910257055124 -84.9296956006491 -144 -5.0909648670461 -84.2371218933152 -144 -6.2374108935379 -83.7023437342834 -144 -7.46542114808374 -63.3921340497467 -144 -64.8277668663832 -65.1979654277494 -144 -62.7919637783326 -65.8980994817809 -144 -60.1622616116451 -83.1727633385164 -144 -12.0044282731635 -83.3767110082503 -144 -10.4947091897348 -83.5532571473097 -144 -8.98154104850192 -73.0158210017751 -144 -49.4665098170216 -69.3382056503462 -144 -52.0396427290413 -66.8515728516414 -144 -55.7762889499712 -83.2668281338404 -144 -12.6512006619983 -83.4025284401382 -144 -13.2905347839323 -83.5792959820665 -144 -13.919753290271 -74.4920128121918 -144 -48.4378904543679 -75.4974500696371 -144 -46.9458127165446 -75.8965908410986 -144 -45.1914220249014 -83.0954495857828 -144 -19.2342014087435 -83.7292596957635 -144 -17.5269666559431 -83.8943752739926 -144 -15.7133783337186 -79.9280549147495 -144 -36.6388302537732 -77.8284012144921 -144 -39.0910701527941 -76.4519169230438 -144 -42.0112271997269 -82.1553883818503 -144 -21.7882942817486 -81.9314451041016 -144 -24.5006649937689 -82.4398816897806 -144 -27.1743511588634 -82.0003835369366 -144 -33.8999697318071 -82.8813887896802 -144 -30.5803714697039 -2.49364917361244 -144 -0.919055297223736 84.0346051310434 0 82.6683019855136 15.0919417691135 78.6138214906102 29.6931293428776 72.0030057474542 43.3287666898385 63.0508228237912 55.5554551846466 52.0483765016615 65.9756118809949 39.353440271998 74.2503979672073 25.3788233882231 80.1107370017263 10.578947287222 83.3660646415828 -4.56493111931464 83.9105253434055 -19.5603687796201 81.7264145349326 -33.919749583357 76.8847543257617 -47.1761404824218 69.5429840365884 -58.8984750475614 59.9398406454519 -68.7055707275084 48.3875956267484 -76.2785240025729 35.2619006226167 -81.3710803716587 20.9895721414095 -83.8176419652927 6.03471249591799 -83.5386523960578 -9.11638170443777 -80.5431837438531 -23.9710327673695 -84.6359743849767 -32.3501167375602 -82.8791442278797 -29.7604775702535 -81.5057011697704 -26.9486565617491 14.3954663945473 -82.7924236075611 28.5770301748942 -79.0263766467473 41.8873404961953 -72.8509819129858 53.9205940318824 -64.4545141846505 64.3099222269525 -54.092964077537 72.7385763474846 -42.0822334301726 78.9495844823785 -28.7885041221347 82.7535860756711 -14.6170739598212 -85.6621900345839 -34.3406295350776 -85.8727157254908 -36.5701897361144 -85.2372233176895 -38.7176089211377 -83.8472612708231 -40.4735318308493 -81.9030662561582 -41.585001804142 -4.04624632892943 -85.7678841282873 -2.34156143474222 -87.0698794957533 -0.430840191499513 -88.0447060731476 1.62383836922547 -88.6606918988532 3.75571806533911 -88.8978236906304 5.89553446204576 -88.7483970739971 7.97376526240032 -88.2172668961398 9.9228890757615 -87.3216894926947 11.6795791771151 -86.0907620321271 13.186760982373 -84.5644771533209 -65.8366202797748 -60.8647369758021 -66.8739287173428 -56.5956558690915 -68.6690022536055 -52.585821297724 -71.1621866505675 -48.9684888754729 -74.2706279123459 -45.8638705072355 -77.8910257055124 -43.375139483288 -5.09096486704611 -84.9296956006491 -6.2374108935379 -84.2371218933152 -7.46542114808375 -83.7023437342834 -64.8277668663832 -63.3921340497467 -62.7919637783326 -65.1979654277494 -60.1622616116451 -65.8980994817809 -12.0044282731635 -83.1727633385164 -10.4947091897347 -83.3767110082503 -8.98154104850192 -83.5532571473097 -49.4665098170216 -73.0158210017751 -52.0396427290413 -69.3382056503462 -55.7762889499712 -66.8515728516414 -12.6512006619983 -83.2668281338404 -13.2905347839323 -83.4025284401382 -13.919753290271 -83.5792959820665 -48.4378904543679 -74.4920128121918 -46.9458127165446 -75.4974500696371 -45.1914220249014 -75.8965908410986 -19.2342014087435 -83.0954495857828 -17.5269666559431 -83.7292596957635 -15.7133783337186 -83.8943752739926 -36.6388302537732 -79.9280549147495 -39.0910701527941 -77.8284012144921 -42.0112271997269 -76.4519169230438 -21.7882942817486 -82.1553883818503 -24.5006649937689 -81.9314451041016 -27.1743511588634 -82.4398816897806 -33.8999697318071 -82.0003835369366 -30.5803714697039 -82.8813887896802 -0.919055297223736 -2.49364917361244 58 64 48 62 68 69 63 62 76 49 64 82 47 58 48 56 57 58 58 47 56 48 64 49 82 50 49 80 81 79 75 78 82 80 79 74 74 79 78 70 76 62 75 74 78 82 76 75 70 62 69 82 63 76 64 63 82 21 32 33 35 36 33 35 33 34 21 33 36 52 23 22 17 18 82 21 36 22 22 36 52 14 82 13 19 82 18 51 50 20 51 20 23 23 52 51 82 20 50 15 82 14 82 15 16 13 82 12 82 16 17 11 12 82 19 20 82 78 77 82 67 72 73 24 54 53 24 55 54 72 67 71 82 60 61 71 67 66 82 61 55 71 66 65 39 40 41 41 42 43 39 41 37 44 41 43 38 39 37 24 44 45 44 24 37 41 44 37 53 37 24 45 46 24 77 59 82 77 65 59 82 24 25 82 59 60 55 24 82 26 82 25 10 82 9 10 11 82 82 8 9 8 82 7 7 82 6 82 26 27 71 65 77 29 82 28 30 31 82 82 29 30 82 31 1 82 5 6 82 4 5 82 3 4 3 82 2 1 2 82 28 82 27 
14 12 1 0.425764921561887
-61.0259015628568 -207 -66.9244152087615 -60.8647369758021 -144 -65.8366202797748 -42.6259015628568 -207 -82.2577485420948 -41.585001804142 -144 -81.9030662561582 -56.9516188165388 -207 -67.9143912162799 -53.124753174649 -207 -69.6275554674043 -49.6724797913891 -207 -72.0069757496669 -46.7095252971003 -207 -74.9735786986948 -44.3343551802438 -207 -78.4287775798591 -56.5956558690915 -144 -66.8739287173428 -52.585821297724 -144 -68.6690022536055 -48.9684888754729 -144 -71.1621866505675 -45.8638705072355 -144 -74.2706279123459 -43.375139483288 -144 -77.8910257055124 0.147087155437075 0 0.147087155437075 -63.0095966645689 1.24238939695633 0 1.24238939695633 -63.0095966645689 0.329637529023618 0 0.51218790261016 0 0.694738276196703 0 0.877288649783245 0 1.05983902336979 0 0.329637529023618 -63.0095966645689 0.51218790261016 -63.0095966645689 0.694738276196703 -63.0095966645689 0.877288649783245 -63.0095966645689 1.05983902336979 -63.0095966645689 10 11 6 2 10 1 1 10 5 6 12 7 6 5 10 12 6 11 14 4 3 13 14 9 8 7 13 3 9 14 8 13 9 13 7 12 
8 6 1 0.425764921561887
-61.0259015628568 -207 -66.9244152087615 -60.8647369758021 -144 -65.8366202797748 -66.9973525425245 -207 -60.1925029756291 -65.8980994817809 -144 -60.1622616116451 -64.024340025274 -207 -65.7275376350556 -66.1667316250207 -207 -63.3123135517295 -63.3921340497467 -144 -64.8277668663832 -65.1979654277494 -144 -62.7919637783326 3.28867980902687 0 3.28867980902687 -63.0095966645689 4.68488508780805 0 4.68488508780805 -63.0095966645689 3.7540815686206 0 4.21948332821433 0 3.7540815686206 -63.0095966645689 4.21948332821433 -63.0095966645689 2 7 1 5 1 7 7 6 5 8 4 3 3 6 8 8 6 7 
8 6 1 0.425764921561887
-73.4681855007785 -207 -50.4688262299827 -73.0158210017751 -144 -49.4665098170216 -66.9973525425245 -207 -60.1925029756291 -65.8980994817809 -144 -60.1622616116451 -70.1248073485203 -207 -52.8081019667888 -67.8641702297829 -207 -56.2051460140737 -69.3382056503462 -144 -52.0396427290413 -66.8515728516414 -144 -55.7762889499712 0.423950313967133 0 0.423950313967133 -63.0095966645689 1.54329243421826 0 1.54329243421826 -63.0095966645689 0.797064354050841 0 1.17017839413455 0 0.797064354050842 -63.0095966645689 1.17017839413455 -63.0095966645689 2 7 1 5 1 7 7 6 5 8 4 3 3 6 8 8 6 7 
8 6 1 0.425764921561887
-73.4681855007785 -207 -50.4688262299827 -73.0158210017751 -144 -49.4665098170216 -76.9954204795971 -207 -45.2343784820056 -75.8965908410986 -144 -45.1914220249014 -75.2756452006378 -207 -49.2093774026879 -76.506709694253 -207 -47.3824668608853 -74.4920128121918 -144 -48.4378904543679 -75.4974500696371 -144 -46.9458127165446 3.56554296755693 0 3.56554296755693 -63.0095966645689 4.67331595867233 0 4.67331595867233 -63.0095966645689 3.93480063126204 0 4.30405829496715 0 3.93480063126203 -63.0095966645689 4.30405829496714 -63.0095966645689 2 7 1 5 1 7 7 8 5 8 4 3 3 6 8 8 6 5 
8 6 1 0.425764921561887
-80.6604880892974 -207 -37.459082334826 -79.9280549147495 -144 -36.6388302537732 -76.9954204795971 -207 -45.2343784820056 -75.8965908410986 -144 -45.1914220249014 -78.7516597758574 -207 -39.688452325708 -77.5002761842682 -207 -42.3432131799351 -77.8284012144921 -144 -39.0910701527941 -76.4519169230438 -144 -42.0112271997269 0.728898984071531 0 0.728898984071531 -63.0095966645689 1.53172330508253 0 1.53172330508253 -63.0095966645689 0.996507091075199 0 1.26411519807887 0 0.996507091075199 -63.0095966645689 1.26411519807887 -63.0095966645689 2 7 1 5 1 7 7 8 5 8 4 3 3 6 8 8 6 5 
11 9 1 0.425764921561887
-80.6604880892974 -207 -37.459082334826 -79.9280549147495 -144 -36.6388302537732 -83.4826603939382 -207 -26.8252316867551 -82.4398816897806 -144 -27.1743511588634 -81.9745160542852 -207 -36.0338299510498 -82.988860611554 -207 -34.3818254203753 -83.6654025521523 -207 -32.5651513018716 -83.97871733625 -207 -30.6520784605256 -83.9170305508658 -207 -28.7145004386802 -82.0003835369366 -144 -33.8999697318071 -82.8813887896802 -144 -30.5803714697039 3.87049163766132 0 3.87049163766132 -63.0095966645689 5.03545650617266 0 5.03545650617266 -63.0095966645689 4.06465244907988 0 4.25881326049844 0 4.45297407191699 0 4.64713488333555 0 4.84129569475411 0 4.25881326049844 -63.0095966645689 4.64713488333555 -63.0095966645689 2 10 5 5 1 2 6 5 10 10 7 6 8 7 11 11 7 10 9 11 4 9 8 11 3 9 4 
8 6 1 0.425764921561887
-84.0668489534558 -207 -19.749618812538 -83.0954495857828 -144 -19.2342014087435 -83.4826603939382 -207 -26.8252316867551 -82.4398816897806 -144 -27.1743511588634 -83.2291431964584 -207 -22.0256177524709 -83.0295832399086 -207 -24.4426609737691 -82.1553883818503 -144 -21.7882942817486 -81.9314451041016 -144 -24.5006649937689 1.08297514686305 0 1.08297514686305 -63.0095966645689 1.89386385258287 0 1.89386385258287 -63.0095966645689 1.35327138210299 0 1.62356761734293 0 1.35327138210299 -63.0095966645689 1.62356761734293 -63.0095966645689 2 7 1 5 1 7 7 8 5 8 4 3 3 6 8 8 6 5 
25 23 1 0.858125534132474
-83.1024079201805 -144.45128201813 -19.2378934501112 -83.0954495857828 -144 -19.2342014087435 -82.1033625164039 -145.965095535779 -25.7087286878629 -82.0987846936153 -145.820139017772 -25.697246233119 -82.0903075968853 -145.675869191876 -25.6629280125963 -82.0780875448349 -145.532849111386 -25.6051667288293 -82.0623994548586 -145.391700212167 -25.5229507752138 -82.038436054906 -145.218044647551 -25.382676601078 -82.0053806821097 -145.01816945891 -25.1558075883593 -81.9709366665316 -144.829450589577 -24.8548393158047 -81.9411479964875 -144.656059437917 -24.4661747814624 -81.9268487674605 -144.462765766614 -23.8007148726687 -81.9851201603047 -144.313355852924 -22.8484965837927 -82.2075939463122 -144.244817458331 -21.5822538779313 -82.6047609371047 -144.287187604548 -20.3195413190534 -82.8525332517405 -144.354390048546 -19.7382884557459 -82.1553883818503 -144 -21.7882942817486 -81.9314451041016 -144 -24.5006649937689 -82.4398816897806 -144 -27.1743511588634 -82.5901100672478 -173.094916478939 -25.7387179178401 -82.8947095727812 -190.048319747945 -25.7558020317921 -83.1996276172435 -207 -25.7715425613118 -83.4826603939382 -207 -26.8252316867551 -83.2797407800752 -207 -26.1264922522942 -83.3741364739059 -207 -26.477913445414 1.08297514686305 -62.5582459035476 1.08297514686305 -63.0095966645689 1.74461868471753 -61.0442017896995 1.74341673065921 -61.1891803886438 1.73991495621934 -61.3334721908756 1.73405822308089 -61.4765140573292 1.725753466976 -61.6176844574795 1.71163450987722 -61.7913664747019 1.68889250601375 -61.9912721099328 1.6588508524009 -62.1800197264353 1.62020424035225 -62.3534372904238 1.55422485207532 -62.546760405767 1.45966808811798 -62.6961930787714 1.33222541782802 -62.7647419136814 1.20100722714597 -62.7223653133053 1.13840004167553 -62.6551526324923 1.35327138210299 -63.0095966645689 1.62356761734293 -63.0095966645689 1.89386385258287 -63.0095966645689 1.75647353584605 -33.9102482149296 1.76432962504546 -16.9542624677578 1.77256283002202 0 1.89386385258287 0 1.81299650420897 0 1.85343017839592 0 15 17 14 17 15 2 2 15 16 17 18 13 13 18 12 17 13 14 16 1 2 10 11 18 9 10 18 12 18 11 18 19 9 7 8 19 6 7 19 5 19 4 19 5 6 4 19 3 8 9 19 20 23 21 20 3 19 24 22 21 23 25 21 24 21 25 19 23 20 
8 6 1 0.425764921561887
-84.0668489534558 -207 -19.749618812538 -83.0954495857828 -144 -19.2342014087435 -84.6278033700479 -207 -13.588235434043 -83.5792959820665 -144 -13.919753290271 -84.8016660011909 -207 -17.7703111601535 -84.9930951687267 -207 -15.6677009370625 -83.7292596957635 -144 -17.5269666559431 -83.8943752739926 -144 -15.7133783337186 4.22456780045284 0 4.22456780045284 -63.0095966645689 5.01862361053815 0 5.01862361053815 -63.0095966645689 4.48925307048128 0 4.75393834050972 0 4.48925307048128 -63.0095966645689 4.75393834050972 -63.0095966645689 2 7 1 5 1 7 7 8 5 8 4 3 3 6 8 8 6 5 
13 11 1 0.539813077147763
-83.1024079201805 -144.45128201813 -19.2378934501112 -83.0954495857828 -144 -19.2342014087435 -83.5813880036617 -144.125699982672 -13.9190918333062 -83.4094941923908 -144.591647652898 -18.5837162317555 -83.6334628521713 -144.679389801261 -17.9430708959056 -83.7669773082292 -144.703402989091 -17.4114438043464 -83.868916478037 -144.671118806489 -16.7709329120832 -83.9092054366288 -144.583215464042 -16.1340209328085 -83.880329275441 -144.434497405376 -15.3832703075319 -83.7670341721861 -144.267840690331 -14.6265542825437 -83.7292596957635 -144 -17.5269666559431 -83.8943752739926 -144 -15.7133783337186 -83.5792959820665 -144 -13.919753290271 4.22456780045284 -62.5582459035476 4.22456780045284 -63.0095966645689 5.01862361053815 -62.883877534269 4.32920647340469 -62.4178588871622 4.42744067255024 -62.3301033732119 4.50675898375474 -62.3060865275012 4.60062172513935 -62.3383756278884 4.69299390218937 -62.4262923604762 4.8017867375381 -62.5750330730678 4.91263028291071 -62.7417151745988 4.48925307048128 -63.0095966645689 4.75393834050972 -63.0095966645689 5.01862361053815 -63.0095966645689 1 2 4 4 2 11 11 5 4 5 11 6 11 7 6 10 12 13 10 13 3 7 12 8 8 12 9 12 10 9 12 7 11 
8 6 1 0.425764921561887
-86.5780943533541 -207 -4.78977253751057 -85.7678841282873 -144 -4.04624632892943 -84.6278033700479 -207 -13.588235434043 -83.5792959820665 -144 -13.919753290271 -84.8949478794441 -207 -7.42896422581248 -84.2175360951938 -207 -10.4850120158178 -83.8790816610226 -144 -7.00790881625248 -83.1189000195082 -144 -10.4373611516941 0.82829032729712 0 0.82829032729712 -63.0095966645689 1.87703095694836 0 1.87703095694836 -63.0095966645689 1.17787053718087 0 1.52745074706461 0 1.17787053718087 -63.0095966645689 1.52745074706461 -63.0095966645689 2 7 1 5 1 7 7 8 5 8 4 3 3 6 8 8 6 5 
28 26 1 0.425764921561887
-86.5780943533541 -207 -4.78977253751057 -85.7678841282873 -144 -4.04624632892943 -77.0000001584914 -207 17.0000005877947 -77.0000001584914 -144 15.9003316232195 -87.9827157977837 -207 -2.95556963947246 -89.0404873768252 -207 -0.901699887055031 -89.7180031513782 -207 1.30697257588621 -89.9938662044215 -207 3.60069471452653 -89.8593643862503 -207 5.90702750365991 -89.3187454566229 -207 8.15313365570428 -88.3890829344324 -207 10.2680779264021 -87.0997368915655 -207 12.1850673512729 -85.4914267198459 -207 13.8435606629466 -83.6149451544118 -207 15.1911802709625 -81.5295541665051 -207 16.185366420977 -79.301113385674 -207 16.7947212926669 -87.053688756608 -144 -2.36719850794565 -88.0219835220279 -144 -0.48706543429846 -88.6421882911742 -144 1.53477560091907 -88.8947161105326 -144 3.63447196654234 -88.7715917904477 -144 5.74571224873788 -88.2767037730182 -144 7.80182046027882 -87.425681329534 -144 9.73786176356954 -86.2454009657392 -144 11.492693205675 -84.7731376233466 -144 13.01089470021 -83.0553874840744 -144 14.2445192729192 -81.1463995537374 -144 15.154607295689 -79.1064624010659 -144 15.7124168873165 3.96988298088691 0 3.96988298088691 -63.0095966645689 6.28318530717959 0 6.28318530717959 -63.0095966645689 4.14782931367866 0 4.3257756464704 0 4.50372197926215 0 4.68166831205389 0 4.85961464484563 0 5.03756097763738 0 5.21550731042912 0 5.39345364322087 0 5.57139997601261 0 5.74934630880435 0 5.9272926415961 0 6.10523897438784 0 4.14782931367866 -63.0095966645689 4.3257756464704 -63.0095966645689 4.50372197926215 -63.0095966645689 4.68166831205389 -63.0095966645689 4.85961464484563 -63.0095966645689 5.03756097763738 -63.0095966645689 5.21550731042912 -63.0095966645689 5.39345364322087 -63.0095966645689 5.57139997601261 -63.0095966645689 5.74934630880435 -63.0095966645689 5.9272926415961 -63.0095966645689 6.10523897438784 -63.0095966645689 17 18 6 2 17 1 19 20 8 21 22 10 20 21 9 18 19 7 5 1 17 6 5 17 8 7 19 10 9 21 8 20 9 6 18 7 22 23 10 23 24 12 24 25 13 27 28 16 4 3 28 26 27 15 25 26 14 12 11 23 13 12 24 15 14 26 3 16 28 15 27 16 13 25 14 23 11 10 
4 2 1 0.425764921561887
-77.0000001584914 -207 17.0000005877947 -77.0000001584914 -144 15.9003316232195 0 -207 17.0000005877947 0 -144 15.9003316232195 2.17540971751503e-31 0 2.17540971751503e-31 -63.0095966645689 77.0000001584914 0 77.0000001584914 -63.0095966645689 1 2 4 4 3 1 

TShapes 32
Ve
1e-07
0 -144 -79.9003310354249
0 0

0101100
*
Ve
1e-07
0 -144 15.9003316232195
0 0

0101100
*
Ed
 1e-07 1 1 0
1  1 0 -79.9003310354249 15.9003316232195
6  1 2 2
6  2 1 0
0

0101000
+32 2 -31 2 *
Ve
1e-07
-18.6794919243112 -144 -79.9003310354249
0 0

0101100
*
Ed
 1e-07 1 1 0
1  2 2 -9.33974596215561 9.33974596215561
2  1 2 2 -9.33974596215561 9.33974596215561
2  2 1 0 -9.33974596215561 9.33974596215561
6  3 3 2
6  4 1 0
0

0101000
+29 2 -32 2 *
Ve
1e-07
-32.3501167375602 -144 -84.6359743849767
0 0

0101100
*
Ed
 1e-07 1 1 0
1  3 2 2.47464630908613 3.14159265358979
2  3 3 2 2.47464630908613 3.14159265358979
2  4 1 0 2.47464630908613 3.14159265358979
6  5 4 2
6  6 1 0
0

0101000
+27 2 -29 2 *
Ve
1e-07
-41.585001804142 -144 -81.9030662561582
0 0

0101100
*
Ed
 1e-07 1 1 0
1  4 2 5.61623896267592 7.52557470413592
2  5 4 2 5.61623896267592 7.52557470413592
2  6 1 0 5.61623896267592 7.52557470413592
6  7 5 2
6  8 1 0
6  9 6 5
0

0101000
+27 2 -25 2 *
Ve
1e-07
-60.8647369758021 -144 -65.8366202797748
0 0

0101100
*
Ed
 1e-07 1 1 0
1  5 2 3.28867980902687 4.38398205054612
2  7 5 2 3.28867980902687 4.38398205054612
2  8 1 0 3.28867980902687 4.38398205054612
6  10 7 2
6  11 1 0
6  12 6 5
0

0101000
+23 2 -25 2 *
Ve
1e-07
-65.8980994817809 -144 -60.1622616116451
0 0

0101100
*
Ed
 1e-07 1 1 0
1  6 2 0.147087155437075 1.54329243421826
2  9 6 2 0.147087155437075 1.54329243421826
2  10 1 0 0.147087155437075 1.54329243421826
6  13 8 2
6  14 1 0
6  15 6 5
0

0101000
+23 2 -21 2 *
Ve
1e-07
-73.0158210017751 -144 -49.4665098170216
0 0

0101100
*
Ed
 1e-07 1 1 0
1  7 2 3.56554296755693 4.68488508780805
2  11 7 2 3.56554296755693 4.68488508780805
2  12 1 0 3.56554296755693 4.68488508780805
6  16 9 2
6  17 1 0
6  18 6 5
0

0101000
+19 2 -21 2 *
Ve
1e-07
-75.8965908410986 -144 -45.1914220249014
0 0

0101100
*
Ed
 1e-07 1 1 0
1  8 2 0.423950313967132 1.53172330508246
2  13 8 2 0.423950313967132 1.53172330508246
2  14 1 0 0.423950313967132 1.53172330508246
6  19 10 2
6  20 1 0
6  21 6 5
0

0101000
+19 2 -17 2 *
Ve
1e-07
-79.9280549147495 -144 -36.6388302537732
0 0

0101100
*
Ed
 1e-07 1 1 0
1  9 2 3.87049163766132 4.67331595867233
2  15 9 2 3.87049163766132 4.67331595867233
2  16 1 0 3.87049163766132 4.67331595867233
6  22 11 2
6  23 1 0
6  24 6 5
0

0101000
+15 2 -17 2 *
Ve
1e-07
-82.4398816897806 -144 -27.1743511588634
0 0

0101100
*
Ed
 1e-07 1 1 0
1  10 2 0.728898984071532 1.89386385258287
2  17 10 2 0.728898984071532 1.89386385258287
2  18 1 0 0.728898984071532 1.89386385258287
6  25 12 2
6  26 1 0
6  27 6 5
0

0101000
+15 2 -13 2 *
Ve
1e-07
-83.0954495857828 -144 -19.2342014087435
0 0

0101100
*
Ed
 1e-07 1 1 0
1  11 2 4.22456780045284 5.03545650617266
2  19 11 2 4.22456780045284 5.03545650617266
2  20 1 0 4.22456780045284 5.03545650617266
6  28 13 2
6  29 1 0
6  30 14 2
6  31 6 5
0

0101000
+11 2 -13 2 *
Ve
1e-07
-83.5792959820665 -144 -13.919753290271
0 0

0101100
*
Ed
 1e-07 1 1 0
1  12 2 1.08297514686305 1.87703095694836
2  21 12 2 1.08297514686305 1.87703095694836
2  22 1 0 1.08297514686305 1.87703095694836
6  32 15 2
6  33 1 0
6  34 16 2
6  35 6 5
0

0101000
+11 2 -9 2 *
Ve
1e-07
-85.7678841282873 -144 -4.04624632892943
0 0

0101100
*
Ed
 1e-07 1 1 0
1  13 2 3.96988298088691 5.01862361053815
2  23 13 2 3.96988298088691 5.01862361053815
2  24 1 0 3.96988298088691 5.01862361053815
6  36 17 2
6  37 1 0
0

0101000
+7 2 -9 2 *
Ve
1e-07
-77.0000001584914 -144 15.9003316232195
0 0

0101100
*
Ed
 1e-07 1 1 0
1  14 2 0.82829032729712 3.14159265358979
2  25 14 2 0.82829032729712 3.14159265358979
2  26 1 0 0.82829032729712 3.14159265358979
6  38 18 2
6  39 1 0
0

0101000
+7 2 -5 2 *
Ed
 1e-07 1 1 0
1  15 2 -38.5000000792457 38.5000000792457
2  27 15 2 -38.5000000792457 38.5000000792457
2  28 1 0 -38.5000000792457 38.5000000792457
6  40 19 2
6  41 1 0
0

0101000
+5 2 -31 2 *
Wi

0101100
-30 0 -28 0 -26 0 +24 0 -22 0 +20 0 -18 0 +16 0 -14 0 +12 0 
-10 0 +8 0 -6 0 +4 0 +3 0 *
Fa
0  1e-07 1 0
2  1
0111000
+2 0 *

+1 1 
0

