DBRep_DrawableShape

CASCADE Topology V1, (c) Matra-Datavision
Locations 6
1
              1               0              -0               0 
             -0               1               0   -22.860017721 
              0               0               1              -0 
1
1.11022302462516e-16               0               1               0 
              0               1              -0               0 
             -1               0 1.11022302462516e-16               0 
1
1.11022302462516e-16              -1               0               0 
              1 1.11022302462516e-16              -0               0 
              0               0               1               0 
1
              1               0              -0 154.907712767908 
             -0               1               0 -13.3018664364701 
              0               0               1 95.8913904340607 
1
              1               0              -0  -1.16840090574 
             -0               1               0               0 
              0               0               1               0 
2  2 1 3 1 4 1 5 1 0
Curve2ds 6
7 0 0  7 8 2  2.2204460492503131e-16 2.8477220581635265e-14  0.22439947611352046 3.2626381945410166e-10  0.44878001990271876 0.085395012820445232  0.67324656765381696 0.25625658066216422  0.89754995475999455 0.50188412225949464  1.1220160974919193 0.80136018275187926  1.3463968506813835 1.1275719283559815  1.5707963267949003 1.4538050112521501 
 3.14159265358979 8 4.7123889803846897 8
1 -15.8713689892829 -102.83751280973 0.15373327941880405 0.98811238166472748 
1 1.5707963267949001 0 0 1 
7 0 0  7 8 2  0 112.37916357073298  0.22439947611355762 112.37916356973432  0.44877882993829216 112.11785730500569  0.67324847510704888 111.59502454435696  0.89754912686750654 110.84340666705961  1.1220161036887846 109.9270214166154  1.3463968506813313 108.9288188689527  1.5707963267949001 107.93055298381599 
 0 8 1.5707963267949001 8
1 -7.04865582077987 19.050014767499999 -1 9.26346890579495e-17 
1 0 0 0 1 
Curves 4
7 0 0  6 7 2  43.031588302618452 -32.351881203970095 88.911153015513079  43.031588302676688 -33.323157709639261 88.911153015136634  42.748527579296812 -34.294351568249887 88.746132437521538  42.181969668685568 -35.14621888394268 88.415836829330203  41.391547266331543 -35.756819197362177 87.955031248160395  40.490405306236099 -36.061884157469997 87.429677658384023  39.589186660267671 -36.061884157470104 86.90427936267362 
 3.14159265358979 7 4.7123889803846897 7
1 39.365688448252399 -36.061884157470097 88.340802094818102 0.15373327941880405 0 -0.98811238166472748 
7 0 0  6 7 2  60.308005656689438 -32.351881203970095 -22.132089949853849  60.308005656510389 -33.323157709639425 -22.132089948702411  59.950331718951567 -34.294351568252424 -21.817538106877937  59.234432330476722 -35.146218883930274 -21.18794940145391  58.235659030428188 -35.756819197366362 -20.309590798383937  57.096981118841114 -36.061884157470054 -19.308194840819532  55.958206307939406 -36.061884157470097 -18.30671366841139 
 0 7 1.5707963267949001 7
1 43.031588302618502 -32.351881203970102 88.911153015513094 0.15373327941880405 0 -0.98811238166472748 
Polygon3D 0
PolygonOnTriangulations 0
Surfaces 3
2 39.365688448252399 -32.351881203970102 88.340802094818102 0.15373327941880405 0 -0.98811238166472748 0.98811238166472748 -1.2677033435032704e-16 0.15373327941880405 -1.2526333699933545e-16 -1 -1.9488819232694038e-17 3.7100029535000001
1 55.237057437535299 -13.2018664364701 -14.496710714911501 -0 1 0 1 0 0 0 0 -1 
1 0.015373327941880399 111.79133653437199 0 -0.15373327941880405 -0.98811238166472748 0 -0.98811238166472748 0.15373327941880405 0 -0 0 -1 
Triangulations 0

TShapes 10
Ve
1e-05
43.0315883026185 -32.3518812039701 88.9111530155131
0 0

0101100
*
Ve
1e-05
39.5891866602677 -36.0618841574701 86.904279362674
0 0

0101100
*
Ed
 5.01902611116188e-06 1 1 0
2  1 1 0 3.14159265358979 4.71238898038469
1  1 0 3.14159265358979 4.71238898038469
0

0101000
+10 0 -9 0 *
Ve
1e-05
55.9582063079394 -36.0618841574701 -18.306713668411
0 0

0101100
*
Ed
 1e-07 1 1 0
2  2 2 1 1.45380501125214 107.930552983816
1  2 0 1.45380501125214 107.930552983816
2  3 1 0 1.45380501125214 107.930552983816
0

0101000
+9 0 -7 0 *
Ve
1e-05
60.3080056566895 -32.3518812039701 -22.1320899498539
0 0

0101100
*
Ed
 6.0689485904143e-06 1 1 0
2  4 1 0 0 1.5707963267949
1  3 0 0 1.5707963267949
0

0101000
+5 0 -7 0 *
Ed
 1e-07 1 1 0
2  5 3 6 1.33116643261967e-14 112.379163570733
1  4 0 1.33116643261967e-14 112.379163570733
2  6 1 0 1.33116643261967e-14 112.379163570733
0

0101000
+10 0 -5 0 *
Wi

0101100
+8 0 +6 0 -4 0 -3 0 *
Fa
0  1e-07 1 0

1111000
+2 0 *

+1 0 
0

