DBRep_DrawableShape

CASCADE Topology V1, (c) Matra-Datavision
Locations 0
Curve2ds 12
1 0 0 1 0 
2 0 0 -1 -0 -0 1 25
1 0 50 1 0 
2 0 0 1 0 -0 1 25
1 6.2831853071795862 0 0 1 
1 0 0 0 1 
2 0 0 1 0 -0 1 15
1 0 0 1 0 
1 0 50 1 0 
2 0 0 -1 -0 -0 1 15
1 6.2831853071795862 0 0 1 
1 0 0 0 1 
Curves 6
2 0 0 -25 0 0 1 -1 0 0 0 -1 0 25
2 0 0 25 0 0 1 -1 0 0 0 -1 0 25
1 -25 0 -25 0 0 1 
2 0 0 25 0 0 1 -1 0 0 0 -1 0 15
2 0 0 -25 0 0 1 -1 0 0 0 -1 0 15
1 -15 0 25 0 0 -1 
Polygon3D 0
PolygonOnTriangulations 0
Surfaces 4
2 0 0 -25 0 0 1 -1 0 0 0 -1 0 25
1 0 0 -25 0 0 1 1 -0 -0 0 -1 0 
1 0 0 25 0 0 1 -1 0 0 0 -1 0 
2 0 0 25 -0 -0 -1 -1 0 0 -0 -1 0 15
Triangulations 0

TShapes 23
Ve
0.003
-25 0 -25
0 0

0101101
*
Ed
 0.003 1 1 0
1  1 0 0 6.28318530717959
2  1 1 0 0 6.28318530717959
2  2 2 0 0 6.28318530717959
0

0101100
+23 0 -23 0 *
Ve
0.003
-25 0 25
0 0

0101101
*
Ed
 0.003 1 1 0
1  2 0 0 6.28318530717959
2  3 1 0 0 6.28318530717959
2  4 3 0 0 6.28318530717959
0

0101100
+21 0 -21 0 *
Ed
 0.003 1 1 0
1  3 0 0 50
3  5 6CN 1 0 0 50
0

0101000
+23 0 -21 0 *
Wi

0101000
+22 0 -20 0 -19 0 +19 0 *
Fa
0  0.003 1 0

0101000
+18 0 *
Wi

0101000
+20 0 *
Ve
0.003
-15 0 25
0 0

0101101
*
Ed
 0.003 1 1 0
1  4 0 0 6.28318530717959
2  7 3 0 0 6.28318530717959
2  8 4 0 0 6.28318530717959
0

0101100
+15 0 -15 0 *
Wi

0101000
-14 0 *
Fa
0  0.003 3 0

0101000
+16 0 +13 0 *
Ve
0.003
-15 0 -25
0 0

0101101
*
Ed
 0.003 1 1 0
1  5 0 0 6.28318530717959
2  9 4 0 0 6.28318530717959
2  10 2 0 0 6.28318530717959
0

0101100
+11 0 -11 0 *
Ed
 0.003 1 1 0
1  6 0 0 50
3  11 12CN 4 0 0 50
0

0101000
+15 0 -11 0 *
Wi

0101000
+14 0 -10 0 -9 0 +9 0 *
Fa
0  0.003 4 0

0101000
+8 0 *
Wi

0101000
+10 0 *
Wi

0101000
-22 0 *
Fa
0  0.003 2 0

0101000
+6 0 +5 0 *
Sh

0101000
+17 0 +12 0 +7 0 +4 0 *
So

0100000
+3 0 *
Co

1100000
+2 0 *

+1 0 