DBRep_DrawableShape

CASCADE Topology V1, (c) Matra-Datavision
Locations 0
Curve2ds 12
1 6.2831853071795898 -12.700009845 -1 0 
7 0 0  11 62 7  4.4924649099825498 -12.700009845  4.4947085659502202 -12.70000984683494  4.4969712303152747 -12.701341989232716  4.4992546876638233 -12.704372122838384  4.5015601871377653 -12.709518320522179  4.5038883948308079 -12.717244588426913  4.5062393461516086 -12.728054577255625  4.5086123982386317 -12.742485293219774  4.5110061823091385 -12.761100809379244  4.5134185560765649 -12.784485976609652  4.5158465561101035 -12.813240134862422  4.5195062472952934 -12.865336168922928  4.5207290962228575 -12.884192356655534  4.5219544243937078 -12.904616866077157  4.5231817062109227 -12.926685346000236  4.5244103630882737 -12.950471615411205  4.5256397634763559 -12.976047663463749  4.5268692228271163 -13.003483649483961  4.528098003632298 -13.032847902970117  4.5293253153896131 -13.064206923587607  4.5305503146271286 -13.097625381176657  4.5329938951506863 -13.168706850313734  4.534212679357883 -13.206375362089679  4.5354258522533692 -13.246166935669271  4.5366390804865473 -13.288383187797507  4.5378362103821477 -13.332527848127624  4.53903767201035 -13.379385468940404  4.540225076438154 -13.428475515753929  4.541402209950717 -13.479879337021027  4.5425690779714376 -13.533740421124428  4.5437223978231858 -13.589954616618902  4.546000712997726 -13.707146235742533  4.5471256123725254 -13.768119580180024  4.5482349169775853 -13.831463137252491  4.5493273354781882 -13.897162690943235  4.5504016217809875 -13.965197131454596  4.5514565750007359 -14.03553845521742  4.5524910395056217 -14.108151764873687  4.553503904868748 -14.182995269303465  4.5544941059091837 -14.260020283591638  4.5554606226645067 -14.339171229059689  4.5573443381459668 -14.501600037425696  4.5582615799312336 -14.584884239788433  4.559153006998212 -14.670141697412092  4.5600183170650608 -14.757396250151839  4.5608558756202777 -14.846461155844036  4.5616650618740575 -14.937282036228719  4.5624458111208064 -15.029875150818276  4.5631968788262469 -15.124073717193825  4.5639167169846555 -15.219645844347744  4.5646066802542116 -15.316758042871019  4.5665833432207217 -15.612168573819185  4.5677772641108705 -15.814603414554391  4.5688440857984061 -16.021896342251434  4.5697812774938793 -16.233410377730937  4.5705869323953214 -16.448511083735461  4.5712596777829377 -16.666569686372274  4.57179858495945 -16.886966196338289  4.5722030793878838 -17.109092530407686  4.5724728506201187 -17.332355632654853  4.5726077624084702 -17.556180595900003  4.5726077626865598 -17.780013783000001 
 0 12 0.25 10 0.375 10 0.5 10 0.625 10 0.75 10 1 12
1 4.5726077626865598 -7.1054273576010003e-15 0 1 
1 0 -96.520074821999998 1 0 
1 4.8521702418305503 -7.1054273576010003e-15 0 1 
7 0 0  9 58 8  4.8521702418305495 -17.780013783000001  4.8521702421707502 -17.506404019588224  4.852376412394281 -17.23280927996796  4.8527886404749623 -16.96031763878776  4.8534065988286335 -16.69007185825706  4.8542294141607831 -16.42325835709908  4.8552553373200098 -16.16109617954988  4.8564814131445537 -15.904825964305374  4.8579031503153658 -15.655698913513767  4.8603197116483035 -15.294599185848552  4.8611724549314337 -15.176345238374143  4.8620718239529923 -15.060313508628976  4.8630183770051723 -14.946503215033879  4.8640070589043756 -14.835572273349859  4.8650406545892979 -14.727120922894228  4.866114437192846 -14.621719957576316  4.8672281496018455 -14.519301685472687  4.8695307992823178 -14.320788103540655  4.8707198011676454 -14.224683501870814  4.8719445821614755 -14.13185324428197  4.8732031177586306 -14.042401793050928  4.8744932568829107 -13.956415917954672  4.8758127218891403 -13.873964696256685  4.8771591085622124 -13.795099512724011  4.8785298861171196 -13.719854059611086  4.8806186527400826 -13.612439475201359  4.8813203108941607 -13.57754450265235  4.8820271990029944 -13.543554911689339  4.8827387094102157 -13.51048198016937  4.8834545940657987 -13.478321026308619  4.884174737263451 -13.447060689076643  4.8848986643025993 -13.416702652463069  4.8856255440718703 -13.387261232458679  4.8870853426060297 -13.330163258309945  4.8878182031853639 -13.302509431840839  4.8885537535106378 -13.275740901454959  4.8892917305196377 -13.2498469732093  4.8900318796504729 -13.224816123730637  4.8907739548455718 -13.200636000226559  4.8915177185483572 -13.177293420475385  4.8922629417055337 -13.154774372833304  4.8945023278860216 -13.089643303024632  4.8960002080929916 -13.049458044026789  4.8975012794669839 -13.012391174068616  4.8990039161452223 -12.978315986198217  4.9005066309586578 -12.947098042447902  4.902008075108701 -12.918597084626303  4.9035070377932239 -12.892668945083628  4.9050024458829871 -12.869167457500096  4.9094751989111352 -12.805504187975748  4.9124390685320902 -12.772183097148389  4.9153774737357514 -12.746811338934814  4.9182850812374301 -12.728208043011382  4.9211586562706211 -12.71523418922081  4.9239969413187481 -12.706829742071948  4.9268004804191232 -12.702036955392106  4.9295713890832902 -12.70000984724283  4.9323130697971411 -12.700009845 
 0 10 0.25 8 0.375 8 0.5 8 0.5625 8 0.625 8 0.75 8 1 10
1 6.2831853071795898 -12.700009845 -1 0 
1 4.9604537779846902 0 0 -1 
1 4.9604537779846902 0 0 -1 
1 0 0 1 0 
1 4.46432418278469 0 0 -1 
1 4.46432418278469 0 0 -1 
Curves 10
2 78.673122278845597 -13.3018836975096 54.762448809843796 -0 -0 -1 -3.1967620165085099e-15 1 0 1 3.1967620165085099e-15 -0 100.738073730469
7 0 0  6 17 4  176.98482043819209 -35.278450853254483 54.762448809843804  177.14484756622045 -34.562572954923432 54.762448815800617  177.30341636321569 -33.82380213479356 54.777709473652955  177.4616131418625 -33.054199713990535 54.825384032194691  177.61748225080299 -32.256175497090972 54.931714426663603  177.76554886734939 -31.452852000756003 55.13279560088916  177.98643028846584 -30.192033726154055 55.641419915751534  178.06710823715491 -29.714211414405636 55.884964742893558  178.13991347522037 -29.266066126192065 56.175174350463621  178.20365384055413 -28.85986799192289 56.509467815969657  178.25781232169678 -28.505151171224977 56.881334129436901  178.34496586731481 -27.922632512257046 57.664769958313912  178.37878505192853 -27.689867222877545 58.074743294246822  178.40382512074248 -27.513820822497909 58.504223733109967  178.42036492425598 -27.39620794190116 58.946302667526083  178.42864740865213 -27.337363917367654 59.394358888746403  178.42864741647156 -27.337363861789264 59.842452747843801 
 0 7 0.44256398156655602 5 0.72701229495800701 5 1 7
1 178.42864741647199 -27.337363861789299 42.0624389648438 -0 0 -1 
2 78.673122278845597 -13.3018836975096 138.582513786844 0 -0 1 1.11022302462516e-16 1 0 -1 1.11022302462516e-16 0 100.738073730469
1 178.428646802451 0.733600830847847 42.0624389648438 -0 0 -1 
7 0 0  6 17 4  178.42864680245106 0.73360083084784478 59.842452747843801  178.42864679486905 0.73360088473833729 59.407976142810682  178.42086074104898 0.78892102335364245 58.973540643844039  178.40530967446668 0.89949520508959102 58.544564776215296  178.38178196741248 1.0650186373545332 58.127051525792162  178.35002651656899 1.2840047015641696 57.72727048077838  178.26718076815325 1.8396855980513507 56.950436577422614  178.21487491524039 2.1837248864584313 56.576052730852531  178.15309019922341 2.5794770281184838 56.237714250811763  178.08225354018114 3.0180387542291571 55.942110775795683  178.00345303653529 3.4876643851849352 55.692279365456969  177.78284005550475 4.7550053050183365 55.156908190364604  177.63209613235406 5.5774281310994347 54.941889169372452  177.4727343236485 6.3963059058557956 54.828767949180047  177.31082565761784 7.1854966793121999 54.778430985498019  177.14857221564296 7.942143486626617 54.76244881593896  176.98482002041067 8.6746853271711437 54.762448809843804 
 0 7 0.26465710361573103 5 0.54704077194277501 5 1 7
2 78.673122278845597 -13.3018836975096 54.762448809843796 -0 -0 -1 -3.1967620165085099e-15 1 0 1 3.1967620165085099e-15 -0 100.738073730469
1 176.32754150321901 11.4321799572076 42.0624389648438 0 -0 1 
2 78.673122278845597 -13.3018836975096 42.0624389648438 0 -0 1 1.11022302462516e-16 1 0 -1 1.11022302462516e-16 0 100.738073730469
1 176.32754150322 -38.0359473522267 42.0624389648438 0 -0 1 
Polygon3D 0
PolygonOnTriangulations 0
Surfaces 3
2 78.673122278845597 -13.3018836975096 42.0624389648438 -0 0 -1 1.11022302462516e-16 1 0 -1 1.11022302462516e-16 0 100.738073730469
2 169.53017807006799 9.7105331420900303 42.0624389648438 -0 0 -1 1.11022302462516e-16 1 0 -1 1.11022302462516e-16 0 7.0120052337646497
2 169.53017807006799 -36.314300537109197 42.0624389648438 -0 0 -1 1.11022302462516e-16 1 0 -1 1.11022302462516e-16 0 7.0120052337646497
Triangulations 0

TShapes 22
Ve
1e-05
176.984820438192 -35.2784508532545 54.7624488098438
0 0

0101100
*
Ve
1.22580590301951e-05
176.327541503219 -38.0359473522268 54.7624488098438
0 0

0101100
*
Ed
 1e-07 1 1 0
2  1 1 0 1.79072039719704 1.8188611243949
1  1 0 1.79072039719704 1.8188611243949
0

0101000
+22 0 -21 0 *
Ve
1e-05
178.428647416472 -27.3373638617893 59.8424527478438
0 0

0101100
*
Ed
 2.69157372463765e-06 1 1 0
2  2 1 0 0 1
1  2 0 0 1
0

0101000
+22 0 -19 0 *
Ve
1.06451565295641e-05
178.428647416472 -27.3373638617893 138.582513786844
0 0

0101100
*
Ed
 1e-07 1 1 0
2  3 1 0 -96.520074822 -17.780013783
1  3 0 -96.520074822 -17.780013783
0

0101000
+17 0 -19 0 *
Ve
1.06451565295641e-05
178.428646802451 0.733600830847847 138.582513786844
0 0

0101100
*
Ed
 1e-07 1 1 0
2  4 1 0 4.57260776268656 4.85217024183055
1  4 0 4.57260776268656 4.85217024183055
0

0101000
+17 0 -15 0 *
Ve
1e-05
178.428646802451 0.733600830847847 59.8424527478438
0 0

0101100
*
Ed
 1e-07 1 1 0
2  5 1 0 -96.520074822 -17.780013783
1  5 0 -96.520074822 -17.780013783
0

0101000
+15 0 -13 0 *
Ve
1e-05
176.98482002041 8.67468532717211 54.7624488098438
0 0

0101100
*
Ed
 1.62329821557458e-06 1 1 0
2  6 1 0 0 1
1  6 0 0 1
0

0101000
+13 0 -11 0 *
Ve
1.22580590301951e-05
176.32754150322 11.4321799572076 54.7624488098438
0 0

0101100
*
Ed
 1e-07 1 1 0
2  7 1 0 1.3227315291949 1.35087223738244
1  7 0 1.3227315291949 1.35087223738244
0

0101000
+9 0 -11 0 *
Ve
1e-07
176.32754150322 11.4321799572076 42.0624389648438
0 0

0101100
*
Ed
 1e-07 1 1 0
2  8 1 0 0 12.700009845
1  8 0 0 12.700009845
2  9 2 0 0 12.700009845
0

0101000
+7 0 -9 0 *
Ve
1e-07
176.327541503219 -38.0359473522268 42.0624389648438
0 0

0101100
*
Ed
 1e-07 1 1 0
2  10 1 0 4.46432418278469 4.96045377798469
1  9 0 4.46432418278469 4.96045377798469
0

0101000
+5 0 -7 0 *
Ed
 1e-07 1 1 0
2  11 3 0 0 12.700009845
1  10 0 0 12.700009845
2  12 1 0 0 12.700009845
0

0101000
+5 0 -21 0 *
Wi

0101100
-20 0 +18 0 -16 0 +14 0 +12 0 +10 0 -8 0 -6 0 -4 0 +3 0 
*
Fa
0  1e-07 1 0

1111000
+2 0 *

-1 0 
0

