DBRep_DrawableShape

CASCADE Topology V1, (c) Matra-Datavision
Locations 0
Curve2ds 4
1 0 -1.5707963267948966 1 0 
1 0 1.5707963267948966 1 0 
1 6.2831853071795862 -1.5707963267948966 0 1 
1 0 -1.5707963267948966 0 1 
Curves 1
2 25 -25 -25 1 0 0 0 0 -1 -0 1 0 50
Polygon3D 0
PolygonOnTriangulations 0
Surfaces 1
4 25 -25 -25 0 0 1 0 1 -0 -1 0 0 50
Triangulations 0

TShapes 10
Ve
0.003
25 -25 -75
0 0

0101101
*
Ed
 0.003 1 1 1
2  1 1 0 0 6.28318530717959
0

0101100
+10 0 -10 0 *
Ve
0.003
25 -25 25
0 0

0101101
*
Ed
 0.003 1 1 1
2  2 1 0 0 6.28318530717959
0

0101100
+8 0 -8 0 *
Ed
 0.003 1 1 0
1  1 0 0 3.14159265358979
3  3 4CN 1 0 0 3.14159265358979
0

0101000
+10 0 -8 0 *
Wi

0101000
+9 0 -7 0 -6 0 +6 0 *
Fa
0  0.003 1 0

0101000
+5 0 *
Sh

0101000
+4 0 *
So

0100000
+3 0 *
Co

1100000
+2 0 *

+1 0 