DBRep_DrawableShape

CASCADE Topology V1, (c) Matra-Datavision
Locations 0
Curve2ds 16
1 0 0 1 0 
1 50 0 0 1 
1 0 0 0 1 
1 0 1 1 0 
1 0 0 0 1 
1 50 0 0 1 
1 0 0 1 0 
1 50 0 0 1 
1 0 0 0 1 
1 0 1 1 0 
1 0 0 1 0 
1 50 0 0 1 
1 0 0 0 1 
1 0 1 1 0 
1 0 0 1 0 
1 0 1 1 0 
Curves 12
1 25 25 -25 0 -1 0 
7 0 0  1 2 2  25 -25 -25  25 25 25 
 0 2 1 2
1 -25 25 25 1 0 0 
7 0 0  1 2 2  25 25 -25  -25 25 25 
 0 2 1 2
1 25 -25 -25 -1 0 0 
7 0 0  1 2 2  -25 -25 -25  25 -25 25 
 0 2 1 2
1 25 25 25 0 -1 0 
1 -25 -25 -25 0 1 0 
7 0 0  1 2 2  -25 25 -25  -25 -25 25 
 0 2 1 2
1 25 -25 25 -1 0 0 
1 -25 25 -25 1 0 0 
1 -25 -25 25 0 1 0 
Polygon3D 0
PolygonOnTriangulations 0
Surfaces 6
9 0 0 0 0 1 1 2 2 2 2 25 25 -25  -25 25 25  
25 -25 -25  25 25 25  

0 2
50 2

0 2
1 2

9 0 0 0 0 1 1 2 2 2 2 25 -25 -25  25 25 25  
-25 -25 -25  25 -25 25  

0 2
50 2

0 2
1 2

9 0 0 0 0 1 1 2 2 2 2 -25 25 -25  -25 -25 25  
25 25 -25  -25 25 25  

0 2
50 2

0 2
1 2

9 0 0 0 0 1 1 2 2 2 2 -25 -25 -25  25 -25 25  
-25 25 -25  -25 -25 25  

0 2
50 2

0 2
1 2

1 -2.0724163126336257e-15 -2.9605947323337506e-16 -25 1.3395600418382522e-16 1.6828643741686594e-17 1 1 0 -1.3395600418382522e-16 -2.2542978714694736e-33 1 -1.6828643741686594e-17 
1 2.9605947323337506e-16 -2.0724163126336257e-15 25 1.6828643741686594e-17 -1.3395600418382522e-16 1 0 1 1.3395600418382522e-16 -1 -2.2542978714694736e-33 1.6828643741686594e-17 
Triangulations 0

TShapes 35
Ve
0.003
25 25 -25
0 0

0101101
*
Ve
0.003
25 -25 -25
0 0

0101101
*
Ed
 0.003 1 1 0
1  1 0 0 50
2  1 1 0 0 50
0

0101000
+35 0 -34 0 *
Ve
0.003
25 25 25
0 0

0101101
*
Ed
 1e-07 1 1 0
1  2 0 0 1
2  2 1 0 0 1
2  3 2 0 0 1
0

0101000
+34 0 -32 0 *
Ve
0.003
-25 25 25
0 0

0101101
*
Ed
 0.003 1 1 0
1  3 0 0 50
2  4 1 0 0 50
0

0101000
+30 0 -32 0 *
Ed
 1e-07 1 1 0
1  4 0 0 1
2  5 1 0 0 1
2  6 3 0 0 1
0

0101000
+35 0 -30 0 *
Wi

0101000
+33 0 +31 0 -29 0 -28 0 *
Fa
0  1e-07 1 0

0111000
+27 0 *
Ve
0.003
-25 -25 -25
0 0

0101101
*
Ed
 0.003 1 1 0
1  5 0 0 50
2  7 2 0 0 50
0

0101000
+34 0 -25 0 *
Ve
0.003
25 -25 25
0 0

0101101
*
Ed
 1e-07 1 1 0
1  6 0 0 1
2  8 2 0 0 1
2  9 4 0 0 1
0

0101000
+25 0 -23 0 *
Ed
 0.003 1 1 0
1  7 0 0 50
2  10 2 0 0 50
0

0101000
+32 0 -23 0 *
Wi

0101000
+24 0 +22 0 -21 0 -31 0 *
Fa
0  1e-07 2 0

0111000
+20 0 *
Ve
0.003
-25 25 -25
0 0

0101101
*
Ed
 0.003 1 1 0
1  8 0 0 50
2  11 4 0 0 50
0

0101000
+25 0 -18 0 *
Ve
0.003
-25 -25 25
0 0

0101101
*
Ed
 1e-07 1 1 0
1  9 0 0 1
2  12 4 0 0 1
2  13 3 0 0 1
0

0101000
+18 0 -16 0 *
Ed
 0.003 1 1 0
1  10 0 0 50
2  14 4 0 0 50
0

0101000
+23 0 -16 0 *
Wi

0101000
+17 0 +15 0 -14 0 -22 0 *
Fa
0  1e-07 4 0

0101000
+13 0 *
Ed
 0.003 1 1 0
1  11 0 0 50
2  15 3 0 0 50
0

0101000
+18 0 -35 0 *
Ed
 0.003 1 1 0
1  12 0 0 50
2  16 3 0 0 50
0

0101000
+16 0 -30 0 *
Wi

0101000
+11 0 +28 0 -10 0 -15 0 *
Fa
0  1e-07 3 0

0101000
+9 0 *
Wi

0101100
+33 0 +24 0 +17 0 +11 0 *
Fa
0  0.003 5 0

0101100
-7 0 *
Wi

0101100
+29 0 +21 0 +14 0 +10 0 *
Fa
0  0.003 6 0

0101100
-5 0 *
Sh

0101100
+26 0 +19 0 +12 0 +8 0 +6 0 -4 0 *
So

0100000
-3 0 *
Co

1100000
+2 0 *

+1 0 