DBRep_DrawableShape

CASCADE Topology V1, (c) Matra-Datavision
Locations 5
1
              1               0              -0               0 
             -0               1               0               0 
              0               0               1               0 
2  1 -1 0
1
              1               0              -0               0 
             -0               1               0              -9 
              0               0               1               0 
1
              1               0              -0               0 
             -0               1               0               0 
              0               0               1               0 
2  3 1 4 1 0
Curve2ds 8
8 -6.98726802168457 98.140697296769005
1 282.96905917188002 -6.9787628824972296 -0.049325308422712585 -0.99878276614537376 
8 -6.98726802168457 98.140697296769005
1 -0.24370376043737499 -6.9830167466507298 -0.034878261386435683 -0.99939156834679155 
1 -46.380885524520401 125.537736448145 0.70710675449400906 0.70710680787908509 
1 -55.972350654411798 -8.0048763532736302 1 0 
1 1.5358897457506999 0 0 1 
1 -2.3047706964235699 -59.763252853165298 1 0 
1 0 0 0 1 
1 61.919984869151698 0.038888909032576399 -0.0144543337793662 -0.99989553066057602 
Curves 4
1 164.96905917187999 -6.9787628824972296 -7 -0.049325308422712585 -0.99878276614537376 0 
1 125.537736448145 -8 -46.380885524520401 0.70710680787908509 0 0.70710675449400906 
1 162.20917161791201 -59.726846702610104 -7.1549011615262899 0.70710680787908509 0 0.70710675449400906 
1 209.098710854377 0.038865218965359397 36.783079851523503 -0.034895846782296014 -0.99928642145900348 0.014454333779366207 
Polygon3D 0
PolygonOnTriangulations 9
2 3 5 
p 2.0690738761044 1 1.02248171686427 52.8123688233877 
2 1 2 
p 2.0690738761044 1 1.02248171686427 52.8123688233877 
2 1 3 
p 1.75597451125644 1 55.6929845093908 117.776056107986 
2 3 5 
p 1.91134526271222 1 55.6929845093908 117.776056107986 
2 2 8 
p 1.78590295411269 1 0.219063331727254 63.3602651350793 
2 2 3 
p 1.78590295411269 1 0.219063331727254 63.3602651350793 
2 2 4 
p 1.87441570932379 1 0.219063331727254 63.3602651350793 
2 1 2 
p 2.0690738761044 1 8.04460567694721 59.8083899051833 
2 3 4 
p 2.0690738761044 1 8.04460567694721 59.8083899051833 
Surfaces 5
1 165.31370832208199 0 -7 -0.70667600426316035 0.034899492709245514 0.70667605761571628 0.70710680787908542 -4.1633363423443364e-17 0.70710675449400873 0.024677667023121935 0.99939082715854322 -0.024677668886233975 
1 -118 0 -7 0 0 1 1 0 -0 -0 1 0 
1 0 1 0 0 1 0 0 -0 1 1 0 -0 
2 157.61577759020099 -59.5 -2.5615067870241299 0.70710680787908509 0 0.70710675449400906 0 -1 0 0.70710675449400906 0 -0.70710680787908509 6.5
2 204.50531682666701 0.26571192157545498 41.3764742260256 -0.034895846782296014 -0.99928642145900348 0.014454333779366207 0.70667600426316035 -0.034899492709245583 -0.70667605761571639 0.70667623766191578 -0.014445528591786492 0.70738958278144271 6.5
Triangulations 6
5 4 1 1.94213449319726
164.91862494584 -8 -7 162.364072791133 -59.7268467026101 -7 208.817987527251 -8 36.8993592671015 207.01164644395 -59.7268467026101 37.6475702820195 185.591030159192 -33.863423351305 14.9496796335508 -0.279366145021019 -8.00487635327363 -2.08570736469634 -59.7632528531654 61.8037054535737 -8.00487635327363 61.0554944386557 -59.7632528531653 29.8589990444387 -33.8840646032195 1 2 5 5 4 3 4 5 2 5 3 1 
18 17 1 2.30737221257639
-118 -8 -7 -118 -99 -7 164.91862494584 -8 -7 30.293285271074 -99 -7 162.364072791133 -59.7268467026101 -7 31.7002956934329 -98.845890140191 -7 33.0405879068874 -98.3908682065764 -7 34.2506073744778 -97.6565106195868 -7 153.177284042129 -66 -6.99999999999993 157.136431153616 -65.3662234586239 -7 160.059061619559 -63.8093584760534 -7 161.522663698049 -62.2253113268602 -7 162.119621276857 -61.005757420304 -7 74.4227031541675 -66.8267626956389 -7 76.8579782947237 -66 -7 75.1673305188386 -66.3748503344145 -7 75.9921257271182 -66.0948368368055 -7 23.4593124729198 -53.5 -7 0 -8 0 -99 282.91862494584 -8 148.293285271074 -99 280.364072791133 -59.7268467026101 149.700295693433 -98.845890140191 151.040587906887 -98.3908682065764 152.250607374478 -97.6565106195868 271.177284042129 -66 275.136431153616 -65.3662234586239 278.059061619559 -63.8093584760534 279.522663698049 -62.2253113268602 280.119621276857 -61.005757420304 192.422703154168 -66.8267626956389 194.857978294724 -66 193.167330518839 -66.3748503344145 193.992125727118 -66.0948368368055 141.45931247292 -53.5 18 2 4 6 7 4 8 4 7 3 1 18 1 2 18 14 16 18 8 14 18 4 8 18 17 18 16 15 3 18 15 9 3 5 9 10 11 12 5 3 9 5 5 12 13 5 10 11 15 18 17 
107 106 1 0.920960321968784
-118 0.999999999999998 -72.9679117916852 -118 1 -7 164.91862494584 1 -7 -69.8244946507904 1 -124.629844611072 208.817987527251 1 36.8993592671015 -65.028653294583 1 -126.786541322262 -66.8010746666308 1 -126.505103220156 -68.4378161559889 1 -125.769058233472 210.720633876071 1 41.4927536416036 210.37472743666 1 39.4011697971753 209.740107909492 1 38.0608622969732 -55.6954892231733 0.999999999999998 -130.983678542358 -58.3940976518126 1 -128.766660325838 -61.5793524857513 1 -127.334246675255 210.720633876071 1 89.9087451875445 -9.69625710019392 1 -180.311842771355 209.412560814668 1 93.8181614752629 210.307057401662 1 92.1896051754185 210.61640459398 1 91.067791968967 -4 1 -182.788646774575 -6.10324941921037 1 -182.499290663769 -8.05022314904556 1 -181.652722076116 199.795846339502 1 106.579964441301 160 1 -182.788646774575 199.155217882482 1 107.30956037538 199.453382480253 1 106.997175473965 199.62894679243 1 106.792130070775 167.463982827986 1 -177.225304231477 165.872135270131 1 -180.116741731647 163.225718880697 1 -182.089270504207 220.802810398796 1 93.1837847701153 180.111244125159 1 -167.788590415111 174.644940753711 1 -168.978586976427 170.161195019969 1 -172.324119603648 223.541907117749 1 90.3357317930216 224.756414391961 1 86.5755418141787 224.200820715934 1 82.6633337083559 203.362750899793 1 -165.27408275528 195.678473382343 1 -166.663390490964 187.914879244752 1 -167.502975517259 223.421826240071 1 79.5723491049914 223.405852462101 1 76.3847539220865 224.153829312037 1 73.2861173116366 215.496377524781 1 -168.821496837107 211.929209305225 1 -166.290896238273 207.731311426485 1 -165.063589472591 229.131915337587 1 59.9716214299943 228.773007552642 1 -163.653162342017 228.072282101567 1 -166.548543952275 226.335836021153 1 -168.969082288393 223.817689939218 1 -170.560682469607 220.886217544924 1 -171.090513035252 217.970257065053 1 -170.481066313515 230.723679581076 1 56.6344183150973 232.870760603058 1 53.6243217847556 235.507920429533 1 51.0327921039385 235.314707684949 1 -152.835805866356 231.953612525197 1 -155.634317582343 229.690365933101 1 -159.376822540361 245.741484635329 1 42.5968930233171 259.107103395449 1 -134.128924548913 251.763208044822 1 -141.087838651081 243.809896175895 1 -147.341166942311 247.236671215141 1 41.6166057736535 248.90858889454 1 40.9831728461706 250.677975426544 1 40.726624019106 270.475286656578 1 -130.208512447488 266.331554167988 1 -130.279340124327 262.413646279283 1 -131.630463091501 266.167121343196 1 40.1857311868918 278.459732135974 1 -118.873047510218 279.299725678858 1 -121.579280934906 279.115996275858 1 -124.406918112384 277.93286214287 1 -126.981696185217 275.906921575061 1 -128.962820440959 273.306325773703 1 -130.088071514695 267.909468434 1 39.7914782969898 269.386084607009 1 38.7860861328882 270.391476771111 1 37.3094699598792 270.785729661013 1 35.5671228690754 278.322721844989 1 -106.848636926585 277.083733156975 1 -110.803436861826 277.130952108989 1 -114.947505619385 271.511956119899 1 14.7707156692067 288.94797312474 1 -71.5604613713293 286.738902863281 1 -83.697345702143 283.18218379807 1 -95.5097841536555 271.49182769417 1 13.8769342300533 271.369409611472 1 12.9913472904896 271.146314760606 1 12.1256226795339 294.89549680451 1 -62.0910783950855 292.008846778791 1 -64.6160595955602 289.969041515591 1 -67.8637469145536 270.520032407978 1 8.32862154993118 271.01454588368 1 4.51222225402852 272.587896454392 1 1.00024059902817 294.601313141159 1 -48.8211583131715 296.947196809168 1 -50.9318193252345 298.263115546441 1 -53.7999926060125 298.333056398653 1 -56.9548568453843 297.145538314819 1 -59.8785293462371 279.597014559492 1 -11.8049607487039 284.845305306576 1 -25.4268681922772 288.239981437199 1 -39.6246529538302 289.423872636328 1 -43.2724851953615 291.605600459428 1 -46.4265844549982 90.1665281993263 1 -37.7395431995978 -72.9679117916852 -118 -7 -118 -7 164.91862494584 -124.629844611072 -69.8244946507905 36.8993592671015 208.817987527251 -126.786541322262 -65.028653294583 -126.505103220156 -66.8010746666308 -125.769058233472 -68.4378161559889 41.4927536416036 210.720633876071 39.4011697971753 210.37472743666 38.0608622969732 209.740107909492 -130.983678542358 -55.6954892231734 -128.766660325838 -58.3940976518126 -127.334246675255 -61.5793524857513 89.9087451875445 210.720633876071 -180.311842771355 -9.69625710019388 93.8181614752629 209.412560814668 92.1896051754185 210.307057401662 91.067791968967 210.61640459398 -182.788646774575 -4 -182.499290663769 -6.10324941921037 -181.652722076116 -8.05022314904556 106.579964441301 199.795846339502 -182.788646774575 160 107.30956037538 199.155217882482 106.997175473965 199.453382480253 106.792130070775 199.62894679243 -177.225304231477 167.463982827986 -180.116741731647 165.872135270131 -182.089270504207 163.225718880697 93.1837847701153 220.802810398796 -167.788590415111 180.111244125159 -168.978586976427 174.644940753711 -172.324119603648 170.161195019969 90.3357317930216 223.541907117749 86.5755418141787 224.756414391961 82.663333708356 224.200820715934 -165.27408275528 203.362750899793 -166.663390490964 195.678473382343 -167.502975517259 187.914879244752 79.5723491049915 223.421826240071 76.3847539220865 223.405852462101 73.2861173116366 224.153829312037 -168.821496837107 215.496377524781 -166.290896238273 211.929209305225 -165.063589472591 207.731311426485 59.9716214299943 229.131915337587 -163.653162342017 228.773007552642 -166.548543952275 228.072282101567 -168.969082288393 226.335836021153 -170.560682469607 223.817689939218 -171.090513035252 220.886217544924 -170.481066313515 217.970257065053 56.6344183150973 230.723679581076 53.6243217847556 232.870760603058 51.0327921039385 235.507920429533 -152.835805866356 235.314707684949 -155.634317582343 231.953612525197 -159.376822540361 229.690365933101 42.5968930233171 245.741484635329 -134.128924548913 259.107103395449 -141.087838651081 251.763208044822 -147.341166942311 243.809896175895 41.6166057736535 247.236671215141 40.9831728461706 248.90858889454 40.7266240191059 250.677975426544 -130.208512447488 270.475286656579 -130.279340124327 266.331554167988 -131.630463091501 262.413646279283 40.1857311868918 266.167121343196 -118.873047510218 278.459732135974 -121.579280934906 279.299725678858 -124.406918112384 279.115996275858 -126.981696185217 277.93286214287 -128.962820440959 275.906921575061 -130.088071514695 273.306325773703 39.7914782969898 267.909468434 38.7860861328882 269.386084607009 37.3094699598792 270.391476771111 35.5671228690754 270.785729661013 -106.848636926585 278.322721844989 -110.803436861826 277.083733156975 -114.947505619385 277.130952108989 14.7707156692067 271.511956119899 -71.5604613713293 288.94797312474 -83.697345702143 286.738902863281 -95.5097841536555 283.18218379807 13.8769342300533 271.49182769417 12.9913472904896 271.369409611472 12.1256226795339 271.146314760606 -62.0910783950855 294.89549680451 -64.6160595955602 292.008846778791 -67.8637469145536 289.969041515591 8.32862154993117 270.520032407978 4.51222225402853 271.01454588368 1.00024059902819 272.587896454392 -48.8211583131714 294.601313141159 -50.9318193252345 296.947196809168 -53.7999926060125 298.263115546441 -56.9548568453843 298.333056398653 -59.8785293462371 297.145538314819 -11.8049607487039 279.597014559492 -25.4268681922773 284.845305306576 -39.6246529538302 288.239981437199 -43.2724851953615 289.423872636328 -46.4265844549982 291.605600459428 -37.7395431995978 90.1665281993263 107 34 24 16 20 21 30 24 29 16 21 22 20 107 24 24 28 29 28 24 34 40 32 3 50 53 44 107 33 34 16 107 20 6 7 4 14 6 4 4 1 14 4 7 8 13 14 2 3 57 38 40 3 39 3 38 39 38 57 46 16 12 107 33 3 32 45 46 59 107 12 13 48 44 45 52 50 51 52 53 50 50 48 49 44 48 50 59 48 45 58 46 57 62 3 61 3 81 61 68 69 83 61 82 69 63 57 3 58 59 46 67 75 76 74 75 73 71 68 83 68 71 67 69 82 83 75 67 73 81 82 61 73 71 72 71 73 67 85 86 3 63 3 62 87 81 3 86 87 3 93 85 105 2 14 1 2 107 13 104 85 3 11 10 60 5 11 60 3 107 2 95 3 5 56 60 10 56 9 55 56 10 9 43 47 9 54 55 9 47 54 9 43 9 15 64 5 60 18 17 31 19 18 31 26 25 31 23 27 31 26 31 27 17 23 31 41 42 15 37 41 15 15 31 35 31 15 19 35 36 15 15 36 37 42 43 15 105 106 92 85 104 105 3 102 103 103 104 3 105 92 93 91 100 101 91 92 106 97 98 99 100 91 99 99 91 97 106 97 91 102 3 96 79 77 78 70 77 80 64 65 94 80 66 70 90 65 66 79 80 77 95 5 94 94 65 90 84 88 90 90 66 84 88 89 90 80 84 66 95 96 3 94 5 64 3 33 107 
11 9 1 1.10640954013875
153.177284042129 -66 -6.99999999999993 162.364072791133 -59.7268467026101 -7 157.136431153616 -65.3662234586239 -7 160.059061619559 -63.8093584760534 -7 161.522663698049 -62.2253113268602 -7 162.119621276857 -61.005757420304 -7 202.41825241624 -66 42.2409646565215 207.01164644395 -59.7268467026101 37.6475702820195 206.617084485479 -62.1437881621977 38.0421322702797 205.611036990658 -64.1757086931804 39.0481798410549 204.140016961632 -65.5266950522518 40.5191999811395 6.74021632987062e-15 -6.27697753524069 1.5358897457507 0.219063331727241 0.445266499445455 -3.47743765806173 0.846006348175992 -1.4108257710605 1.1381456979335 -0.375902759889689 1.33701772162652 0.0462100019287242 0 63.3602651350792 1.5358897457507 63.3602651350793 1.15191730931303 63.3602651350793 0.767944872875354 63.3602651350793 0.383972436437682 63.3602651350793 1 3 11 1 11 7 11 3 10 3 4 10 5 6 9 4 5 9 6 8 9 8 6 2 4 9 10 
5 4 1 2.07884913187135
165.313708322082 0 -7 162.364072791133 -59.7268467026101 -7 207.01164644395 -59.7268467026101 37.6475702820195 209.09735365118 -9.99200722162641e-16 36.7836420235247 185.730713221156 -29.863423351305 14.8918210117624 2.26485497023532e-14 0 -2.08570736469634 -59.7632528531654 61.0554944386557 -59.7632528531653 61.9194226971505 0 29.9168576662271 -29.8816264265827 1 2 5 5 3 4 3 5 2 5 4 1 
8 6 1 1.13395449395321
208.817987527251 -8 36.8993592671015 207.01164644395 -59.7268467026101 37.6475702820195 210.720633876071 -8 41.4927536416036 210.37472743666 -8 39.4011697971753 209.740107909492 -8 38.0608622969732 208.043442199322 -59.7434137620119 38.9931977860761 208.692380171664 -59.7434137620119 40.5598725564058 208.91429279277 -59.7268467026101 42.2409646565216 0 8.04460567694721 0 59.8083899051833 0.784893572178495 8.04460567694721 0.457289597885446 8.02644392404702 0.228644799372864 8.02921625784446 0.261631190726168 59.8083899051833 0.523262381452335 59.8083899051833 0.784893572178502 59.8083899051833 1 5 2 6 2 5 5 4 6 4 3 7 8 7 3 4 7 6 

TShapes 10
Ve
6.27336941187818e-05
164.91862494584 -8 -7
0 0

0101100
*
Ve
1.5e-07
162.364072791133 -59.7268467026101 -7
0 0

0101100
*
Ed
 1e-07 1 1 0
1  1 0 1.02248171686427 52.8123688233877
2  1 2 0 1.02248171686427 52.8123688233877
2  2 1 0 1.02248171686427 52.8123688233877
6  1 2 0
6  2 1 0
0

0101000
+10 2 -9 0 *
Ve
4.18224627458545e-05
208.817987527251 -8 36.8993592671015
0 0

0101100
*
Ed
 1e-08 1 1 0
1  2 0 55.6929845093908 117.776056107986
2  3 3 5 55.6929845093908 117.776056107986
2  4 1 1 55.6929845093908 117.776056107986
6  3 1 1
6  4 3 5
0

0101000
+10 0 -7 0 *
Ve
1e-07
207.01164644395 -59.7268467026101 37.6475702820195
0 0

0101100
*
Ed
 1e-07 1 1 0
1  3 0 0.219063331727254 63.3602651350793
2  5 4 0 0.219063331727254 63.3602651350793
2  6 1 0 0.219063331727254 63.3602651350793
4 G1 4 0 1 0
6  5 4 0
6  6 5 0
6  7 1 0
0

0101000
+9 0 -5 0 *
Ed
 1e-07 1 1 0
1  4 0 8.04460567694721 59.8083899051833
2  7 5 0 8.04460567694721 59.8083899051833
2  8 1 0 8.04460567694721 59.8083899051833
4 G1 5 0 1 0
6  8 6 0
6  9 1 0
0

0101000
+7 2 -5 0 *
Wi

0101100
+8 1 -6 0 +4 1 -3 1 *
Fa
0  1e-07 1 0
2  1
0111000
+2 2 *

-1 1 
0

