DBRep_DrawableShape

CASCADE Topology V1, (c) Matra-Datavision
Locations 4
1
              1               0               0              -0 
              0               1              -0               0 
             -0               0               1              -0 
1
              1               0               0               0 
             -0 0.995004165278026 0.0998334166468282 -0.000751762562824859 
              0 -0.0998334166468282 0.995004165278026 -0.0150227197917234 
2  1 1 2 1 0
2  2 -1 1 -1 0
Curve2ds 7
2 0 0 1 -7.5686746126356398e-18 7.5686746126356398e-18 1 0.22919778755989201
1 0 0.28822025563579101 1 0 
2 0 0 -1 3.0274698450542498e-17 3.0274698450542498e-17 1 0.22919778755989201
1 0 0 1 0 
1 -0.16794276237487801 -0.37967565655708302 1 0 
1 6.2831853071795898 0 0 1 
1 0 0 0 1 
Curves 3
2 0.120277493260913 -0.15047786899719201 0 -1 0 0 0 -0.99500416527802582 0.099833416646828169 0 0.099833416646828169 0.99500416527802582 0.22919778755989201
2 -0.16794276237487801 -0.15047786899719201 0 -1 0 0 0 -0.99500416527802582 0.099833416646828169 0 0.099833416646828169 0.99500416527802582 0.22919778755989201
1 -0.16794276237487801 -0.37967565655708302 0 1 0 0 
Polygon3D 0
PolygonOnTriangulations 0
Surfaces 4
1 0.120277493260913 -0.15047786899719201 0 -1 0 0 0 -0.99500416527802582 0.099833416646828169 0 0.099833416646828169 0.99500416527802582 
2 -0.16794276237487801 -0.15047786899719201 0 1 -0 -0 0 -0.99500416527802582 0.099833416646828169 0 0.099833416646828169 0.99500416527802582 0.22919778755989201
1 -0.16794276237487801 -0.15047786899719201 0 -1 0 0 0 0.99500416527802582 -0.099833416646828169 0 0.099833416646828169 0.99500416527802582 
1 0 0 -0 0 0 1 1 0 -0 -0 1 0 
Triangulations 0

TShapes 13
Ve
1e-07
0.120277493260913 -0.379675656557083 0
0 0

0101100
*
Ed
 1e-07 1 1 0
1  1 0 0 6.28318530717959
2  1 1 0 0 6.28318530717959
2  2 2 0 0 6.28318530717959
0

0101100
+13 3 -13 3 *
Wi

0101000
+12 0 *
Fa
0  1e-07 1 0

0111000
+11 0 *
Ve
1e-07
-0.167942762374878 -0.379675656557083 0
0 0

0101100
*
Ed
 1e-07 1 1 0
1  2 0 0 6.28318530717959
2  3 3 0 0 6.28318530717959
2  4 2 0 0 6.28318530717959
0

0101100
+9 3 -9 3 *
Wi

0101000
-8 0 *
Fa
0  1e-07 3 0

0111000
+7 0 *
Ed
 1e-07 1 1 0
2  5 4 0 0 0.288220255635791
1  3 0 0 0.288220255635791
3  6 7CN 2 4 0 0.288220255635791
0

0101000
+9 0 -13 0 *
Wi

0101000
+8 0 -12 0 -5 3 +5 3 *
Fa
0  1e-07 2 0

0111000
+4 0 *
Sh

0101000
+10 0 +6 0 +3 0 *
So

1100000
-2 0 *

+1 0 
0

