DBRep_DrawableShape

CASCADE Topology V1, (c) Matra-Datavision
Locations 1
1
              1               0              -0              -0 
             -0               1               0              -0 
              0               0               1 -57.9000015258789 
Curve2ds 30
1 -8.8817841970012504e-16 2.5661860143900301 1 0 
1 98.311680399423295 -0.213669876958169 -0.061048536273784489 0.99813479862132282 
1 0 2.5661860143900501 1 0 
1 98.311680399423295 0.21366987695831699 -0.061048536273784489 -0.99813479862132282 
1 11.092653121165 0 0 1 
7 0 0  9 18 3  97.275554396181604 16.7268414393798  97.275445100728703 16.728628404343201  97.275335786618001 16.7304154581274  97.275223774620002 16.732247167146401  97.2751086331876 16.734130925472201  97.274992178482506 16.736036954847101  97.274878474360904 16.7378983046675  97.274773832363493 16.7396108520004  97.274686811744402 16.741033301570301  97.237897595576101 17.339962686058399  97.097496742794206 17.988069381818299  96.827687254668106 18.648937141894599  96.418929807825805 19.2761067202484  95.874803871348803 19.800474768940202  95.268980677158893 20.170658455122801  94.652433127110399 20.398934143845199  94.062493696218098 20.500000000000199  93.524917761173 20.5 
 16.9721678271675 10 16.989834528430901 8 28.0648209483325 10
1 11.0926531211695 0 0 1 
7 0 0  9 18 3  97.275554396181604 -16.726841439380301  97.275445100730707 -16.7286284043299  97.275335786614804 -16.730415458101898  97.275223774632593 -16.7322471671154  97.275108633173701 -16.734130925434499  97.274992178500796 -16.736036954813301  97.274878474351695 -16.737898304634601  97.274773832369604 -16.739610851973499  97.274686811745198 -16.741033301546899  97.237897595574793 -17.339962686044  97.097496742779597 -17.9880693818106  96.827687254670394 -18.648937141899001  96.418929807789695 -19.276106720249601  95.874803871348803 -19.8004747689486  95.268980677135701 -20.170658455121899  94.652433127109106 -20.398934143846301  94.062493696216606 -20.5  93.524917761173 -20.5 
 16.972167827167699 10 16.989834528431 8 28.064820948337101 10
1 0 2.4748737341529101 1 0 
1 93.260644211648597 20.5 -1 0 
1 0 2.4748737341529101 1 0 
1 93.260644211648597 -20.5 -1 0 
1 0 4.94974746830583 1 0 
2 11.0278700469329 16.5 -2.3684757858670001e-16 1 -1 -2.3684757858670001e-16 4
1 0 4.94974746830583 1 0 
2 11.0278700469329 -16.5 2.3684757858670001e-16 -1 -1 -2.3684757858670001e-16 4
1 3.5527136788005001e-15 2.4748737341529101 1 0 
1 7.0353308524475704 16.744194145095101 -0.061048536273784489 -0.99813479862132282 
1 0 2.4748737341529199 1 0 
1 7.0353308524475704 -16.744194145095101 -0.061048536273784489 0.99813479862132282 
8 -2.5661860143900501 2.5661860143900301
1 16.9721678271674 0 0 1 
8 -2.5661860143900501 2.5661860143900301
7 0 0  1 2 2  0 16.9721678271675  11.092653121165 16.9721678271675 
 -2.5661860143900501 2 2.5661860143900301 2
1 0 0 0 1 
7 0 0  9 18 3  -2.35693173013889e-16 52.202834475074603  0.00023830890159596299 52.202842690546802  0.00047662386415792802 52.202850910871703  0.00071449195875767898 52.202859112387799  0.00095183619457910105 52.2028672884054  0.0011889555189180999 52.202875449198501  0.0014265248171826501 52.202883622015797  0.0016655949128924 52.202891851072202  0.0019075925676793799 52.202900197550797  0.156824298304507 52.208263624231201  0.32272534263154101 52.228608994759703  0.49773577700767102 52.267118631249097  0.67836168777884198 52.325017552137602  0.85956664110105796 52.402614944698499  1.0350073325126901 52.492065327596499  1.20243737999711 52.584032540127801  1.3605654568735801 52.673600119749103  1.50988277121695 52.758158584033801 
 16.9721678271675 10 16.989834528430901 8 28.0648209483325 10
8 0 11.092653121165
7 0 0  1 2 2  -0.26427354952441101 -2.4748737341529199  -0.26427354952441101 2.4748737341529101 
 0 2 11.092653121165 2
8 0 11.092653121165
1 0 28.0648209483325 1 0 
1 0 -2.4748737341529199 1 0 
1 91.639834864564506 -51.900001525878899 -1 0 
8 -2.4748737341529199 2.4748737341529101
1 82.232774164715707 0 0 1 
8 -2.4748737341529199 2.4748737341529101
1 -2.3684757858670001e-16 2.4748737341529199 0 1 
Curves 15
1 98.311680399423295 -0.213669876958169 -55.400001525878899 -0.061048536273784385 0.99813479862132282 -0 
1 98.311680399423295 0.21366987695831699 -55.400001525878899 -0.061048536273784385 -0.99813479862132282 0 
7 0 0  9 18 3  97.275554396181604 16.7268414393798 -55.400001525878899  97.275445100728703 16.728628404343201 -55.400001525879297  97.275335786618001 16.7304154581274 -55.400001525877698  97.275223774620002 16.732247167146401 -55.400001525881002  97.2751086331876 16.734130925472201 -55.400001525876299  97.274992178482506 16.736036954847101 -55.400001525881201  97.274878474360904 16.7378983046675 -55.4000015258773  97.274773832363493 16.7396108520004 -55.400001525879702  97.274686811744402 16.741033301570301 -55.4000015258788  97.237897595576101 17.339962686058399 -55.400001525877599  97.097496742794206 17.988069381818299 -55.400001525884797  96.827687254668106 18.648937141894599 -55.400001525865697  96.418929807825805 19.2761067202484 -55.400001525897402  95.874803871348803 19.800474768940202 -55.4000015258612  95.268980677158893 20.170658455122801 -55.400001525890801  94.652433127110399 20.398934143845199 -55.4000015258733  94.062493696218098 20.500000000000199 -55.400001525880398  93.524917761173 20.5 -55.400001525878899 
 16.9721678271675 10 16.989834528430901 8 28.0648209483325 10
7 0 0  9 18 3  97.275554396181604 -16.726841439380301 -55.400001525878899  97.275445100730707 -16.7286284043299 -55.400001525879702  97.275335786614804 -16.730415458101898 -55.400001525876299  97.275223774632593 -16.7322471671154 -55.400001525883802  97.275108633173701 -16.734130925434499 -55.400001525872803  97.274992178500796 -16.736036954813301 -55.400001525884001  97.274878474351695 -16.737898304634601 -55.400001525875901  97.274773832369604 -16.739610851973499 -55.40000152588  97.274686811745198 -16.741033301546899 -55.4000015258788  97.237897595574793 -17.339962686044 -55.400001525879198  97.097496742779597 -17.9880693818106 -55.400001525878302  96.827687254670394 -18.648937141899001 -55.400001525880199  96.418929807789695 -19.276106720249601 -55.400001525877599  95.874803871348803 -19.8004747689486 -55.400001525879297  95.268980677135701 -20.170658455121899 -55.400001525879198  94.652433127109106 -20.398934143846301 -55.400001525878501  94.062493696216606 -20.5 -55.400001525879098  93.524917761173 -20.5 -55.400001525878899 
 16.972167827167699 10 16.989834528431 8 28.064820948337101 10
1 93.260644211648597 20.5 -55.400001525878899 -1 0 0 
1 93.260644211648597 -20.5 -55.400001525878899 -1 0 0 
2 11.0278700469329 16.5 -55.400001525878899 0 0 1 -2.3684757858670001e-16 1 0 -1 -2.3684757858670001e-16 0 4
2 11.0278700469329 -16.5 -55.400001525878899 -0 -0 -1 2.3684757858670001e-16 -1 0 -1 -2.3684757858670001e-16 0 4
1 7.0353308524475704 16.744194145095101 -55.400001525878899 -0.061048536273784489 -0.99813479862132282 0 
1 7.0353308524475704 -16.744194145095101 -55.400001525878899 -0.061048536273784489 0.99813479862132282 -0 
1 99.153562319018306 16.841705318444198 -53.654950468889503 -0.73182844591373286 -0.044760542852791192 -0.68001736709808691 
7 0 0  9 18 3  101.03157024185499 16.956569197509499 -51.9098994119  101.031461127632 16.9583531994118 -51.909899411900298  101.03135152269201 16.960137216845599 -51.9098993797137  101.031241653229 16.961917860134999 -51.909899308694598  101.031131562631 16.9636945532765 -51.909899195401799  101.031021111725 16.965469533911001 -51.909899039641999  101.030909978434 16.967247853367901 -51.9098988444103  101.030797658144 16.969037376612299 -51.909898615954802  101.03068346340299 16.970848782293501 -51.909898363720899  100.957259057763 18.130414128536401 -51.909733021176102  100.676757776774 19.359681751908099 -51.908956572406503  100.141351496303 20.5996983502273 -51.907149053102998  99.330414854424802 21.765672833176598 -51.903981615175397  98.253300898558805 22.724278666488999 -51.900470544098702  97.060531211060095 23.396343882346098 -51.900113417905899  95.837317480456605 23.8121101675282 -51.899981555638199  94.647985448043002 24.0000000000006 -51.90000152588  93.524917761173 24 -51.900001525878899 
 16.9721678271675 10 16.989834528430901 8 28.0648209483325 10
7 0 0  1 2 2  93.524917761173 24 -51.900001525878899  93.524917761173 20.5 -55.400001525878899 
 0 2 11.092653121165 2
1 93.260644211648597 24 -51.900001525878899 -1 0 0 
1 11.0278700469329 22.25 -53.650001525878899 -0 -0.70710678118654757 -0.70710678118654757 
Polygon3D 0
PolygonOnTriangulations 22
2 2 4 
p 1.69565693975095 1 0.21406915904895 16.9721678271674 
2 2 4 
p 1.69565693975097 1 0.214069159048717 16.9721678271676 
4 2 5 6 4 
p 1.50930000177855 1 16.9721678271675 20.6697188675558 24.3672699079442 28.0648209483325 
4 2 17 18 19 
p 1.427676263053 1 16.9721678271675 20.6697188675558 24.3672699079442 28.0648209483325 
8 2 18 19 20 21 22 23 17 
p 0.750667020082818 1 16.9721678271677 18.8209433473626 20.6697188675575 22.5184943877524 24.1823923559278 25.6799005272857 26.8723607378114 28.0648209483371 
8 3 7 8 9 10 11 12 13 
p 2.24076190520819 1 16.9721678271677 18.8209433473626 20.6697188675575 22.5184943877524 24.1823923559278 25.6799005272857 26.8723607378114 28.0648209483371 
2 4 14 
p 9.22873998694662 1 -0.264273549524411 82.2327741647157 
2 5 7 
p 9.3000651784149 1 -0.264273549524411 82.2327741647157 
2 2 7 
p 8.24970479142401 1 -0.264273549524411 82.2327741647157 
2 13 15 
p 9.30519488125373 1 -0.264273549524411 82.2327741647157 
7 2 15 16 17 18 19 14 
p 0.810280010651104 1 -2.368475785867e-16 0.251618301040377 0.503236602080754 0.75485490312113 1.00647320416151 1.25809150520188 1.50970980624226 
7 2 15 16 17 18 19 14 
p 0.810280010651104 1 0 0.251618301040377 0.503236602080754 0.754854903121131 1.00647320416151 1.25809150520188 1.50970980624226 
2 2 4 
p 1.69578642220534 1 -3.5527136788005e-15 16.7754838006079 
2 2 4 
p 1.69578642220535 1 0 16.7754838006081 
2 1 2 
p 0.750667020082811 1 -2.56618601439005 2.56618601439003 
15 1 4 5 6 7 8 9 10 11 12 13 14 15 16 3 
p 0.750668254803337 1 16.9721678271675 17.8965555872646 18.8209433473617 19.7453311074587 20.6697188675558 21.5016678516432 22.2504219373218 22.9991760230005 23.7479301086791 24.4966841943577 25.2454382800364 25.994192365715 26.9362550693306 27.5005380088316 28.0648209483325 
5 3 20 21 22 19 
p 0.750667020082811 1 0 2.77316328029126 5.54632656058251 8.31948984087377 11.092653121165 
5 1 2 3 4 5 
p 2.13593571160439 1 0 2.77316328029126 5.54632656058251 8.31948984087377 11.092653121165 
2 2 3 
p 8.64158472352591 1 -0.264273549524411 82.2327741647157 
2 1 6 
p 10.0600972451703 1 -0.264273549524411 82.2327741647157 
2 6 7 
p 1.40000008 1 -2.47487373415292 2.47487373415291 
2 1 2 
p 1.49480491075948 1 -2.47487373415292 2.47487373415291 
Surfaces 13
1 0 0 2.5 0 0 1 1 0 -0 -0 1 0 
1 100.18968832226 -0.098805997892829803 -53.654950468889503 -0.67874899776745101 -0.0415140649020911 0.73319600411144203 -0.061048536273784579 0.99813479862132271 8.6736173798840355e-17 -0.73182844591373264 -0.04476054285279122 -0.68001736709808691 
1 100.18968832226 0.098805997892977601 -53.654950468889503 -0.67874899776745112 0.041514064902090204 0.73319600411144215 -0.061048536273783885 -0.99813479862132271 -5.0653925498522747e-16 -0.73182844591373275 0.044760542852791123 -0.68001736709808691 
9 0 0 0 0 1 9 2 18 2 3 101.03157024185499 16.956569197509499 -51.9098994119  101.031461127632 16.9583531994118 -51.909899411900298  101.03135152269201 16.960137216845599 -51.9098993797137  101.031241653229 16.961917860134999 -51.909899308694598  101.031131562631 16.9636945532765 -51.909899195401799  101.031021111725 16.965469533911001 -51.909899039641999  101.030909978434 16.967247853367901 -51.9098988444103  101.030797658144 16.969037376612299 -51.909898615954802  101.03068346340299 16.970848782293501 -51.909898363720899  100.957259057763 18.130414128536401 -51.909733021176102  100.676757776774 19.359681751908099 -51.908956572406503  100.141351496303 20.5996983502273 -51.907149053102998  99.330414854424802 21.765672833176598 -51.903981615175397  98.253300898558805 22.724278666488999 -51.900470544098702  97.060531211060095 23.396343882346098 -51.900113417905899  95.837317480456605 23.8121101675282 -51.899981555638199  94.647985448043002 24.0000000000006 -51.90000152588  93.524917761173 24 -51.900001525878899  
97.275554396181604 16.7268414393798 -55.400001525878899  97.275445100728703 16.728628404343201 -55.400001525879297  97.275335786618001 16.7304154581274 -55.400001525877698  97.275223774620002 16.732247167146401 -55.400001525881002  97.2751086331876 16.734130925472201 -55.400001525876299  97.274992178482506 16.736036954847101 -55.400001525881201  97.274878474360904 16.7378983046675 -55.4000015258773  97.274773832363493 16.7396108520004 -55.400001525879702  97.274686811744402 16.741033301570301 -55.4000015258788  97.237897595576101 17.339962686058399 -55.400001525877599  97.097496742794206 17.988069381818299 -55.400001525884797  96.827687254668106 18.648937141894599 -55.400001525865697  96.418929807825805 19.2761067202484 -55.400001525897402  95.874803871348803 19.800474768940202 -55.4000015258612  95.268980677158893 20.170658455122801 -55.400001525890801  94.652433127110399 20.398934143845199 -55.4000015258733  94.062493696218098 20.500000000000199 -55.400001525880398  93.524917761173 20.5 -55.400001525878899  

0 2
11.092653121165 2

16.9721678271675 10
16.989834528430901 8
28.0648209483325 10

9 0 0 0 0 1 9 2 18 2 3 101.03157024185499 -16.956569197509499 -51.9098994119  101.031461127632 -16.9583531994131 -51.909899411900597  101.031351522691 -16.960137216846501 -51.909899379712499  101.03124165323 -16.961917860139799 -51.909899308697298  101.031131562629 -16.963694553275801 -51.909899195398303  101.03102111172601 -16.965469533917101 -51.909899039644898  101.030909978433 -16.967247853368001 -51.909898844408701  101.030797658144 -16.969037376615301 -51.909898615955399  101.030683463402 -16.9708487822951 -51.909898363720799  100.957259057766 -18.130414128538099 -51.9097330211779  100.67675777676 -19.3596817519085 -51.908956572402097  100.141351496331 -20.5996983502375 -51.907149053115702  99.330414854377295 -21.7656728331783 -51.9039816151598  98.253300898591107 -22.724278666499998 -51.900470544113197  97.060531211025804 -23.396343882343501 -51.900113417896101  95.837317480467306 -23.812110167530101 -51.899981555642498  94.647985448039407 -24.000000000000099 -51.9000015258788  93.524917761172901 -24 -51.900001525878899  
97.275554396181604 -16.726841439380301 -55.400001525878899  97.275445100730707 -16.7286284043299 -55.400001525879702  97.275335786614804 -16.730415458101898 -55.400001525876299  97.275223774632593 -16.7322471671154 -55.400001525883802  97.275108633173701 -16.734130925434499 -55.400001525872803  97.274992178500796 -16.736036954813301 -55.400001525884001  97.274878474351695 -16.737898304634601 -55.400001525875901  97.274773832369604 -16.739610851973499 -55.40000152588  97.274686811745198 -16.741033301546899 -55.4000015258788  97.237897595574793 -17.339962686044 -55.400001525879198  97.097496742779597 -17.9880693818106 -55.400001525878302  96.827687254670394 -18.648937141899001 -55.400001525880199  96.418929807789695 -19.276106720249601 -55.400001525877599  95.874803871348803 -19.8004747689486 -55.400001525879297  95.268980677135701 -20.170658455121899 -55.400001525879198  94.652433127109106 -20.398934143846301 -55.400001525878501  94.062493696216606 -20.5 -55.400001525879098  93.524917761173 -20.5 -55.400001525878899  

0 2
11.0926531211695 2

16.972167827167699 10
16.989834528431 8
28.064820948337101 10

1 93.260644211648597 22.25 -53.650001525878899 0 0.70710678118654757 -0.70710678118654757 -1 0 0 -0 -0.70710678118654757 -0.70710678118654757 
1 93.260644211648597 -22.25 -53.650001525878899 0 0.70710678118654757 0.70710678118654757 -1 0 0 -0 0.70710678118654757 -0.70710678118654757 
3 11.0278700469329 16.5 -51.900001525878899 -0 -0 -1 -2.3684757858670001e-16 1 0 -1 -2.3684757858670001e-16 0 7.5
-0.78539816339744795
3 11.0278700469329 -16.5 -51.900001525878899 -0 -0 -1 2.3684757858670001e-16 -1 0 -1 -2.3684757858670001e-16 0 7.5
-0.78539816339744795
1 5.2885949548602502 16.8510290835743 -53.650001525878899 -0.70578788464340647 0.043167833980706019 -0.70710678118654746 -0.061048536273784496 -0.99813479862132271 -9.7144514654701173e-17 0.70578788464340625 -0.043167833980705866 -0.70710678118654768 
1 5.2885949548602502 -16.8510290835743 -53.650001525878899 -0.70578788464340647 -0.043167833980706019 -0.70710678118654746 -0.061048536273784496 0.99813479862132271 -9.7144514654701173e-17 0.70578788464340625 0.043167833980705866 -0.70710678118654768 
2 97.497206271126501 16.5 0.70840294690229 -0.075292402475087811 -0 -0.99716149851943714 0.99531210591548258 0.06087589300127233 -0.075152760889970305 -0.060703096688857629 0.99814534294926105 0.0045834922368821777 7.5
1 1.6208093470840399 24 0 0 -1 0 1 0 0 -0 0 1 
Triangulations 12
23 22 1 5.25180203495444
98.298611790602 1.89973037301172e-13 -55.4000015258789 97.2755543961817 16.7268414393789 -55.4000015258789 97.2755543961817 -16.7268414393789 -55.4000015258789 93.524917761173 20.5 -55.4000015258789 96.7007316861625 18.5986562845768 -55.4000015258789 95.2511661892654 20.0315261364079 -55.4000015258789 97.1097339459336 -17.6659626725707 -55.4000015258789 96.7007316861514 -18.5986562845749 -55.4000015258789 96.0594551980854 -19.418841720044 -55.4000015258789 95.3368193881594 -19.9813929966682 -55.4000015258789 94.6293527259158 -20.3123869310308 -55.4000015258789 94.0648055617683 -20.4552640965137 -55.4000015258789 93.524917761173 -20.5 -55.4000015258789 11.0278700469329 20.5 -55.4000015258789 11.0278700469329 -20.5 -55.4000015258789 7.03533085244757 16.7441941450951 -55.4000015258789 9.09881641469402 20.0041050332355 -55.4000015258789 7.64806677587822 18.6393760419731 -55.4000015258789 7.03533085244757 -16.7441941450951 -55.4000015258789 9.09881641469402 -20.0041050332355 -55.4000015258789 7.64806677587822 -18.6393760419731 -55.4000015258789 6.01121212113586 7.46069872548105e-14 -55.4000015258789 52.1549119558689 0 -55.4000015258789 98.298611790602 1.91846538655227e-13 97.2755543961817 16.7268414393789 97.2755543961817 -16.7268414393789 93.524917761173 20.5 96.7007316861625 18.5986562845768 95.2511661892654 20.0315261364079 97.1097339459336 -17.6659626725707 96.7007316861514 -18.5986562845749 96.0594551980854 -19.418841720044 95.3368193881593 -19.9813929966682 94.6293527259158 -20.3123869310308 94.0648055617683 -20.4552640965137 93.524917761173 -20.5 11.0278700469329 20.5 11.0278700469329 -20.5 7.03533085244757 16.7441941450951 9.09881641469402 20.0041050332355 7.64806677587822 18.6393760419731 7.03533085244757 -16.7441941450951 9.09881641469402 -20.0041050332355 7.64806677587822 -18.6393760419731 6.01121212113587 7.46069872548105e-14 52.1549119558689 0 19 21 20 19 15 22 4 23 1 15 19 20 22 15 23 16 17 18 14 16 22 16 14 17 22 23 14 23 4 14 23 15 13 13 12 11 13 11 10 9 8 13 9 13 10 13 8 7 6 4 5 13 7 3 1 2 4 5 4 2 13 3 1 1 23 13 
5 4 1 1.64734430938053
102.06867838713 7.68274333040608e-14 -51.9098994119 98.298611790602 1.89973037301172e-13 -55.4000015258789 101.031570241855 16.9565691975095 -51.9098994119 97.2755543961817 16.7268414393789 -55.4000015258789 99.6721163916561 8.36342071968947 -53.6549504688895 -0.0160878883239156 -2.56618601439005 0.214069159048831 2.56618601439004 16.9721678271674 -2.56618601439005 16.9721678271674 2.56618601439003 8.47803996942175 -2.66453525910038e-15 2 1 5 5 3 4 3 5 1 5 4 2 
5 4 1 1.64876936446608
102.06867838713 7.68274333040608e-14 -51.9098994119 98.298611790602 1.89973037301172e-13 -55.4000015258789 101.031570241855 -16.9565691975095 -51.9098994119 97.2755543961817 -16.7268414393789 -55.4000015258789 99.6721163916561 -8.36342071968939 -53.6549504688895 -0.016087888323919 -2.56618601439005 0.214069159048834 2.56618601439004 16.9721678271676 -2.56618601439005 16.9721678271676 2.56618601439005 8.47803996942182 0 2 1 5 5 3 4 3 5 1 5 4 2 
22 20 1 0.91991963950549
101.031570241855 16.9565691975095 -51.9098994119 97.2755543961817 16.7268414393789 -55.4000015258789 93.524917761173 24 -51.9000015258789 100.924511814235 17.840066768643 -51.9096106755478 100.702200818741 18.74030797991 -51.9089183120011 100.357755953224 19.63352550781 -51.9077988066738 99.8905287099583 20.4940846862846 -51.9063339763739 99.3702072302818 21.2193241380853 -51.9048649095058 98.8290182663462 21.8172466104265 -51.9035598879043 98.2286713457904 22.3522136203617 -51.902389865395 97.580638448845 22.8161337364161 -51.901440986977 96.897422731552 23.2037579620083 -51.9007554050192 96.191705002121 23.5127318590867 -51.9003261483091 95.4755693096722 23.7433706112948 -51.900104673713 94.5763760182284 23.9263567541244 -51.9000110521421 94.0457180774812 23.9820055930466 -51.9000015956017 96.7007316861625 18.5986562845768 -55.4000015258789 95.2511661892654 20.0315261364079 -55.4000015258789 93.524917761173 20.5 -55.4000015258789 93.524917761173 23.125 -52.7750015258789 93.524917761173 22.25 -53.6500015258789 93.524917761173 21.375 -54.5250015258789 0 16.9721678271675 11.092653121165 16.9721678271675 0 28.0648209483325 0 17.8965555872646 0 18.8209433473617 0 19.7453311074587 0 20.6697188675558 0 21.5016678516432 0 22.2504219373218 0 22.9991760230005 0 23.7479301086791 0 24.4966841943577 0 25.2454382800364 0 25.994192365715 0 26.9362550693306 0 27.5005380088316 11.092653121165 20.6697188675558 11.092653121165 24.3672699079442 11.092653121165 28.0648209483325 2.77316328029126 28.0648209483325 5.54632656058251 28.0648209483325 8.31948984087377 28.0648209483325 4 1 2 6 5 17 7 6 17 4 2 5 9 8 17 10 9 18 12 11 18 13 12 21 10 18 11 7 17 8 20 15 14 18 9 17 21 12 18 5 2 17 14 13 21 16 20 3 16 15 20 20 14 21 21 18 22 18 19 22 
26 24 1 0.914373101199675
101.031570241855 -16.9565691975095 -51.9098994119 97.2755543961817 -16.7268414393789 -55.4000015258789 93.524917761173 -24 -51.9000015258789 100.924511814235 -17.8400667686447 -51.9096106755481 100.702200818741 -18.7403079799125 -51.9089183120017 100.357755953222 -19.6335255078136 -51.9077988066745 99.8905287099556 -20.4940846862892 -51.9063339763746 99.3702072302778 -21.2193241380902 -51.9048649095063 98.8290182663413 -21.8172466104313 -51.9035598879046 98.2286713457851 -22.3522136203658 -51.9023898653952 97.5806384488399 -22.8161337364194 -51.9014409869771 96.8974227315474 -23.2037579620106 -51.9007554050192 96.1917050021174 -23.5127318590881 -51.9003261483091 95.47556930967 -23.7433706112954 -51.900104673713 94.5763760182274 -23.9263567541245 -51.9000110521421 94.0457180774804 -23.9820055930465 -51.9000015956016 93.524917761173 -20.5 -55.4000015258789 97.1097339459336 -17.6659626725707 -55.4000015258789 96.7007316861514 -18.5986562845749 -55.4000015258789 96.0594551980854 -19.418841720044 -55.4000015258789 95.3368193881594 -19.9813929966682 -55.4000015258789 94.6293527259158 -20.3123869310308 -55.4000015258789 94.0648055617683 -20.4552640965137 -55.4000015258789 93.524917761173 -23.125 -52.7750015258789 93.524917761173 -22.25 -53.6500015258789 93.524917761173 -21.375 -54.5250015258789 0 16.9721678271677 11.0926531211695 16.9721678271677 0 28.0648209483371 0 17.8965555872651 0 18.8209433473626 0 19.74533110746 0 20.6697188675575 0 21.5016678516452 0 22.2504219373241 0 22.9991760230031 0 23.747930108682 0 24.496684194361 0 25.2454382800399 0 25.9941923657188 0 26.936255069335 0 27.500538008836 11.0926531211695 28.0648209483371 11.0926531211695 18.8209433473626 11.0926531211695 20.6697188675575 11.0926531211695 22.5184943877524 11.0926531211695 24.1823923559278 11.0926531211695 25.6799005272857 11.0926531211695 26.8723607378114 2.77316328029237 28.0648209483371 5.54632656058474 28.0648209483371 8.3194898408771 28.0648209483371 4 1 2 5 4 18 7 6 19 8 7 19 5 18 6 10 9 20 11 10 21 13 12 25 15 14 24 13 25 14 11 21 12 8 20 9 19 6 18 20 8 19 12 21 25 21 22 25 21 10 20 16 24 3 15 24 16 22 26 25 14 25 24 17 26 23 23 26 22 18 4 2 
7 5 1 5.72402455379739
93.524917761173 24 -51.9000015258789 93.524917761173 23.125 -52.7750015258789 93.524917761173 22.25 -53.6500015258789 93.524917761173 21.375 -54.5250015258789 93.524917761173 20.5 -55.4000015258789 11.0278700469329 24 -51.9000015258789 11.0278700469329 20.5 -55.4000015258789 -0.264273549524411 -2.47487373415292 -0.264273549524411 -1.23743686707646 -0.264273549524411 -7.105427357601e-15 -0.264273549524411 1.23743686707645 -0.264273549524411 2.47487373415291 82.2327741647157 -2.47487373415292 82.2327741647157 2.47487373415291 2 1 6 3 2 6 3 7 4 7 3 6 7 5 4 
7 5 1 5.27745054914857
93.524917761173 -24 -51.9000015258789 93.524917761173 -20.5 -55.4000015258789 93.524917761173 -23.125 -52.7750015258789 93.524917761173 -22.25 -53.6500015258789 93.524917761173 -21.375 -54.5250015258789 11.0278700469329 -24 -51.9000015258789 11.0278700469329 -20.5 -55.4000015258789 -0.264273549524411 -2.47487373415292 -0.264273549524411 2.47487373415291 -0.264273549524411 -1.23743686707646 -0.264273549524411 -7.105427357601e-15 -0.264273549524411 1.23743686707645 82.2327741647157 -2.47487373415292 82.2327741647157 2.47487373415291 3 1 6 4 3 6 4 7 5 7 4 6 7 2 5 
19 17 1 0.981411235678198
11.0278700469329 24 -51.9000015258789 11.0278700469329 20.5 -55.4000015258789 3.54185905727294 16.9578640220534 -51.9000015258789 10.0017509707607 23.9294737122838 -51.9000015258789 8.99493012637451 23.7192212377375 -51.9000015258789 8.02634280352087 23.3731967967646 -51.9000015258789 7.11420523372241 22.8979080745067 -51.9000015258789 6.27567199742831 22.3022938307436 -51.9000015258789 5.52651339764724 21.5975557885482 -51.9000015258789 4.88081886770006 20.796947963368 -51.9000015258789 4.35073199110566 19.9155273946236 -51.9000015258789 3.94622211708358 18.9698709678162 -51.9000015258789 3.674896866903 17.9777636528761 -51.9000015258789 7.03533085244757 16.7441941450951 -55.4000015258789 10.0319835405833 20.374043116238 -55.4000015258789 9.09881641469402 20.0041050332355 -55.4000015258789 8.287138080868 19.4134838750524 -55.4000015258789 7.64806677587822 18.6393760419731 -55.4000015258789 7.22185021476378 17.7305336391727 -55.4000015258789 -2.368475785867e-16 0 -2.368475785867e-16 4.94974746830583 1.50970980624226 0 0.137246346022024 0 0.274492692044047 0 0.411739038066071 0 0.548985384088095 0 0.686231730110119 0 0.823478076132143 0 0.960724422154166 0 1.09797076817619 0 1.23521711419821 0 1.37246346022024 0 1.50970980624226 4.94974746830583 0.251618301040377 4.94974746830583 0.503236602080754 4.94974746830583 0.75485490312113 4.94974746830583 1.00647320416151 4.94974746830583 1.25809150520188 4.94974746830583 1 4 2 5 6 15 4 5 15 2 4 15 16 7 8 16 15 6 16 8 17 7 16 6 9 10 18 11 12 19 12 13 19 10 11 18 17 9 18 13 14 19 19 18 11 14 13 3 9 17 8 
19 17 1 0.959082535445757
11.0278700469329 -24 -51.9000015258789 11.0278700469329 -20.5 -55.4000015258789 3.54185905727294 -16.9578640220534 -51.9000015258789 10.0017509707607 -23.9294737122838 -51.9000015258789 8.99493012637452 -23.7192212377375 -51.9000015258789 8.02634280352087 -23.3731967967646 -51.9000015258789 7.11420523372241 -22.8979080745067 -51.9000015258789 6.27567199742831 -22.3022938307436 -51.9000015258789 5.52651339764724 -21.5975557885482 -51.9000015258789 4.88081886770006 -20.796947963368 -51.9000015258789 4.35073199110566 -19.9155273946236 -51.9000015258789 3.94622211708359 -18.9698709678162 -51.9000015258789 3.674896866903 -17.9777636528761 -51.9000015258789 7.03533085244757 -16.7441941450951 -55.4000015258789 10.0319835405833 -20.374043116238 -55.4000015258789 9.09881641469402 -20.0041050332355 -55.4000015258789 8.287138080868 -19.4134838750524 -55.4000015258789 7.64806677587822 -18.6393760419731 -55.4000015258789 7.22185021476378 -17.7305336391727 -55.4000015258789 0 0 0 4.94974746830583 1.50970980624226 0 0.137246346022024 0 0.274492692044048 0 0.411739038066071 0 0.548985384088095 0 0.686231730110119 0 0.823478076132143 0 0.960724422154167 0 1.09797076817619 0 1.23521711419821 0 1.37246346022024 0 1.50970980624226 4.94974746830583 0.251618301040377 4.94974746830583 0.503236602080754 4.94974746830583 0.754854903121131 4.94974746830583 1.00647320416151 4.94974746830583 1.25809150520188 4.94974746830583 1 4 2 5 6 15 4 5 15 2 4 15 16 7 8 16 15 6 16 8 17 7 16 6 9 10 18 11 12 19 12 13 19 10 11 18 17 9 18 13 14 19 19 18 11 14 13 3 9 17 8 
5 4 1 1.6225138570536
3.54185905727294 16.9578640220534 -51.9000015258789 7.03533085244757 16.7441941450951 -55.4000015258789 2.50467171713994 -3.5527136788005e-15 -51.9000015258789 6.01121212113586 7.46069872548105e-14 -55.4000015258789 4.77000128479375 8.37209707254757 -53.6500015258789 0 -2.47487373415292 0 2.47487373415291 16.9895529596569 -2.47487373415292 16.7754838006079 2.47487373415291 8.49477647982843 -5.77315972805081e-15 2 1 5 5 3 4 3 5 1 5 4 2 
5 4 1 1.69578642220535
3.54185905727294 -16.9578640220534 -51.9000015258789 7.03533085244757 -16.7441941450951 -55.4000015258789 2.50467171713994 -3.5527136788005e-15 -51.9000015258789 6.01121212113586 7.46069872548105e-14 -55.4000015258789 4.77000128479376 -8.37209707254757 -53.6500015258789 0 -2.47487373415291 0 2.47487373415292 16.9895529596568 -2.47487373415291 16.7754838006081 2.47487373415292 8.49477647982842 8.43769498715119e-15 2 1 5 5 3 4 3 5 1 5 4 2 
5 4 1 9.05196236873136
97.4437170821919 24 8.6586293690516e-13 93.524917761173 24 -51.9000015258789 11.0278700469329 24 -51.9000015258789 11.0278700469329 24 0 54.2357935645624 24 -25.950000762939 95.8229077351079 8.66862137627322e-13 91.9041084140889 -51.9000015258789 9.40706069984881 -51.9000015258789 9.40706069984881 0 52.6149842174783 -25.950000762939 4 3 5 5 2 1 2 5 3 5 1 4 

TShapes 35
Ve
0.0001
98.298611790602 1.89973037301172e-13 -55.4000015258789
0 0

0101100
*
Ve
4.57219130124649e-05
97.2755543961817 16.7268414393789 -55.4000015258789
0 0

0101100
*
Ed
 1e-07 1 1 0
1  1 0 0.21406915904895 16.9721678271674
2  1 2 0 0.21406915904895 16.9721678271674
2  2 1 1 0.21406915904895 16.9721678271674
6  1 2 0
0

0101000
+35 0 -34 0 *
Ve
4.57219132548898e-05
97.2755543961817 -16.7268414393789 -55.4000015258789
0 0

0101100
*
Ed
 1e-07 1 1 0
1  2 0 0.214069159048717 16.9721678271676
2  3 3 0 0.214069159048717 16.9721678271676
2  4 1 1 0.214069159048717 16.9721678271676
6  2 3 0
0

0101000
+35 0 -32 0 *
Ve
4.57219130124649e-05
93.524917761173 20.5 -55.4000015258789
0 0

0101100
*
Ed
 4.57219130124649e-05 1 1 0
1  3 0 16.9721678271675 28.0648209483325
2  5 4 0 16.9721678271675 28.0648209483325
2  6 1 1 16.9721678271675 28.0648209483325
6  3 1 0
6  4 4 0
0

0101000
+34 0 -30 0 *
Ve
4.57219132548898e-05
93.524917761173 -20.5 -55.4000015258789
0 0

0101100
*
Ed
 4.57219132548898e-05 1 1 0
1  4 0 16.9721678271677 28.0648209483371
2  7 5 0 16.9721678271677 28.0648209483371
2  8 1 1 16.9721678271677 28.0648209483371
6  5 5 0
6  6 1 0
0

0101000
+32 0 -28 0 *
Ve
1e-07
11.0278700469329 20.5 -55.4000015258789
0 0

0101100
*
Ed
 1e-07 1 1 0
1  5 0 -0.264273549524411 82.2327741647157
2  9 6 0 -0.264273549524411 82.2327741647157
2  10 1 1 -0.264273549524411 82.2327741647157
6  7 1 0
6  8 6 0
0

0101000
+30 0 -26 0 *
Ve
1e-07
11.0278700469329 -20.5 -55.4000015258789
0 0

0101100
*
Ed
 1e-07 1 1 0
1  6 0 -0.264273549524411 82.2327741647157
2  11 7 0 -0.264273549524411 82.2327741647157
2  12 1 1 -0.264273549524411 82.2327741647157
6  9 7 0
6  10 1 0
0

0101000
+28 0 -24 0 *
Ve
1e-07
7.03533085244757 16.7441941450951 -55.4000015258789
0 0

0101100
*
Ed
 1e-07 1 1 0
1  7 0 -2.368475785867e-16 1.50970980624226
2  13 8 0 -2.368475785867e-16 1.50970980624226
2  14 1 1 -2.368475785867e-16 1.50970980624226
6  11 8 0
0

0101100
+26 0 -22 0 *
Ve
1e-07
7.03533085244757 -16.7441941450951 -55.4000015258789
0 0

0101100
*
Ed
 1e-07 1 1 0
1  8 0 0 1.50970980624226
2  15 9 0 0 1.50970980624226
2  16 1 1 0 1.50970980624226
6  12 9 0
0

0101100
+24 0 -20 0 *
Ve
0.0001
6.01121212113586 7.46069872548105e-14 -55.4000015258789
0 0

0101100
*
Ed
 1e-07 1 1 0
1  9 0 -3.5527136788005e-15 16.7754838006079
2  17 10 0 -3.5527136788005e-15 16.7754838006079
2  18 1 1 -3.5527136788005e-15 16.7754838006079
6  13 10 0
0

0101000
+22 0 -18 0 *
Ed
 1e-07 1 1 0
1  10 0 0 16.7754838006081
2  19 11 0 0 16.7754838006081
2  20 1 1 0 16.7754838006081
6  14 11 0
0

0101000
+20 0 -18 0 *
Wi

0101100
+33 0 -31 0 +29 0 -27 0 +25 0 -23 0 +21 0 -19 0 +17 0 -16 0 
*
Fa
0  1e-07 1 1
2  1
0111000
+15 0 *
Ve
0.0001
101.031570241855 16.9565691975095 -51.9098994119
0 0

0101100
*
Ed
 1e-07 1 1 0
1  11 0 -2.56618601439005 2.56618601439003
2  21 2 0 -2.56618601439005 2.56618601439003
2  22 4 0 -2.56618601439005 2.56618601439003
6  15 4 0
0

0101000
+13 0 -34 0 *
Ve
0.0001
93.524917761173 24 -51.9000015258789
0 0

0101100
*
Ed
 1.50336757351319e-05 1 1 0
1  12 0 16.9721678271675 28.0648209483325
2  23 4 0 16.9721678271675 28.0648209483325
2  24 12 0 16.9721678271675 28.0648209483325
6  16 4 0
0

0101000
+13 0 -11 0 *
Ed
 1e-07 1 1 0
1  13 0 0 11.092653121165
2  25 6 0 0 11.092653121165
2  26 4 0 0 11.092653121165
6  17 4 0
6  18 6 0
0

0101000
+11 0 -30 0 *
Wi

0101100
+12 0 -10 0 +29 0 -9 0 *
Fa
0  8.8600730917971e-06 4 0
2  4
0111000
+8 0 *
Ve
1e-07
11.0278700469329 24 -51.9000015258789
0 0

0101100
*
Ed
 1e-07 1 1 0
1  14 0 -0.264273549524411 82.2327741647157
2  27 6 0 -0.264273549524411 82.2327741647157
2  28 13 0 -0.264273549524411 82.2327741647157
6  19 12 0
6  20 6 0
0

0101000
+11 0 -6 0 *
Ed
 1e-07 1 1 0
1  15 0 -2.47487373415292 2.47487373415291
2  29 6 0 -2.47487373415292 2.47487373415291
2  30 8 0 -2.47487373415292 2.47487373415291
4 G1 6 0 8 0
6  21 6 0
6  22 8 0
0

0101000
+6 0 -26 0 *
Wi

0101100
-9 0 +5 0 -25 0 +4 0 *
Fa
0  0 6 0
2  6
0111000
+3 0 *
Co

1100000
+14 0 -7 0 +2 0 *

+1 0 
0

