DBRep_DrawableShape

CASCADE Topology V1, (c) Matra-Datavision
Locations 0
Curve2ds 4
6 0 1 0 0  0 1  
6 0 1 0 0  1 0  
6 0 1 1 0  1 1  
6 0 1 0 1  1 1  
Curves 4
6 0 2 0 0 0  0 45 20  0 90 0  
6 0 2 0 0 0  60 0 20  120 0 0  
6 0 2 120 0 0  120 45 20  120 90 0  
6 0 2 0 90 0  60 90 20  120 90 0  
Polygon3D 0
PolygonOnTriangulations 0
Surfaces 1
8 0 0 2 2 0 0 0  0 45 20  0 90 0  
60 0 20  60 45 40  60 90 20  
120 0 0  120 45 20  120 90 0  

Triangulations 0

TShapes 11
Ve
0.0011
0 0 0
0 0

0101100
*
Ve
0.0011
0 90 0
0 0

0101100
*
Ed
 1e-07 1 1 0
1  1 0 0 1
2  1 1 0 0 1
0

0101000
+11 0 -10 0 *
Ve
0.0011
120 0 0
0 0

0101100
*
Ed
 1e-07 1 1 0
1  2 0 0 1
2  2 1 0 0 1
0

0101000
+11 0 -8 0 *
Ve
0.0011
120 90 0
0 0

0101100
*
Ed
 1e-07 1 1 0
1  3 0 0 1
2  3 1 0 0 1
0

0101000
+8 0 -6 0 *
Ed
 1e-07 1 1 0
1  4 0 0 1
2  4 1 0 0 1
0

0101000
+10 0 -6 0 *
Wi

0101100
-9 0 +7 0 +5 0 -4 0 *
Fa
1  1e-07 1 0

0111000
+3 0 *
Sh

1101000
+2 0 *

+1 0 
0

