DBRep_DrawableShape

CASCADE Topology V1, (c) Matra-Datavision
Locations 0
Curve2ds 4
1 6.2831853071795898 0 0 1 
1 0 0 0 1 
1 0 -7846.1051081788301 1 0 
1 0 674.61051071788302 1 0 
Curves 2
1 0 -2.8398992587956425e-29 0 0 -0.99452189536827329 0.1045284632676538 
2 0 7803.1233234447009 70.515999999999138 0 -1 1.11022302462516e-16 0 -1.11022302462516e-16 -1 1 0 0 890.65730959442078
Polygon3D 0
PolygonOnTriangulations 0
Surfaces 1
3 0 7.8288486804467497e-15 70.516000000000005 0 -1 1.11022302462516e-16 0 -1.11022302462516e-16 -1 1 0 0 70.516000000000005
-0.10471975511966
Triangulations 0

TShapes 7
Ve
1e-07
0 7803.1233234447 -820.141309594422
0 0

0101100
*
Ve
1e-07
0 -670.914923754508 70.5159999895474
0 0

0101100
*
Ed
 1e-07 1 1 0
1  1 0 -7846.10510817883 674.610510717883
3  1 2C0 1 0 -7846.10510817883 674.610510717883
0

0101000
+7 0 -6 0 *
Ed
 1e-07 1 1 0
1  2 0 0 6.28318530717959
2  3 1 0 0 6.28318530717959
0

0101100
+7 0 -7 0 *
Ed
 1e-07 1 1 1
2  4 1 0 0 6.28318530717959
0

0101000
+6 0 -6 0 *
Wi

0101100
-5 0 +4 0 +5 0 -3 0 *
Fa
1  1e-07 1 0

1111000
+2 0 *

+1 0 
0

