DBRep_DrawableShape

CASCADE Topology V1, (c) Matra-Datavision
Locations 0
Curve2ds 16
1 0 0 0 1 
1 81.538263793772103 -87.032263961327899 0 1 
7 0 0  8 9 2  -1.61451694030816e-15 9.1244648608274499  0.191986218968836 9.1236462536187002  0.38397243693702898 9.11768420075623  0.57595865490475295 9.1066247179442108  0.76794487287361302 9.0909180615344702  0.95993109084156503 9.0714140962882102  1.1519173088122401 9.0492754251845309  1.34390352678186 9.0258192863493001  1.5358897457506999 9.0023631521261809 
 0.034906581044196999 9 1.5707963267949001 9
3 0 -4.7225948612061597 0 -1 1 0 14.0005330972783 14
7 0 0  5 6 2  0 -0.117984122672268  0.27786334870437901 -0.117984122672268  0.59429617031084903 -0.117984122672268  0.94159356236542302 -0.117984122672268  1.2580263970463199 -0.117984122672268  1.5358897457506999 -0.117984122672268 
 0 6 145.51470860303999 6
8 0 145.51470860303999
1 0 148.00051271368099 1 0 
1 1.5358897457506999 0 0 1 
1 17.595964571417799 -86.8820203698006 -0.0087265344994895931 0.99996192307288845 
1 0 0 0 1 
7 0 0  11 12 2  2.48165003844914 -166.12918109470701  12.6075833747903 -166.13336163123401  23.320819489384 -164.71167373971801  34.352043368216101 -161.589631287966  45.294526577288202 -156.53720504609601  55.602017667819297 -149.480033440814  64.639290864783803 -140.51819345817401  71.792563076862905 -130.20456373204701  76.923515140559601 -119.213734383785  80.095066348032702 -108.110583998623  81.538528080816107 -97.327805900528205  81.538263944537107 -87.148194100925394 
 2.4858041106417299 12 148.00051271368099 12
7 0 0  7 14 3  0 136.82211732238801  0.73830097948964601 135.723615889059  1.5462590882987499 134.65454468195199  2.41371747750545 133.619122711648  3.32881543155447 132.62098111575  4.2791916469741098 131.66286085633399  5.2528192164358796 130.746601736488  7.50890733353509 128.74795864007001  8.7995496257343202 127.69385819775501  10.0884756334861 126.71183628073101  11.360882052045399 125.797346095542  12.608846703052601 124.94462455170201  13.828048189387699 124.14768446777001  15.017052182329399 123.400700181499 
 0 8 0.43688590629532398 6 1 8
7 0 0  7 14 3  18.014716344101 18.574449871833401  18.9025082054746 18.566702230491  19.773166299419 18.558292565079999  20.622997013550201 18.548968455788899  21.4485783094608 18.538493244447  22.247051470515402 18.526699134166901  23.016188124250199 18.5135127728642  24.705518003039501 18.4801872478292  25.6053230771283 18.459136706989899  26.451488813611402 18.4358078285555  27.246231232989 18.4103740915473  27.993165851206602 18.383075593825801  28.6963612062458 18.3541350160448  29.359999999999999 18.323739021259801 
 0 8 0.43688590629532398 6 1 8
7 0 0  7 20 4  15.0170521823295 123.400700181499  21.032800109380801 123.64783379031201  27.036389057803198 123.890915712915  33.065744986688799 124.129320899593  39.156898764997898 124.362143567028  45.346090968922802 124.58823375437299  51.676006855957503 124.806176730551  63.822767056924299 125.193150992787  69.580947168130507 125.364547131493  75.522682546256704 125.52746096159601  81.684937460658702 125.680211308837  88.102848681936294 125.820565894057  94.8159680798545 125.945834717854  107.504331381729 126.139186877368  113.367485163472 126.213793794464  119.440855960351 126.275054046901  125.71413453718 126.32144182438699  132.17442834492101 126.351951042775  138.79503570483999 126.366330731576  145.51470860303999 126.36546519601301 
 0 8 0.39229164564728702 6 0.72970509749427603 6 1 8
7 0 0  7 20 4  1.4210854715202001e-14 -18.323739021259801  0.86036139777373 -18.169208763060599  1.7265004276198801 -17.9526439522087  2.5960033986625999 -17.669993256154999  3.4651524577846402 -17.316252809407398  4.3288041701463396 -16.885845579628  5.18006524308979 -16.372526605990199  6.7233976994693601 -15.249555748004999  7.4202324017207397 -14.6640330112619  8.0950794130452692 -14.0073255890998  8.7393814902923204 -13.2749213483961  9.3414874456189505 -12.464024485856999  9.8867882985310906 -11.574778335530899  10.7386539852625 -9.8425994625209494  11.0715894118424 -9.0247062168082  11.3484287910739 -8.1661878452645205  11.560571023470001 -7.2765775878093297  11.702023533294801 -6.36836999175146  11.770825479197701 -5.4567933632754198  11.77082547597 -4.5590923865118604 
 0 8 0.39229164564728702 6 0.72970509749427603 6 1 8
1 145.51470860303999 0 0 1 
7 0 0  11 12 2  1.5707963267949001 15.5275710960144  1.44245815532552 15.8816361742441  1.3067084244951199 16.243654813320401  1.16416293884851 16.6017067305438  1.01592953245772 16.939464350161199  0.86374284531118395 17.2371872186974  0.70990022672373598 17.473643573055401  0.55729970340580104 17.632807941745799  0.40842812876172901 17.715713072370502  0.26517900484144102 17.729464683143501  0.128801673856866 17.685792947419099  2.03574582175019e-16 17.5969941586728 
 2.4858041106417299 12 148.00051271368099 12
Curves 8
1 -29.995882570755999 -75.605025743441701 107.488592897929 -0.99996192307288845 0.0087265344994895931 -0 
8 0.034906581044196999 1.5707963267949001
3 -39.119999999999997 -89.517405138793805 107 1 0 -0 0 1 0 0 -0 1 14.0005330972783 14
7 1 0  2 3 2  -29.879956845467898 -75.606037417065806 107.48859304860299  1 -29.882089632840099 -76.077865444590401 121  0.71933979908136803 -30 -89.5969941586728 121  1
 0 3 145.51470860303999 3
1 -30.1179796301994 -89.595964571417795 121 -0.99996192307288845 0.0087265344994895931 -0 
7 1 0  11 12 2  49.122099615430599 -73.536337059839695 28.480138284643701  1 49.123196123308603 -73.889750022079298 38.599903177404201  0.99999999999996003 47.6982996317724 -74.251215882869403 49.306613079499598  1.0000000000001501 44.573016480712397 -74.608940730030596 60.3311170363773  0.99999999999968103 39.517450068485601 -74.946723130005793 71.266934381776494  1.0000000000004501 32.457408015630598 -75.244850991429004 81.568146428797803  0.99999999999951505 23.4931569558556 -75.482029426360597 90.599914364225299  1.0000000000004099 13.1777414005344 -75.641663246425296 97.7488289972746  0.999999999999718 2.1857679093681899 -75.724812200727797 102.87665542423299  1.0000000000001501 -8.9179256029692198 -75.738601489518899 106.046274608893  0.99999999999993605 -19.700732734648799 -75.694879368497396 107.488857023973  1.00000000000002 -29.879956845467898 -75.606037417065806 107.48859304860299  1
 2.4858041106417299 12 148.00051271368099 12
7 0 0  7 14 3  -21.105283655899001 -75.665550128166601 107  -20.217491794525401 -75.673297769509006 107  -19.346833700581001 -75.68170743492 107  -18.4970029864498 -75.6910315442111 107  -17.671421690539201 -75.701506755552998 107  -16.872948529484599 -75.713300865833105 107  -16.103811875749699 -75.726487227135806 107  -14.4144819969605 -75.759812752170802 107  -13.514676922871701 -75.7808632930101 107  -12.668511186388599 -75.804192171444498 107  -11.873768767011001 -75.829625908452698 107  -11.126834148793399 -75.856924406174201 107  -10.423638793754201 -75.885864983955202 107  -9.7599999999999891 -75.916260978740198 107 
 0 8 0.43688590629532398 6 1 8
7 0 0  7 20 4  -9.7599999999999891 -75.916260978740198 107  -9.7599999999999891 -76.070791236939399 107.860361397774  -9.7600000000000193 -76.287356047791306 108.72650042762  -9.7599999999999998 -76.570006743844999 109.596003398663  -9.7599999999999891 -76.923747190592593 110.465152457785  -9.7599999999999998 -77.354154420371998 111.328804170146  -9.7599999999999998 -77.867473394009806 112.18006524309  -9.7599999999999998 -78.990444251995001 113.723397699469  -9.7599999999999802 -79.575966988738102 114.42023240172099  -9.7600000000000602 -80.232674410900202 115.095079413045  -9.7599999999999199 -80.965078651603804 115.739381490292  -9.7600000000000495 -81.775975514142999 116.34148744561899  -9.7599999999999891 -82.665221664469101 116.886788298531  -9.7599999999999891 -84.397400537479001 117.738653985263  -9.7599999999999998 -85.215293783191797 118.071589411842  -9.7600000000000193 -86.073812154735506 118.348428791074  -9.7599999999999998 -86.963422412190695 118.56057102347  -9.7599999999999696 -87.871630008248502 118.70202353329501  -9.7600000000000104 -88.7832066367246 118.770825479198  -9.7600000000000104 -89.680907613488102 118.77082547597 
 0 8 0.39229164564728702 6 0.72970509749427603 6 1 8
7 1 0  11 12 2  63 -87.527571096014398 28  1 62.999999999999702 -87.881636174244605 39.935449946646301  0.99999999999996003 61.314908074247398 -88.243654813318599 52.560120221214703  1.0000000000001501 57.621744037091801 -88.601706730547505 65.552911655072805  0.99999999999968103 51.653152305201502 -88.9394643501563 78.430207621756793  1.0000000000004501 43.326265835311297 -89.237187218702303 90.547334235049703  0.99999999999951505 32.7711479870459 -89.473643573051504 101.155774578747  1.0000000000004099 20.640538353771401 -89.632807941748396 109.55247543627701  0.999999999999718 7.7172385951042299 -89.715713072368999 115.576632501258  1.0000000000001501 -5.3384491773736196 -89.729464683144201 119.302742285737  0.99999999999993605 -18.021444331311301 -89.685792947418904 121  1.00000000000002 -30 -89.5969941586728 121  1
 2.4858041106417299 12 148.00051271368099 12
Polygon3D 0
PolygonOnTriangulations 2
7 1 3 4 5 6 7 2 
p 0.27981913483214 1 0 26.6534122284398 50.6414832340356 73.8992218597798 99.3620397479656 122.438374175503 145.51470860304 
7 4 11 12 13 14 15 16 
p 0.27981913483214 1 0 26.6534122284398 50.6414832340356 73.8992218597798 99.3620397479656 122.438374175503 145.51470860304 
Surfaces 8
2 -30.1179796301994 -89.595964571417795 107 -0.99996192307288845 0.0087265344994895931 -0 0.0087212185316724693 0.99935277342686168 0.034899492709245486 -0.00030455162714191622 -0.034898163843805362 0.99939082715854322 14
1 -117 -72 26 -0.0087212185316724658 -0.99935277342686157 -0.034899492709245486 -0.00030455162714191665 -0.034898163843805369 0.99939082715854333 -0.99996192307288845 0.0087265344994895896 -4.87890977618477e-19 
1 -39.119999999999997 -94.239999999999995 107 1 0 -0 0 0 1 0 -1 0 
9 1 1 0 0 2 11 3 12 2 2 49.122099615430599 -73.536337059839695 28.480138284643701  1 49.123196123308603 -73.889750022079298 38.599903177404201  0.99999999999996003 47.6982996317724 -74.251215882869403 49.306613079499598  1.0000000000001501 44.573016480712397 -74.608940730030596 60.3311170363773  0.99999999999968103 39.517450068485601 -74.946723130005793 71.266934381776494  1.0000000000004501 32.457408015630598 -75.244850991429004 81.568146428797803  0.99999999999951505 23.4931569558556 -75.482029426360597 90.599914364225299  1.0000000000004099 13.1777414005344 -75.641663246425296 97.7488289972746  0.999999999999718 2.1857679093681899 -75.724812200727797 102.87665542423299  1.0000000000001501 -8.9179256029692198 -75.738601489518899 106.046274608893  0.99999999999993605 -19.700732734648799 -75.694879368497396 107.488857023973  1.00000000000002 -29.879956845467898 -75.606037417065806 107.48859304860299  1 
63 -73.6575928270601 28.484295515589402  0.71018350449862899 62.937984081267402 -74.072315992464993 40.375459762266701  0.71176019031527304 61.199814436392103 -74.495881570121298 52.938690859367  0.71336845358305001 57.469044290703899 -74.914474101788002 65.857459419776404  0.71495497144396303 51.4821107139622 -75.309208619534402 78.656854381214401  0.71644739702740401 43.1582767094283 -75.657184427018393 90.701286292148197  0.71775931505664203 32.618481259673601 -75.933697768871099 101.253136931977  0.71879839328874895 20.5161606005585 -76.119539501531307 109.59905865012701  0.71949739392483103 7.6399873978479098 -76.216222361374307 115.585283327506  0.71986143203929998 -5.3552784757034901 -76.232193275026503 119.290068708993  0.71992195982680496 -17.970806704080701 -76.181283548008594 120.984821185081  0.71973019390417403 -29.882089632840099 -76.077865444590401 121  0.71933979908136803 
63 -87.527571096014398 28  1 62.999999999999702 -87.881636174244605 39.935449946646301  0.99999999999996003 61.314908074247398 -88.243654813318599 52.560120221214703  1.0000000000001501 57.621744037091801 -88.601706730547505 65.552911655072805  0.99999999999968103 51.653152305201502 -88.9394643501563 78.430207621756793  1.0000000000004501 43.326265835311297 -89.237187218702303 90.547334235049703  0.99999999999951505 32.7711479870459 -89.473643573051504 101.155774578747  1.0000000000004099 20.640538353771401 -89.632807941748396 109.55247543627701  0.999999999999718 7.7172385951042299 -89.715713072368999 115.576632501258  1.0000000000001501 -5.3384491773736196 -89.729464683144201 119.302742285737  0.99999999999993605 -18.021444331311301 -89.685792947418904 121  1.00000000000002 -30 -89.5969941586728 121  1 

0 3
145.51470860303999 3

2.4858041106417299 12
148.00051271368099 12

1 -117 -72 121 0 -0 -1 0 -1 0 -1 -0 0 
1 -39.119999999999997 -94.239999999999995 107 0 0 1 1 0 -0 -0 1 0 
1 -9.7599999999999998 -94.239999999999995 107 1 0 -0 0 0 1 0 -1 0 
2 -30 -72 28 0 -1 0 -0 0 1 1 0 -0 93
Triangulations 2
14 12 1 1.01628945089462
-29.8799568454679 -75.6060374170658 107.488593048603 -30 -89.5969941586728 121 -29.8833418637374 -76.2292942727556 111.158243679562 -29.8963901907914 -77.7244846274758 114.418408341021 -29.9162537189189 -80.0006197629713 117.193261740824 -29.9441695679269 -83.1994595841974 119.452647680872 -29.9722004405512 -86.4114798078531 120.63274460524 -117 -74.845752400302 107.488592897929 -117 -88.8377567530515 121 -117 -75.5884962326128 111.524429651987 -117 -77.4695681754583 115.171543922322 -117 -80.3273745294744 118.116605141354 -117 -83.916392524405 120.106563948151 -117 -86.3368511849945 120.774830221714 0 -0.117984122672268 1.5358897457507 -0.117984122672268 0.266660995136679 -0.117984122672268 0.52355992123164 -0.117984122672268 0.780625049520181 -0.117984122672268 1.06128810125831 -0.117984122672268 1.30633352932209 -0.117984122672268 0 87.0074304048297 1.5358897457507 86.8853286961284 0.294174491038469 87.0009488253143 0.58834898142164 86.9845335855938 0.882525372990246 86.9595948403502 1.17670338785937 86.9282751506173 1.35629656661555 86.9071529348891 4 5 11 8 3 10 3 8 1 10 3 4 4 11 10 5 12 11 7 2 9 6 7 13 12 6 13 13 7 14 7 9 14 6 12 5 
53 86 1 1.0063645585565
10 -75.5767833907394 96.6850861275293 -7.68439072881922 -75.6886315632119 104.307122921154 -18.9354583740977 -75.6749554645452 106.727094272041 -29.8799568454679 -75.6060374170658 107.488593048603 10 -76.2615732713529 101.054589111441 10 -77.9203985817058 104.936933212406 10 -80.4369245552832 108.145024234819 10 -83.5607485258476 110.427467759848 10 -86.5006457245953 111.567252500347 10 -89.6252975030728 111.958322994209 -29.8833418637374 -76.2292942727556 111.158243679562 -29.8963901907914 -77.7244846274758 114.418408341021 -29.9162537189189 -80.0006197629713 117.193261740824 -29.9441695679269 -83.1994595841974 119.452647680872 -29.9722004405512 -86.4114798078531 120.63274460524 -30 -89.5969941586728 121 -7.8953224191186 -89.6817972125426 118.334839508604 -19.0980401402822 -89.6587906221797 120.358796393289 7.1749377468633 -76.2884498899523 102.535910301832 7.4379277247216 -76.4921813680697 103.061242220364 8.57771888268043 -77.7423302037717 105.331637112766 9.30690055469617 -78.9236020550257 106.777495413449 9.82874098504273 -80.0186409878479 107.807889826811 -6.62112125479221 -76.3567342506504 107.953375035508 -6.456649132712 -76.5607560677643 108.516896361634 -5.74500246762069 -77.8117671777194 110.953340808055 -5.29092079610998 -78.9931920517462 112.506063642571 -4.96672373790056 -80.0881019145185 113.61339971302 -4.48088592664634 -82.3440981525771 115.269784054723 -4.28416754004402 -83.6218587206774 115.938653331045 -4.04251160527904 -85.8807203034639 116.756892399868 -3.99331895020399 -86.5572562411519 116.922380506162 -3.92829125377734 -87.8048842686395 117.139383726158 -10.1900258981316 -76.359044502898 108.911871866114 -10.0510123588856 -76.5630753988127 109.482192003734 -9.45001271229784 -77.8141125251581 111.948187889547 -9.06704258862651 -78.9955406273146 113.519908660719 -8.79395121686515 -80.090444770896 114.6409033611 -8.38551812057413 -82.3464155912798 116.317991317657 -8.22062570619119 -83.6241574923491 116.9953836774 -8.01898215956567 -85.8829833840317 117.824358576063 -7.97822271166606 -86.5595085508235 117.992115677046 -7.92481258004832 -87.8071171688156 118.212254383628 -18.4132481943818 -76.3425038685778 110.489634861022 -18.3329144801019 -76.5464614162612 111.07124145256 -17.9869512560228 -77.797276818843 113.586271536467 -17.7678992161214 -78.9786598503518 115.189468215504 -17.6126194861208 -80.0735896552602 116.333047057891 -17.3826501559643 -82.3297203365801 118.044230698793 -17.2911523553652 -83.607587297295 118.735570528814 -17.1818149512224 -85.8666586761285 119.581941984613 -17.1605204008665 -86.543259040103 119.753323167304 -17.1339405936269 -87.7910042602936 119.978388353349 0 98.0033559854428 0 120.224314531327 0 134.112413622504 0 148.000512713681 27.5953418483857 100.375504498154 52.9265231326084 102.322103536329 77.5276367871915 103.829364463458 101.835179417893 104.854619453018 122.876941273748 105.359071776919 145.51470860304 105.543980209835 26.6534122284398 148.000512713681 50.6414832340356 148.000512713681 73.8992218597798 148.000512713681 99.3620397479656 148.000512713681 122.438374175503 148.000512713681 145.51470860304 148.000512713681 145.51470860304 124.413550700104 145.51470860304 136.207031706893 27.5953418483857 103.829364463458 31.8240667714848 103.829364463458 50.6414832340356 103.829364463458 63.6481335429696 103.829364463458 73.8992218597798 103.829364463458 27.5953418483857 120.224314531327 31.8240667714848 120.224314531327 50.6414832340356 120.224314531327 63.6481335429696 120.224314531327 73.8992218597798 120.224314531327 92.2897936373058 120.224314531327 101.835179417893 120.224314531327 118.067287722209 120.224314531327 122.876941273748 120.224314531327 131.790998162624 120.224314531327 27.5953418483857 124.413550700104 31.8240667714848 124.413550700104 50.6414832340356 124.413550700104 63.6481335429696 124.413550700104 73.8992218597798 124.413550700104 92.2897936373058 124.413550700104 101.835179417893 124.413550700104 118.067287722209 124.413550700104 122.876941273748 124.413550700104 131.790998162624 124.413550700104 27.5953418483857 134.112413622504 31.8240667714848 134.112413622504 50.6414832340356 134.112413622504 63.6481335429696 134.112413622504 73.8992218597798 134.112413622504 92.2897936373058 134.112413622504 101.835179417893 134.112413622504 118.067287722209 134.112413622504 122.876941273748 134.112413622504 131.790998162624 134.112413622504 1 5 19 19 5 20 1 19 2 19 24 2 24 19 20 24 20 25 2 24 34 5 6 20 21 6 22 6 21 20 22 6 23 21 22 27 25 26 36 25 21 26 27 23 28 27 26 21 23 27 22 26 27 37 23 6 7 21 25 20 24 25 35 44 3 34 34 3 2 34 24 35 44 34 35 3 11 4 11 3 44 45 11 44 44 35 45 26 37 36 36 35 25 47 37 38 36 37 47 45 46 12 46 45 36 12 47 13 47 12 46 46 36 47 45 12 11 37 28 38 36 45 35 37 27 28 23 7 28 8 29 28 29 8 30 29 38 28 29 39 38 39 29 30 39 30 40 38 39 49 8 9 30 28 7 8 32 31 9 31 40 30 33 9 10 40 41 51 40 31 41 41 32 42 33 32 9 31 32 41 43 32 33 10 17 33 31 30 9 39 40 50 48 49 13 48 38 49 49 39 50 49 50 14 13 49 14 51 15 14 15 51 18 50 51 14 40 51 50 48 13 47 42 43 53 43 42 32 17 43 33 43 17 53 52 53 18 53 52 42 16 15 18 53 17 18 18 51 52 42 52 51 51 41 42 38 48 47 

TShapes 20
Ve
0.0001
-39.12 -75.5254007860443 107.488592897929
0 0

0101100
*
Ve
0.0030809746204801
-29.8799568454679 -75.6060374170658 107.488593048603
0 0

0101100
*
Ed
 1e-07 1 1 0
1  1 0 -0.117984122672268 9.12446486082741
2  1 1 0 -0.117984122672268 9.12446486082741
2  2 2 0 -0.117984122672268 9.12446486082741
4 G1 1 0 2 0
0

0101000
-20 0 +19 0 *
Ve
0.0001
-39.12 -89.5174051387938 121
0 0

0101100
*
Ed
 1e-08 1 1 0
1  2 0 0.034906581044197 1.5707963267949
2  3 1 0 0.034906581044197 1.5707963267949
2  4 3 0 0.034906581044197 1.5707963267949
0

0101000
+20 0 -17 0 *
Ve
0.0030809746204801
-30 -89.5969941586728 121
0 0

0101100
*
Ed
 0.0030809746204801 1 1 0
1  3 0 0 145.51470860304
2  5 1 0 0 145.51470860304
2  6 4 0 0 145.51470860304
4 G1 4 0 1 0
6  1 1 0
6  2 2 0
0

0101000
+19 0 -15 0 *
Ed
 1e-07 1 1 0
1  4 0 -0.117984122672268 9.00236315212617
2  7 1 0 -0.117984122672268 9.00236315212617
2  8 5 0 -0.117984122672268 9.00236315212617
4 G1 1 0 5 0
0

0101000
-17 0 +15 0 *
Wi

0101100
-18 0 -16 0 +14 0 +13 0 *
Fa
0  0 1 0

0111000
+12 0 *
Ve
0.0001
-21.1052836558983 -75.6655501281667 107
0 0

0101100
*
Ed
 4.20546016597492e-05 1 1 0
1  5 0 136.822117322387 148.000512713681
2  9 4 0 136.822117322387 148.000512713681
2  10 2 0 136.822117322387 148.000512713681
4 G1 4 0 2 0
0

0101000
+10 0 -19 0 *
Ve
0.0001
-9.75999999999999 -75.9162609787402 107
0 0

0101100
*
Ed
 4.83758898572967e-06 1 1 0
1  6 0 0 1
2  11 4 0 0 1
2  12 6 0 0 1
0

0101000
+10 0 -8 0 *
Ve
0.0001
-9.76000000000001 -89.6809076134881 118.77082547597
0 0

0101100
*
Ed
 4.20384785042706e-05 1 1 0
1  7 0 0 1
2  13 4 0 0 1
2  14 7 0 0 1
0

0101000
+8 0 -6 0 *
Ed
 5.90099197779122e-06 1 1 0
1  8 0 126.365465196013 148.000512713681
2  15 4 0 126.365465196013 148.000512713681
2  16 8 0 126.365465196013 148.000512713681
4 G1 4 0 8 0
0

0101000
+6 0 -15 0 *
Wi

0101100
-9 0 +7 0 -14 0 +5 0 +4 0 *
Fa
0  4.9660092939318e-06 4 0

0111000
+3 0 *
Co

1100000
-11 0 -2 0 *

+1 0 
0

