DBRep_DrawableShape

CASCADE Topology V1, (c) Matra-Datavision
Locations 17
1
              1               0              -0 -113.035869854353 
             -0               1               0 116.648888525497 
              0               0               1 55.2275711160538 
1
              1               0              -0               0 
             -0               1               0               0 
              0               0               1           10000 
2  2 -1 0
1
              1               0              -0              -0 
             -0               1               0              -0 
              0               0               1          -10000 
2  4 -1 0
1
              1               0              -0              -0 
             -0               1               0              -0 
              0               0               1            -250 
2  6 -1 0
1
              1               0              -0              -0 
             -0               1               0              -0 
              0               0               1            -132 
2  8 -1 0
1
              1               0              -0              -0 
             -0               1               0              -0 
              0               0               1            -132 
2  10 -1 0
1
              1               0              -0              -0 
             -0               1               0              -0 
              0               0               1            -132 
2  12 -1 0
1
              1               0              -0              -0 
             -0               1               0              -0 
              0               0               1            -132 
2  14 -1 0
1
              1               0              -0              -0 
             -0               1               0              -0 
              0               0               1            -132 
2  16 -1 0
Curve2ds 24
7 0 0  6 17 4  0 7.07712696401339e-13  2.84802413452707 6.2549481455866599e-13  5.6714342771637396 5.3875982246399896e-13  8.4464035744151005 5.13932143065292e-13  11.159697075959601 3.6780849079229699e-13  13.8041665819076 3.3041320069873798e-13  19.233363220639699 2.0037743862059399e-13  22.0020422356654 1.3058068467261599e-13  24.6849839789054 1.2436914774768099e-13  27.286832863438001 1.67931256879859e-14  29.813745879343902 -1.1917585897049299e-14  35.116485579151899 -1.09484589282506e-13  37.868558979696303 -1.4073709254378399e-13  40.541344254223198 -2.5103962656549898e-13  43.143725073887801 -1.9653040600646501e-13  45.683863464987098 -2.8111697434389299e-13  48.169613352911 -3.1264286018294402e-13 
 0 7 0.29480661911600697 5 0.621939727130979 5 1 7
7 0 0  6 17 4  122.821277866996 -104.995802088584  122.813679417758 -105.21339322362  122.797987287057 -105.429907689991  122.77439670591799 -105.642933977141  122.74360623277499 -105.850855208881  122.706448224951 -106.052693223109  122.61629448386 -106.464655928528  122.562002437513 -106.67329077554901  122.501846939118 -106.87353754903501  122.43675259983701 -107.065495271348  122.367449688682 -107.249492038653  122.210114463026 -107.630042210185  122.12088328549299 -107.8240005791  122.02761088992099 -108.00862355821  121.930945217953 -108.184533712128  121.83138461754 -108.352334203724  121.729282175572 -108.512602932587 
 0 7 0.29480661911600697 5 0.621939727130979 5 1 7
1 51.5377266805815 -106.711664458857 -1 0 
1 6.0418403532640097 -51.5377266805815 0 -1 
1 103.075453361163 -67.529634671460499 0 1 
1 6.0418403532640097 -67.529634671460499 0 -1 
1 0 0 1 0 
1 0 -10000 1 0 
1 0 0 1 0 
1 0 -10000 1 0 
1 0 0 1 0 
1 0 -250 1 0 
1 0 0 1 0 
1 0 -132 1 0 
1 0 0 1 0 
1 0 -132 1 0 
1 0 0 1 0 
1 0 -132 1 0 
1 0 0 1 0 
1 0 -132 1 0 
1 0 0 1 0 
1 0 -132 1 0 
1 51.5377266805815 -135.059269342921 -1 0 
1 6.0418403532640097 -51.5377266805815 0 -1 
Curves 6
8 0 1
7 0 0  6 17 4  122.821277866996 -104.995802088584 -58  122.813679417758 -105.21339322362 -58  122.797987287057 -105.429907689991 -58  122.77439670591799 -105.642933977141 -58  122.74360623277499 -105.850855208881 -58  122.706448224951 -106.052693223109 -58  122.61629448386 -106.464655928528 -58  122.562002437513 -106.67329077554901 -58  122.501846939118 -106.87353754903501 -58  122.43675259983701 -107.065495271348 -58  122.367449688682 -107.249492038653 -58  122.210114463026 -107.630042210185 -58  122.12088328549299 -107.8240005791 -58  122.02761088992099 -108.00862355821 -58  121.930945217953 -108.184533712128 -58  121.83138461754 -108.352334203724 -58  121.729282175572 -108.512602932587 -58 
 0 7 0.29480661911600697 5 0.621939727130979 5 1 7
1 51.5377266805815 -106.711664458857 -58 -1 -0 0 
1 106.205483378767 -132.880085691402 -58 0.53729961328113718 0.84339144266938137 0 
1 103.075453361163 -67.529634671460499 -58 -0 1 0 
2 75 -113 -58 0 -0 1 1 0 0 -0 1 0 37
1 51.5377266805815 -135.059269342921 -58 -1 -0 0 
Polygon3D 0
PolygonOnTriangulations 0
Surfaces 13
1 0 0 -58 0 0 1 1 0 -0 -0 1 0 
9 1 1 0 0 2 11 3 32 2 4 122.821277866996 -104.995802088584 -40.410238381006899  1 122.821277866996 -104.995802088584 -42.523710367284998  0.99999999999998201 122.821277866996 -104.995802088584 -44.5343018039257  0.99999999999996803 122.821277866996 -104.995802088584 -46.442012690928699  0.99999999999995703 122.821277866996 -104.995802088584 -48.246843028294201  0.99999999999995004 122.821277866996 -104.995802088584 -49.948792816022198  0.99999999999994704 122.821277866996 -104.995802088584 -51.5478620541125  0.99999999999994704 122.821277866996 -104.995802088584 -53.044050742565197  0.99999999999995004 122.821277866996 -104.995802088584 -54.437358881380298  0.99999999999995703 122.821277866996 -104.995802088584 -55.727786470557803  0.99999999999996803 122.821277866996 -104.995802088584 -56.915333510097597  0.99999999999998201 122.821277866996 -104.99580208858301 -60.835767374722003  1.00000000000005 122.98593301637 -104.70763011244 -63.698430023822397  0.99999999999979505 123.321519154848 -104.121495076589 -66.573893933839997  1.00000000000053 123.826577281878 -103.23461016943099 -69.439798893272098  0.99999999999904998 124.51481452719101 -102.037826994756 -72.295232048653006  1.0000000000012399 125.358160416405 -100.54973813526099 -75.087288443981095  0.99999999999878497 126.389801332772 -98.758214183844899 -77.850088489030696  1.0000000000008999 127.557854371982 -96.699140720855297 -80.502881003984399  0.99999999999948297 128.88507672602501 -94.384046878818907 -83.081399779917504  1.00000000000023 130.33465497558601 -91.840430602040698 -85.5449756998091  0.99999999999992195 132.01677898850701 -88.887379103771806 -88.050352666789394  1.00000000000003 132.093775385882 -88.752154054336998 -88.164340581590295  0.99999999999976497 132.17148390442 -88.615651520968896 -88.278688027558502  1.0000000000006599 132.24984775527801 -88.477995763313501 -88.393302183207695  0.99999999999879396 132.32881615527401 -88.339298297931506 -88.508100541802307  1.0000000000015901 132.40834432687299 -88.1996578982708 -88.6230109113868  0.99999999999842304 132.488393498199 -88.059160594711599 -88.737971414739704  1.0000000000011899 132.56893090302901 -87.917879674508399 -88.852930489432694  0.99999999999932099 132.64992978078999 -87.7758756818492 -88.967846887768502  1.00000000000028 132.73136937656901 -87.633196417807397 -89.082689676833795  0.99999999999993405 132.813234941101 -87.489876940372696 -89.197438238463405  1 
122.754675009227 -106.903058611498 -40.410238381007403  0.964787322533877 122.754675009227 -106.903058611498 -42.458681948188001  0.96478732253386401 122.754675009227 -106.903058611498 -44.417250649550503  0.96478732253385402 122.754675009227 -106.903058611498 -46.285944485095001  0.96478732253384503 122.754675009227 -106.903058611498 -48.064763454821403  0.96478732253384003 122.754675009227 -106.903058611498 -49.753707558729801  0.96478732253383703 122.754675009227 -106.903058611498 -51.352776796820102  0.96478732253383803 122.754675009227 -106.903058611498 -52.861971169092399  0.96478732253384003 122.754675009227 -106.903058611498 -54.281290675546501  0.96478732253384603 122.754675009227 -106.903058611498 -55.610735316182499  0.96478732253385402 122.754675009228 -106.903058611498 -56.850305091000401  0.96478732253386401 122.754675009228 -106.903058611498 -61.005778591095101  0.96478732253391197 122.937808258484 -106.615596995161 -64.043782547027405  0.96419694370717102 123.31139227192701 -106.02918756498801 -67.096344027251106  0.96301146778431002 123.875605562377 -105.143550111987 -70.138363413910795  0.96115451186349898 124.640765595909 -103.942489458669 -73.1613777977973  0.95879398049631104 125.584048314049 -102.46183219997999 -76.117430718493296  0.95556870172785202 126.72690521771401 -100.66790622474601 -79.023530389503307  0.95203620382152199 128.027269692934 -98.626742889351604 -81.815242674459597  0.94755333540242603 129.49426263245601 -96.324025260180406 -84.513221177454596  0.942793195121432 131.10915510977 -93.789151862672099 -87.091078658147694  0.93734206207372806 132.925872125848 -90.9374774016472 -89.636861534624003  0.93088464233300205 133.00902279250599 -90.806957001152796 -89.752616966454497  0.93058755353565004 133.09245251946501 -90.675998563731596 -89.868007967610595  0.93028667925881203 133.17615589277401 -90.544610587591393 -89.983035200904297  0.92998265681619796 133.260128475024 -90.412800038056503 -90.097700041306297  0.92967606027565097 133.34436683366701 -90.280572303168299 -90.212004618527303  0.92936740043273902 133.428868569619 -90.147931148711294 -90.325951859353495  0.92905712484717895 133.513632346435 -90.014878672501794 -90.439545529666105  0.92874561780251097 133.59865791967201 -89.881415258227193 -90.552790276204504  0.92843320034229404 133.68394616676099 -89.747539528602303 -90.665691668011405  0.92812013024374695 133.76949911712001 -89.613248298077494 -90.778256237606101  0.927806602033173 
121.729282175571 -108.512602932587 -40.410238381007701  1 121.729282175571 -108.512602932587 -42.3832104780207  0.99999999999998201 121.729282175571 -108.512602932587 -44.281402003249198  0.99999999999996803 121.729282175571 -108.512602932587 -46.104812956693202  0.99999999999995703 121.729282175571 -108.512602932587 -47.853443338352697  0.99999999999995004 121.729282175571 -108.512602932587 -49.527293148227599  0.99999999999994704 121.729282175571 -108.512602932587 -51.126362386318  0.99999999999994704 121.729282175571 -108.512602932587 -52.650651052623701  0.99999999999995004 121.729282175572 -108.512602932587 -54.100159147144801  0.99999999999995703 121.729282175572 -108.512602932587 -55.4748866698813  0.99999999999996803 121.729282175572 -108.512602932587 -56.774833620833199  0.99999999999998201 121.729282175572 -108.512602932587 -61.203092267525498  1.00000000000005 121.91532947980301 -108.220567166243 -64.436710138752801  0.99999999999979505 122.29401478421499 -107.626150313317 -67.682317024242906  1.00000000000053 122.865516887021 -106.729071716831 -70.919305869384999  0.99999999999904998 123.638277218624 -105.51608098540601 -74.128649303102193  1.0000000000012399 124.59214543851201 -104.018807817507 -77.286389704591002  0.99999999999878497 125.745875482055 -102.20781443165301 -80.378301849352695  1.0000000000008999 127.061730158175 -100.142336351632 -83.379354398526402  0.99999999999948297 128.55081722556301 -97.804937889057499 -86.281484688943195  1.00000000000023 130.20172879113099 -95.213525848947299 -89.077755396587406  0.99999999999992195 132.02870215791199 -92.345752142357398 -91.818196003578606  1.00000000000003 132.11136155189701 -92.216002885481998 -91.941523567594999  0.99999999999976497 132.193946889562 -92.086369873738505 -92.064068973890997  1.0000000000006599 132.27650559495601 -91.956778666296401 -92.185893603534097  0.99999999999879396 132.359080977969 -91.827161280216899 -92.307053338587806  1.0000000000015901 132.441712234346 -91.697456190552799 -92.427598562226294  0.99999999999842304 132.52443444565699 -91.567608330213304 -92.547574158576893  1.0000000000011899 132.60727857934 -91.437569090111296 -92.667019512897198  0.99999999999932099 132.69027148865499 -91.307296319032901 -92.785968511409493  1.00000000000028 132.77343591272299 -91.176754323731402 -92.904449541429699  0.99999999999993405 132.85679047650001 -91.045913868872802 -93.022485491284797  1 

0 3
48.169613352911 3

-17.589761618992501 12
2.2495369470564299e-13 10
45.986920950039597 10
48.169613352911199 12

1 103.075453361163 -106.711664458857 -64.041840353264007 -0 1 0 0 0 1 1 0 -0 
1 103.075453361163 -135.059269342921 -64.041840353264007 1 0 -0 0 0 1 0 -1 0 
2 75 -113 -58 -0 0 -1 1 0 0 -0 1 0 37
2 75 -113 -58 0 -0 1 1 0 0 -0 1 0 37
2 75 -113 -58 0 -0 1 1 0 0 -0 1 0 37
2 75 -113 -58 0 -0 1 1 0 0 -0 1 0 37
2 75 -113 -58 0 -0 1 1 0 0 -0 1 0 37
2 75 -113 -58 0 -0 1 1 0 0 -0 1 0 37
2 75 -113 -58 0 -0 1 1 0 0 -0 1 0 37
2 75 -113 -58 0 -0 1 1 0 0 -0 1 0 37
1 103.075453361163 -135.059269342921 -64.041840353264007 -0 1 0 0 0 1 1 0 -0 
Triangulations 0

TShapes 14
Ve
6.48042151618539e-05
122.545495762494 -106.711664458857 -58
0 0

0101100
*
Ve
7.68490726732114e-05
121.729282175572 -108.512602932587 -58
0 0

0101100
*
Ed
 1.45085516769114e-07 1 1 0
1  1 0 0.415686732923051 1
2  1 2 0 0.415686732923051 1
2  2 1 0 0.415686732923051 1
0

0101000
+14 0 -13 0 *
Ve
6.48042151618539e-05
103.075453361163 -106.711664458857 -58
0 0

0101100
*
Ed
 1e-08 1 1 0
1  2 0 -71.007769081912 -51.5377266805815
2  3 1 0 -71.007769081912 -51.5377266805815
2  4 3 0 -71.007769081912 -51.5377266805815
0

0101000
+14 0 -11 0 *
Ve
1e-07
106.205483378767 -132.880085691402 -58
0 0

0101100
*
Ed
 1e-07 1 1 0
1  3 0 0 28.8922575283558
0

0101000
-13 0 +9 0 *
Ve
6.48042151618539e-05
103.075453361163 -135.059269342921 -58
0 0

0101100
*
Ed
 1e-08 1 1 0
1  4 0 -67.5296346714605 -39.182029787397
2  5 1 0 -67.5296346714605 -39.182029787397
2  6 4 0 -67.5296346714605 -39.182029787397
0

0101000
+7 0 -11 0 *
Ve
6.48042151618539e-05
104.705027117585 -135.059269342921 -58
0 0

0101100
*
Ed
 1e-07 1 1 0
1  5 0 5.64443018366826 5.71595329443087
2  7 5 0 5.64443018366826 5.71595329443087
2  8 5 3 5.64443018366826 5.71595329443087
2  9 6 0 5.64443018366826 5.71595329443087
2  10 6 5 5.64443018366826 5.71595329443087
2  11 7 0 5.64443018366826 5.71595329443087
2  12 7 7 5.64443018366826 5.71595329443087
2  13 8 0 5.64443018366826 5.71595329443087
2  14 8 9 5.64443018366826 5.71595329443087
2  15 9 0 5.64443018366826 5.71595329443087
2  16 9 11 5.64443018366826 5.71595329443087
2  17 10 0 5.64443018366826 5.71595329443087
2  18 10 13 5.64443018366826 5.71595329443087
2  19 11 0 5.64443018366826 5.71595329443087
2  20 11 15 5.64443018366826 5.71595329443087
2  21 12 0 5.64443018366826 5.71595329443087
2  22 12 17 5.64443018366826 5.71595329443087
0

0101000
+5 0 -9 0 *
Ed
 1e-08 1 1 0
1  6 0 -53.1673004370036 -51.5377266805815
2  23 1 0 -53.1673004370036 -51.5377266805815
2  24 13 0 -53.1673004370036 -51.5377266805815
0

0101000
+5 0 -7 0 *
Wi

0101100
-12 0 +10 0 +8 0 -6 0 +4 0 -3 0 *
Fa
0  1e-07 1 0

0111000
+2 0 *

+1 1 
0

