DBRep_DrawableShape

CASCADE Topology V1, (c) Matra-Datavision
Locations 2
1
              1               0              -0               0 
             -0               1               0               0 
              0               0               1               0 
2  1 -1 0
Curve2ds 10
1 0 3.1764992346339902 1 0 
1 3.14159265358979 -2.8970663360040501 1 0 
5 68.423850116550994 -5741.4616609630602 0 1 -1 0 5552.8814394957899 193.91087054899
7 0 0  8 9 2  3.4321384482113402 -17.3738282416315  3.4331666011858801 -15.590968014662201  3.4341943919698701 -13.800476824306299  3.4352218199965101 -12.002349880633099  3.4362488838123699 -10.196584036188099  3.4372755818385499 -8.3831761249312002  3.4383019126594299 -6.5621229619810002  3.4393278747320801 -4.7334213435549204  3.4403534675384 -2.89706633600359 
 0.29472206560467801 9 0.30330710263184602 9
5 193.91087054899 5741.4616609630602 0 -1 1 0 1959.4029270011799 68.423850116550994
7 0 0  8 9 2  3.4855669790707302 -2.8970663360055702  3.4860400983165198 -10.575764894221701  3.4865139313756099 -18.241380095649198  3.48698847966625 -25.8939404440316  3.48746374432449 -33.533468914916703  3.4879397263994201 -41.159988429179101  3.4884164270406499 -48.7735218529779  3.4888938473047002 -56.374091997911897  3.4893719886533998 -63.9617270296933 
 -1.7504069558028399 9 -1.7391833464842199 9
5 193.91087054899 5741.4616609630602 0 -1 1 0 1660.3519820050899 57.980762196425196
7 0 0  8 9 2  3.4321384482113402 -17.373828241633401  3.43233730257929 -21.230664174281898  3.4325363078005502 -25.084301066730401  3.4327354642828101 -28.934747306935598  3.4329347721486601 -32.7820057236531  3.43313423151085 -36.626079141482499  3.4333338425267401 -40.466970383087798  3.4335336052807 -44.304682266621299  3.4337335201952102 -48.139223131770699 
 -1.9220716685641399 9 -1.9165185411159 9
1 35.631545744274099 0 0 1 
7 0 0  8 9 2  3.4172840184888802 -43.393576558980797  3.4275082129047401 -46.349331615852797  3.4372770856985002 -49.169152305558399  3.4470988698688898 -51.984731650237997  3.4569290586868702 -54.797154125868303  3.4668043342646899 -57.602621597980402  3.4766844745549599 -60.398583938152399  3.4865704820918402 -63.180736866193399  3.49645491644503 -65.947877243214194 
 87.845400709627498 9 123.476946453902 9
Curves 5
2 180 -46.895301521872298 59.25 -0 1 0 1.40008420839429e-16 0 -1 -1 0 -1.40008420839429e-16 202.89889385452801
8 0.29472206560467801 0.30330710263184602
5 180 -5857.1600823939298 -134.66087054899 0 0 1 0 1 -0 -1 0 0 5552.8814394957899 193.91087054899
8 -1.7504069558028399 -1.7391833464842199
5 111.57614988344901 -5857.1600823939298 59.25 1 0 -0 0 1 0 0 -0 1 1959.4029270011799 68.423850116550994
8 -1.9220716685641399 -1.9165185411159
5 122.019237803575 -5857.1600823939298 59.25 1 0 -0 0 1 0 0 -0 1 1660.3519820050899 57.980762196425196
7 1 0  8 9 2  125.153153425931 -87.3671423706474 -134.626932263003  1 123.198997856924 -90.321096861812606 -133.96690848258601  1 121.340694947294 -93.139199793336701 -133.31393092605299  0.999999999999996 119.479912211467 -95.9530639635461 -132.63922347850701  1 117.626446549896 -98.763773187786001 -131.94282749727199  0.999999999999994 115.773165793427 -101.567531645306 -131.22374584713901  1.00000000000001 113.92829284974 -104.36179076115501 -130.48382636166701  0.999999999999995 112.091706565645 -107.14224887719099 -129.723651353126  1 110.26507219568499 -109.90770358744599 -128.94380620960999  1
 87.845400709627498 9 123.476946453902 9
Polygon3D 0
PolygonOnTriangulations 0
Surfaces 6
10 0 6.2831853071795898 -1650 1500
3 180 -44 59.25 -0 1 0 0 0 1 1 0 -0 203
0.034906581044197103
5 180 -47 59.25 0 -1 -0 1.40008420839429e-16 0 -1 -1 -0 -1.40008420839429e-16 205.897066336004 3
1 111.57614988344901 -115.698421430867 -134.66087054899 0 0 1 1 0 -0 -0 1 0 
1 111.57614988344901 -115.698421430867 -134.66087054899 1 0 -0 0 0 1 0 -1 0 
1 122.019237803575 -115.698421430867 -134.66087054899 1 0 -0 0 0 1 0 -1 0 
9 1 1 0 0 2 8 3 9 2 2 132.85679047650001 -91.045913868872802 -127.862511489703  1 131.02910187456499 -93.914810269752806 -127.23821242401699  1 129.22277861856301 -96.750169795704906 -126.600611508719  0.999999999999996 127.42062559310899 -99.578983370995203 -125.94298623053101  1 125.626259705276 -102.39557358883501 -125.264460305898  0.999999999999994 123.837390701364 -105.20353542737401 -124.565982021247  1.00000000000001 122.055974626367 -107.999798511042 -123.847024811192  0.999999999999995 120.28463942867801 -110.780237787197 -123.109329535223  1 118.52332410954 -113.544949004709 -122.352832470309  1 
132.10578235864801 -92.224760464544104 -136.41750846653801  0.62825977687442003 130.248958603098 -95.139389895249096 -135.86312657107001  0.62485151776952497 128.40290488436301 -98.037113754720195 -135.28675526189301  0.62169327055877599 126.56246405812099 -100.926027137913 -134.69051399144101  0.61854676148538101 124.732746453047 -103.798108435713 -134.075935883429  0.61533507951406796 122.91113146305401 -106.65747117565201 -133.44248452459101  0.61213261165812305 121.099584937537 -109.501029592319 -132.79062326187  0.60889947455028404 119.29874929533101 -112.32777529015399 -132.120800620713  0.60566419672651695 117.509579929259 -115.136208602838 -131.433532241915  0.60242192427376495 
125.153153425931 -87.3671423706474 -134.626932263003  1 123.198997856924 -90.321096861812606 -133.96690848258601  1 121.340694947294 -93.139199793336701 -133.31393092605299  0.999999999999996 119.479912211467 -95.9530639635461 -132.63922347850701  1 117.626446549896 -98.763773187786001 -131.94282749727199  0.999999999999994 115.773165793427 -101.567531645306 -131.22374584713901  1.00000000000001 113.92829284974 -104.36179076115501 -130.48382636166701  0.999999999999995 112.091706565645 -107.14224887719099 -129.723651353126  1 110.26507219568499 -109.90770358744599 -128.94380620960999  1 

0 3
35.631545744274099 3

87.845400709627498 9
123.476946453902 9

Triangulations 0

TShapes 13
Ve
0.0001
120.279522688411 -46.8953015218723 -134.66087054899
0 0

0101100
*
Ve
0.0001
111.576149883449 -46.8953015218723 -131.763449428617
0 0

0101100
*
Ed
 1e-07 1 1 0
1  1 0 0.298760813948612 0.34397432548094
2  1 2 0 0.298760813948612 0.34397432548094
2  2 1 1 0.298760813948612 0.34397432548094
4 G1 2 0 1 1
0

0101000
+13 0 -12 0 *
Ve
0.0001
122.019237803575 -61.3632445773136 -134.66087054899
0 0

0101100
*
Ed
 7.81603093375363e-07 1 1 0
1  2 0 0.294722065604678 0.303307102631846
2  3 3 0 0.294722065604678 0.303307102631846
2  4 1 1 0.294722065604678 0.303307102631846
0

0101000
+10 0 -13 0 *
Ve
0.0001
111.576149883449 -107.922763282696 -129.498174753398
0 0

0101100
*
Ed
 2.49531384661955e-06 1 1 0
1  3 0 -1.75040695580284 -1.73918334648422
2  5 4 0 -1.75040695580284 -1.73918334648422
2  6 1 1 -1.75040695580284 -1.73918334648422
0

0101000
+12 0 -8 0 *
Ve
0.0001
122.019237803575 -92.1098980244324 -133.539936815811
0 0

0101100
*
Ed
 2.53725043216937e-06 1 1 0
1  4 0 -1.92207166856414 -1.9165185411159
2  7 5 0 -1.92207166856414 -1.9165185411159
2  8 1 1 -1.92207166856414 -1.9165185411159
0

0101000
+10 0 -6 0 *
Ed
 3.18430131675592e-05 1 1 0
1  5 0 95.1631154390717 120.285402200017
2  9 6 0 95.1631154390717 120.285402200017
2  10 1 1 95.1631154390717 120.285402200017
4 G1 6 0 1 1
0

0101000
+6 0 -8 0 *
Wi

0101100
-11 0 -9 0 -7 0 +5 0 +4 0 *
Fa
0  1e-07 1 0

0111000
+3 2 *
Co

1100000
+2 1 *

+1 0 
0

