DBRep_DrawableShape

CASCADE Topology V1, (c) Matra-Datavision
Locations 0
Curve2ds 27
1 0 6.7311005592373316 1 0 
1 0 3.1415936072641095 1 0 
1 0 3.6651944000437955 1 0 
1 0 -1.6056097663740486e-13 1 0 
1 6.2831853071795862 3.1415936072641095 0 1 
1 0 3.1415936072641095 0 1 
1 6.2831853071795862 0 0 1 
1 0 0 0 1 
8 7.8539816339744828 10.995574287564276
1 1.5707963267948966 1.000014305114961 1 0 
8 1.5707963267948966 4.7123889803846897
2 3.6563525199889999 -5 0 -1 -1 -0 1.400005340576
8 4.7123889803846897 7.8539816339744828
1 -4.7123889803846897 1.000014305114961 1 0 
8 4.7123889803846897 7.8539816339744828
2 3.6563525199889999 -5 0 -1 -1 -0 1.400005340576
1 0 0.562149850459019 1 0 
1 0 2.6179909264293624 1 0 
1 6.2831853071795862 0 0 1 
1 0 0 0 1 
1 0 3.1415924151711305 1 0 
1 0 0 1 0 
1 6.2831853071795862 2.6179909264293624 0 1 
1 0 2.6179909264293624 0 1 
1 0 1.2320643216372706 1 0 
1 0 3.2577850355308696e-22 1 0 
1 6.2831853071795862 0 0 1 
1 0 0 0 1 
1 0 0.65000677109039839 1 0 
1 6.2831853071795862 0 0 1 
1 0 0 0 1 
Curves 13
2 0 0 2.4689135551451047 0 0 -1 -1 0 0 0 1 0 1.3999997377394315
2 0 0 1.2189095046371203 0 0 -1 -1 0 0 0 1 0 1.0650595381389563
2 1.10000026226 0 2.4689159393310001 0 -1 0 -0.99999999999954525 -0 -9.5367431640596624e-07 9.5367431640596624e-07 0 -0.99999999999954525 2.5
1 -1.400005340576 0 9.2000141143800001 8.3238037386790164e-07 0 -0.99999999999965361 
2 0 0 8.199999809265039 0 0 -1 0 1 0 1 -0 0 1.400005340576
2 0 0 8.199999809265039 0 0 -1 0 1 0 1 -0 0 1.400005340576
2 0 0 0.7320742945275045 0 0 -1 -1 0 0 0 1 0 0.78398315604894975
1 -1.0650595426559999 0 1.2189095020289999 0.50000267908089446 0 -0.86602385701083773 
2 0 0 0.23207195103173106 0 0 -1 -1 0 0 0 1 0 0.6500071585181143
2 -1.6500071287160001 0 0.2320717126131 0 1 0 0.8660239279996006 -0 0.50000255612560895 0.50000255612560895 0 -0.8660239279996006 1
2 0 0 -0.99999237060549984 0 0 -1 -1 0 -0 0 1 0 0.65000677108759997
1 -0.65000718832019999 0 0.2320719510317 3.3864514433035163e-07 0 -0.99999999999994271 
1 -0.65000677108759997 0 -0.99999237060549995 0.99999999999569478 0 -2.9343518943061287e-06 
Polygon3D 0
PolygonOnTriangulations 0
Surfaces 7
5 0 0 2.4689159393310001 -0 -0 1 1 0 0 0 -1 0 1.10000026226 2.5
2 0 0 9.2000141143800001 0 0 -1 -1 0 0 0 1 0 1.400005340576
3 0 0 1.2189095020289999 0 0 -1 -1 0 0 0 1 0 1.0650595426559999
-0.52360186913721263
1 3.6563525199889999 -5 8.1999998092649999 0 -7.9377773040722434e-15 1 -1 0 0 -0 -1 -7.9377773040722434e-15 
5 0 0 0.2320717126131 -0 -0 1 -1 0 0 0 1 0 1.6500071287160001 1
2 0 0 0.23207195103169997 0 0 -1 -1 0 0 0 1 0 0.65000718832019999
3 0 0 -0.99999237060549984 0 0 -1 -1 0 -0 0 1 0 0.65000677108759997
-1.5707933924430022
Triangulations 0

TShapes 39
Ve
0.003
-1.39999973773943 0 2.4689135551451
0 0

0101101
*
Ed
 0.003 1 1 0
1  1 0 0 6.28318530717959
2  1 2 0 0 6.28318530717959
2  2 1 0 0 6.28318530717959
4 G1 2 0 1 0
0

0101100
+39 0 -39 0 *
Ve
0.003
-1.06505953813896 0 1.21890950463712
0 0

0101101
*
Ed
 0.003 1 1 0
1  2 0 0 6.28318530717959
2  3 1 0 0 6.28318530717959
2  4 3 0 0 6.28318530717959
4 G1 1 0 3 0
0

0101100
+37 0 -37 0 *
Ed
 0.003 1 1 0
1  3 0 0 0.523600792779686
3  5 6CN 1 0 0 0.523600792779686
0

0101000
+39 0 -37 0 *
Wi

0101000
+38 0 -36 0 -35 0 +35 0 *
Fa
0  0.003 1 0

0101000
+34 0 *
Ve
0.006000000001
-1.40000450818372 0 8.19999980926504
0 0

0101101
*
Ed
 0.003 1 1 0
1  4 0 1.00001430511531 6.73110055923733
3  7 8CN 2 0 1.00001430511531 6.73110055923733
0

0101000
+32 0 -39 0 *
Ve
1e-07
1.400005340576 4.286280147814e-16 8.19999980926504
0 0

0101101
*
Ed
 0.003 1 1 0
1  5 0 1.5707963267949 4.71238898038469
2  9 2 0 1.5707963267949 4.71238898038469
2  10 4 0 1.5707963267949 4.71238898038469
0

0101000
+30 0 -32 0 *
Ed
 0.003 1 1 0
1  6 0 4.71238898038469 7.85398163397448
2  11 2 0 4.71238898038469 7.85398163397448
2  12 4 0 4.71238898038469 7.85398163397448
0

0101000
+32 0 -30 0 *
Wi

0101000
+31 0 +29 0 +28 0 -31 0 -38 0 *
Fa
0  0.003 2 0

0101000
+27 0 *
Ve
0.003
-0.78398315604895 0 0.732074294527504
0 0

0101101
*
Ed
 0.003 1 1 0
1  7 0 0 6.28318530717959
2  13 3 0 0 6.28318530717959
2  14 5 0 0 6.28318530717959
4 C1 3 0 5 0
0

0101100
+25 0 -25 0 *
Ed
 0.003 1 1 0
1  8 0 0 0.562149850459151
3  15 16CN 3 0 0 0.562149850459151
0

0101000
+37 0 -25 0 *
Wi

0101000
+36 0 -24 0 -23 0 +23 0 *
Fa
0  0.003 3 0

0111000
+22 0 *
Wi

0101000
-28 0 -29 0 *
Fa
0  0.003 4 0

0101000
+20 0 *
Ve
0.003
-0.650007158518114 0 0.232071951031731
0 0

0101101
*
Ed
 0.003 1 1 0
1  9 0 0 6.28318530717959
2  17 5 0 0 6.28318530717959
2  18 6 0 0 6.28318530717959
4 C1 5 0 6 0
0

0101100
+18 0 -18 0 *
Ed
 0.003 1 1 0
1  10 0 0 0.523601488741768
3  19 20CN 5 0 0 0.523601488741768
0

0101000
+25 0 -18 0 *
Wi

0101000
+24 0 -17 0 -16 0 +16 0 *
Fa
0  0.003 5 0

0101000
+15 0 *
Ve
0.003
-0.6500067710876 0 -0.9999923706055
0 0

0101101
*
Ed
 0.003 1 1 0
1  11 0 0 6.28318530717959
2  21 6 0 0 6.28318530717959
2  22 7 0 0 6.28318530717959
0

0101100
+13 0 -13 0 *
Ed
 0.003 1 1 0
1  12 0 0 1.23206432163727
3  23 24CN 6 0 0 1.23206432163727
0

0101000
+18 0 -13 0 *
Wi

0101000
+17 0 -12 0 -11 0 +11 0 *
Fa
0  0.003 6 0

0101000
+10 0 *
Ve
0.003
0 0 -0.9999942779541
0 0

0101101
*
Ed
 0.003 1 1 1
2  25 7 0 0 6.28318530717959
0

0101100
+8 0 -8 0 *
Ed
 0.003 1 1 0
1  13 0 0 0.650006771090398
3  26 27CN 7 0 0 0.650006771090398
0

0101000
+13 0 -8 0 *
Wi

0101000
+12 0 -7 0 -6 0 +6 0 *
Fa
0  0.003 7 0

0111000
+5 0 *
Sh

0101000
+33 0 +26 0 +21 0 +19 0 +14 0 +9 0 +4 0 *
So

0100000
+3 0 *
Co

1100000
+2 0 *

+1 0 