DBRep_DrawableShape

CASCADE Topology V1, (c) Matra-Datavision
Locations 1
1
              1               0              -0               2 
             -0               1               0               2 
              0               0               1               4 
Curve2ds 6
1 0 2.0615528128088298 1 0 
2 0 0 1 0 -0 1 0.5
1 6.2831853071795898 -0 0 1 
1 0 -0 0 1 
1 0 0 1 0 
2 0 0 1 0 -0 1 1
Curves 3
2 0 0 2 0 0 1 1 0 -0 -0 1 0 0.5
1 1 -2.4492935982947099e-16 0 -0.242535625036333 5.94040953759896e-17 0.97014250014533199 
2 0 0 0 0 0 1 1 0 -0 -0 1 0 1
Polygon3D 0
PolygonOnTriangulations 0
Surfaces 3
3 0 0 0 0 0 1 1 0 -0 -0 1 0 1
-0.244978663126864
1 0 0 2 0 0 1 1 0 -0 -0 1 0 
1 0 0 0 0 0 1 1 0 -0 -0 1 0 
Triangulations 0

TShapes 7
Ve
1e-07
0.5 -1.22464679914735e-16 2
0 0

0101100
*
Ed
 1e-07 1 1 0
1  1 0 0 6.28318530717959
2  1 1 0 0 6.28318530717959
2  2 2 0 0 6.28318530717959
0

0101100
+7 0 -7 0 *
Ve
3.17925368853947e-05
1 -2.44929359829471e-16 0
0 0

0101100
*
Ed
 1e-07 1 1 0
1  2 0 0 2.06155281280883
3  3 4CN 1 0 0 2.06155281280883
0

0101000
-7 0 +5 0 *
Ed
 1e-07 1 1 0
1  3 0 0 6.28318530717959
2  5 1 0 0 6.28318530717959
2  6 3 0 0 6.28318530717959
0

0101100
+5 0 -5 0 *
Wi

0101000
-6 0 +4 0 +3 0 -4 0 *
Fa
0  1e-07 1 0

0111000
+2 0 *

+1 1 
0

