DBRep_DrawableShape

CASCADE Topology V1, (c) Matra-Datavision
Locations 2
1
              1               0              -0               0 
             -0               1               0               0 
              0               0               1               0 
2  1 -1 0
Curve2ds 10
1 0 0 1 0 
1 0 200 1 0 
1 -4.7123889803846897 0 1 0 
2 180 180 1 0 0 -1 20
1 0 0 0 1 
1 0 0 1 0 
1 200 0 0 1 
1 0 0 1 0 
1 0 0 1 0 
1 0 0 1 0 
Curves 5
1 200 0 0 0 0 1 
8 4.7123889803846897 6.2831853071795898
2 180 0 180 -0 -1 -0 0 -0 1 -1 0 0 20
1 0 0 0 1 0 -0 
1 0 0 200 1 0 -0 
1 0 0 0 0 0 1 
Polygon3D 0
PolygonOnTriangulations 12
2 1 2 
p 2.39790410701632 1 0 180 
2 1 2 
p 2.39790410701632 1 0 180 
5 1 3 4 5 2 
p 0.865913768233914 1 4.71238898038469 5.10508806208341 5.49778714378214 5.89048622548086 6.28318530717959 
5 2 3 4 5 6 
p 0.865913768233914 1 4.71238898038469 5.10508806208341 5.49778714378214 5.89048622548086 6.28318530717959 
2 1 2 
p 2.000000002 1 0 200 
2 1 4 
p 2.000000002 1 0 200 
2 7 1 
p 2.39790410701632 1 0 200 
2 8 6 
p 2.39790410701632 1 0 180 
2 4 3 
p 2.39790410701632 1 0 180 
2 1 2 
p 2.000000002 1 0 200 
2 1 4 
p 2.000000002 1 0 200 
2 7 8 
p 2.39790410701632 1 0 200 
Surfaces 6
1 0 0 0 -0 1 0 0 0 1 1 0 -0 
1 200 0 0 1 0 -0 0 0 1 0 -1 0 
2 180 0 180 0 1 0 1 0 -0 0 -0 1 20
1 0 0 0 0 0 1 1 0 -0 -0 1 0 
1 0 0 200 0 0 1 1 0 -0 -0 1 0 
1 0 0 0 1 0 -0 0 0 1 0 -1 0 
Triangulations 7
9 8 1 2.09150603925984
200 0 0 200 0 180 198.477590650226 0 187.653668647302 194.142135623731 0 194.142135623731 187.653668647302 0 198.477590650226 180 0 200 0 0 0 0 0 200 100 0 100 0 200 180 200 187.653668647302 198.477590650226 194.142135623731 194.142135623731 198.477590650226 187.653668647302 200 180 0 0 200 0 100 100 7 9 1 9 7 8 2 1 9 9 6 2 6 3 2 3 5 4 5 3 6 6 9 8 
4 2 1 2.39790410701632
200 0 0 200 0 180 200 100 180 200 100 0 0 0 180 0 180 -100 0 -100 1 4 3 3 2 1 
10 8 1 1.63190893762512
200 0 180 180 0 200 198.477590650226 0 187.653668647302 194.142135623731 0 194.142135623731 187.653668647302 0 198.477590650226 200 100 180 180 100 200 198.477590650226 100 187.653668647302 194.142135623731 100 194.142135623731 187.653668647302 100 198.477590650226 0 0 1.5707963267949 0 0.392699081698725 0 0.785398163397449 0 1.17809724509617 0 0 100 1.5707963267949 100 0.392699081698725 100 0.785398163397449 100 1.17809724509617 100 1 3 8 1 8 6 8 3 4 8 4 9 5 2 7 10 9 5 7 10 5 5 9 4 
4 2 1 2.000000002
0 0 0 200 0 0 200 0 200 0 0 200 0 0 0 200 200 200 200 0 2 1 4 4 3 2 
4 2 1 2.000000002
0 0 0 0 100 0 200 100 0 200 0 0 0 0 0 100 200 100 200 0 2 1 4 4 3 2 
4 2 1 2.39790410701632
0 100 200 180 100 200 180 0 200 0 0 200 0 100 180 100 180 0 0 0 1 4 3 3 2 1 
4 2 1 2.000000002
0 0 0 0 0 200 0 100 200 0 100 0 0 0 200 0 200 -100 0 -100 1 4 3 3 2 1 

TShapes 12
Ve
1e-07
200 0 180
0 0

0101100
*
Ve
1e-07
200 0 0
0 0

0101100
*
Ed
 1e-07 1 1 0
1  1 0 0 180
2  1 2 0 0 180
2  2 1 0 0 180
6  1 2 0
6  2 1 0
0

0101000
-12 2 +11 0 *
Ve
1e-07
180 0 200
0 0

0101100
*
Ed
 1e-07 1 1 0
1  2 0 4.71238898038469 6.28318530717959
2  3 3 0 4.71238898038469 6.28318530717959
2  4 1 1 4.71238898038469 6.28318530717959
6  3 3 0
6  4 1 1
0

0101000
+12 0 -9 0 *
Ve
1e-07
0 0 0
0 0

0101100
*
Ed
 1e-07 1 1 0
1  3 0 0 200
2  5 1 0 0 200
2  6 4 0 0 200
6  5 4 0
6  6 5 0
6  7 1 0
0

0101000
-11 0 +7 0 *
Ve
1e-07
0 0 200
0 0

0101100
*
Ed
 1e-07 1 1 0
1  4 0 0 180
2  7 1 0 0 180
2  8 5 0 0 180
6  8 1 0
6  9 6 0
0

0101000
-9 2 +5 0 *
Ed
 1e-07 1 1 0
1  5 0 0 200
2  9 6 0 0 200
2  10 1 0 0 200
6  10 7 0
6  11 4 0
6  12 1 0
0

0101000
-5 0 +7 0 *
Wi

0101100
-10 1 -8 0 -6 1 +4 1 +3 1 *
Fa
0  1e-07 1 0
2  1
0111000
+2 2 *

-1 1 
0

