DBRep_DrawableShape

CASCADE Topology V1, (c) Matra-Datavision
Locations 0
Curve2ds 14
8 0 1.4668749200779401
1 0 90.235676370575902 1 0 
7 0 0  5 6 2  0 90.235612912260805  9.1059461568330402 90.235612912260507  16.933117674260199 90.235612912261203  24.623035794450502 90.235612912260393  32.450207828205698 90.235612912260905  41.556153985038698 90.235612912260805 
 0 6 1.4668749200779401 6
1 0 0 0 1 
7 0 0  6 7 2  -105.63152959594601 -18.601673747919801  -106.80232436690299 -11.9896011337585  -107.482115609795 -5.2419379275653002  -107.645106562275 1.5738879896173801  -107.281830864217 8.3819896336755608  -106.40398662002001 15.1067913327821  -105.039345595765 21.681652954909001 
 90.235612912260805 7 131.791766897299 7
1 41.556153985038698 0 0 1 
7 0 0  6 7 2  3.3161255737119402 -2.1945786937331402  3.2534437776993999 -2.2559330945448002  3.1903147665460301 -2.2915568640766399  3.1269540156845301 -2.30009822961323  3.0635931461238801 -2.2810611478996301  3.0004637843275801 -2.2350585990348102  2.9377814193178802 -2.1635458415726498 
 90.235612912260805 7 131.791766897299 7
7 0 0  5 6 2  0 -0.028801290365758202  0.26781385781114098 -0.028801290365758101  0.569763388499681 -0.028801290365758299  0.89740077797723194 -0.028801290365758101  1.1993503577101201 -0.028801290365758202  1.4671642155212701 -0.028801290365758202 
 0 6 41.556153985038698 6
8 0 41.556153985038698
1 0 131.791766897299 1 0 
1 0 0 0 1 
1 -105.033651634214 21.709087054890801 0.20321601024741204 0.97913393015415606 
1 1.4671642155212701 0 0 1 
1 55.098326152419297 -2.16323911556213 -0.99994328607560234 0.010650100108735003 
8 0 1.4671642155212701
1 0 55.101451171955297 1 0 
7 0 0  7 8 2  -8.8817841970012504e-16 186.92194556011401  1.8948820973054401 186.92194556011401  3.6117787040586702 186.92194556011299  5.24857203451716 186.921945560117  6.8575353264193701 186.921945560111  8.4943309490536301 186.921945560116  10.2112262764107 186.92194556011299  12.1061083737285 186.92194556011401 
 0 8 1.4671642155212701 8
Curves 7
2 -105.491589068189 -182.34857898065201 -18.601012838268101 -0.1741118697762109 -0.0091248166961750959 0.98468360122594356 -0.052335957697993291 0.99862953467831805 -6.9388939039072284e-18 -0.98333412649763452 -0.051534359299668674 -0.17435081151720239 3
7 1 0  6 7 2  -105.648480155717 -179.35268425614501 -18.601673747919801  1 -106.817670393041 -179.41395892175001 -11.9896011337584  1 -107.496530005609 -179.44953644748199 -5.2419379275653402  0.999999999999997 -107.659297584642 -179.45806673507599 1.5738879896174001  1 -107.29651974332999 -179.43905435350999 8.3819896336755306  1 -106.41987855422801 -179.39311153428 15.1067913327821  0.999999999999999 -105.057107723172 -179.321691739362 21.681652954909001  1
 90.235612912260805 7 131.791766897299 7
7 1 0  6 7 2  -108.441963394841 -182.19157109973801 -19.121243419800798  1 -109.643679532783 -182.252841416471 -12.324463982544  1 -110.341421081777 -182.288416364862 -5.3883357096165501  0.999999999999997 -110.50871527701899 -182.296946024753 1.61784417374723  1 -110.135847854378 -182.27793503269999 8.6160867020625407  1 -109.23482275379899 -182.23199552873299 15.5287226648315  0.999999999999999 -107.834139113052 -182.16058077702499 22.2872640012807  1
 90.235612912260805 7 131.791766897299 7
7 1 0  2 3 2  -105.057107723172 -179.321691739362 21.681652954909001  1 -107.70136526805599 -179.460271409005 22.2304887397637  0.74278082889702701 -107.834139113052 -182.16058077702499 22.2872640012807  1
 0 3 41.556153985038698 3
1 -105.05142156499799 -179.32139374043101 21.709087054890801 0.20293750975255706 0.010635504515863502 0.97913393015415617 
1 -107.82829425145199 -182.16027447137199 22.3154643220224 0.20293750975255706 0.010635504515863502 0.97913393015415617 
2 -93.712262407314995 -181.731250611696 75.660787498084701 0.20293750975255706 0.010635504515863502 0.97913393015415617 -0.052335957697993291 0.99862953467831794 8.6736173798840339e-18 -0.97779206105759764 -0.051243911949217832 0.2032160102474117 3
Polygon3D 0
PolygonOnTriangulations 14
6 2 9 10 11 12 8 
p 1.0009268594252 1 0 0.320805545021045 0.64161109004209 0.962416635063135 1.21464577757054 1.46687492007794 
6 1 2 3 4 5 6 
p 1.0009268594252 1 0 0.320805545021045 0.64161109004209 0.962416635063135 1.21464577757054 1.46687492007794 
4 5 8 9 7 
p 1.0009268594252 1 90.2356129122608 109.857965175283 120.824866036291 131.791766897299 
4 1 7 8 9 
p 1.0009268594252 1 90.2356129122608 109.857965175283 120.824866036291 131.791766897299 
4 6 7 8 1 
p 1.0009268594252 1 90.2356129122608 109.710615023505 120.751190960402 131.791766897299 
4 6 10 11 12 
p 1.0009268594252 1 90.2356129122608 109.710615023505 120.751190960402 131.791766897299 
6 1 3 4 5 6 2 
p 1.0009268594252 1 0 10.0981454183644 19.1864762948924 27.3659740837675 34.4610640344031 41.5561539850387 
6 9 13 14 15 16 12 
p 1.0009268594252 1 0 10.0981454183644 19.1864762948924 27.3659740837675 34.4610640344031 41.5561539850387 
2 7 11 
p 1.0009268594252 1 -0.0288012903657582 55.1014511719553 
2 1 7 
p 1.0009268594252 1 -0.0288012903657582 55.1014511719553 
2 5 1 
p 1.0009268594252 1 -0.0288012903657582 55.1014511719553 
2 2 8 
p 1.0009268594252 1 -0.0288012903657582 55.1014511719553 
6 7 9 10 11 12 8 
p 1.0009268594252 1 0 0.320868813934502 0.641737627869004 0.962606441803505 1.21488532866239 1.46716421552127 
6 7 8 9 10 11 1 
p 1.0009268594252 1 0 0.320868813934502 0.641737627869004 0.962606441803505 1.21488532866239 1.46716421552127 
Surfaces 7
9 1 1 0 0 2 6 3 7 2 2 -105.648480155717 -179.35268425614501 -18.601673747919801  1 -106.817670393041 -179.41395892175001 -11.9896011337584  1 -107.496530005609 -179.44953644748199 -5.2419379275653402  0.999999999999997 -107.659297584642 -179.45806673507599 1.5738879896174001  1 -107.29651974332999 -179.43905435350999 8.3819896336755306  1 -106.41987855422801 -179.39311153428 15.1067913327821  0.999999999999999 -105.057107723172 -179.321691739362 21.681652954909001  1 
-108.306913047127 -179.49200682424001 -19.072411676114701  0.74287766747640005 -109.503812696274 -179.55473367862601 -12.294495976075501  0.74306910961489703 -110.19918076728899 -179.59117637602799 -5.37578653575709  0.74318019231973498 -110.36600763237099 -179.59991940179501 1.61394497391305  0.743206812492199 -109.994294904645 -179.580438762661 8.5957093733914203  0.74314746783406904 -109.096392155841 -179.53338167227199 15.4908623149009  0.74300400369118302 -107.70136526805599 -179.460271409005 22.2304887397637  0.74278082889702701 
-108.441963394841 -182.19157109973801 -19.121243419800798  1 -109.643679532783 -182.252841416471 -12.324463982544  1 -110.341421081777 -182.288416364862 -5.3883357096165501  0.999999999999997 -110.50871527701899 -182.296946024753 1.61784417374723  1 -110.135847854378 -182.27793503269999 8.6160867020625407  1 -109.23482275379899 -182.23199552873299 15.5287226648315  0.999999999999999 -107.834139113052 -182.16058077702499 22.2872640012807  1 

0 3
41.556153985038698 3

90.235612912260805 7
131.791766897299 7

2 -89.780486734787203 -181.52519497431501 -107.454603605906 -0.1741118697762109 -0.0091248166961750959 0.98468360122594356 -0.052335957697993291 0.99862953467831805 -6.9388939039072284e-18 -0.98333412649763452 -0.051534359299668674 -0.17435081151720239 3
1 -0.161714907958487 -173.82435699163699 0 0.052335957697993297 -0.99862953467831805 0 0.99862953467831805 0.052335957697993297 0 -0 0 1 
10 0 6.2831853071795898 -71.161796175202696 47.4411974501351
3 0 -180 0 -0 1 0 1 0 0 -0 -0 1 110
-0.0523598790168762
2 -104.89441369190401 -182.31728234446601 21.709087054890801 0.20293750975255706 0.010635504515863502 0.97913393015415617 -0.052335957697993291 0.99862953467831794 8.6736173798840339e-18 -0.97779206105759764 -0.051243911949217832 0.2032160102474117 3
1 -96.5653480131148 -180 76.250465986156598 0.9779601865159302 -0.052335957697993311 -0.20212575571055005 -0.20240314219793182 -2.9490299091605721e-17 -0.97930228633880145 0.051252723031375638 0.99862953467831805 -0.010592962288011914 
9 1 1 0 0 2 7 3 15 2 3 -93.869270280270896 -178.735362007654 75.660787498759703  1 -93.868420777524506 -178.73531748709999 75.664886269987306  0.999999999999999 -93.867653372953001 -178.735277269129 75.668583813559195  0.999999999999999 -93.8666470608418 -178.735224530545 75.673430821786795  1 -93.866097814787295 -178.73519574577799 75.676065233322404  0.999999999999999 -93.864893645166802 -178.735132637921 75.681858771101304  0.999999999999999 -93.864408511783495 -178.73510721315699 75.684174204669603  1 -93.863304429612697 -178.73504935066001 75.689474979998096  1 -93.5602325464925 -178.71916602586001 77.139907658961306  1 -93.114049746996301 -178.69578257553201 78.580768722200503  0.99999999999998801 -92.523481511871196 -178.66483220495101 79.986065384411205  1.00000000000002 -91.7941274830048 -178.62660837892199 81.325801025730101  0.99999999999997802 -90.946266880238994 -178.58217388635001 82.574431019364098  1.00000000000001 -89.993716242686304 -178.53225282138999 83.726572717727393  0.999999999999996 -88.9365958821314 -178.47685148931399 84.779587044205499  1 
-96.513384009057901 -178.873934140214 76.210317673268406  0.74278082771225895 -96.512554535772594 -178.87389066936001 76.214347438491998  0.74278013546471899 -96.511724192851801 -178.87384715293001 76.2183770242234  0.74277942926223395 -96.510892764349904 -178.87380357960799 76.222406375565299  0.74277876606585702 -96.510060718356101 -178.873759973924 76.226435612001694  0.74277802237812396 -96.509227307156493 -178.87371629669201 76.230464541746997  0.74277739551671695 -96.508393454396597 -178.87367259632001 76.234493402807701  0.74277664167850499 -96.507558260831104 -178.87362882567899 76.238521962335199  0.74277599828304197 -96.1623000744666 -178.85553461034701 77.9044002083821  0.74248310944586204 -95.654012128741101 -178.82889636713301 79.559933019589295  0.742052018610175 -94.980993919590901 -178.79362497639099 81.175796917663504  0.74148118424030196 -94.149422888053607 -178.75004418409699 82.720037124550103  0.74077534743564599 -93.178316250178497 -178.69915064034001 84.166113981091002  0.739948523155185 -92.082452164830201 -178.64171883563 85.503439508442398  0.73901416753090798 -90.868624005917596 -178.57810479561701 86.724475905988697  0.73797717718923495 
-96.646142966891006 -181.57424273860599 76.267164765091096  1 -96.645309805038096 -181.574205253169 76.271186258448296  0.999999999999999 -96.644467075449398 -181.57416739085599 76.275249032773502  0.999999999999999 -96.643648216622694 -181.57413039569701 76.279192726818394  1 -96.642780730435504 -181.57409157050901 76.283365020358303  0.999999999999999 -96.641980450534803 -181.57405522470799 76.287210409126899  0.999999999999999 -96.641104254384601 -181.57401603363499 76.291415266914498  1 -96.640291517102995 -181.57397918253201 76.295311191450295  1 -96.288382457035198 -181.558150601911 77.982270873791705  1 -95.770586605512804 -181.53486058833801 79.657714009202607  0.99999999999998801 -95.085331756815293 -181.50403845885 81.292049915181906  1.00000000000002 -94.238924624542904 -181.465968912421 82.853402018022706  0.99999999999997802 -93.250138876563696 -181.42150580014999 84.315165375827505  1.00000000000001 -92.134063538699493 -181.371315597239 85.666057322699203  0.999999999999996 -90.898001236597906 -181.315732220255 86.8980001118302  1 

0 3
12.1061083737285 3

186.92194556011401 8
186.95115881730101 7
199.02805393384199 8

Triangulations 7
16 14 1 1.0009268594252
-105.648596941283 -179.352690376617 -18.6010128382681 -106.570814194311 -179.554286642644 -18.7659475432196 -107.382911012037 -180.041002927818 -18.9140528758129 -108.002023816778 -180.763176369502 -19.0302166752015 -108.311210615563 -181.448906774997 -19.0912416133897 -108.441963395245 -182.191571107558 -19.121243419872 -107.279560260228 -179.438165544638 0.437630852236619 -106.698117450462 -179.407693417348 11.1392365205642 -105.057107723172 -179.321691739362 21.681652954909 -110.11892303638 -182.277072126564 0.30168815686086 -109.528483527936 -182.246968111474 11.3768210774775 -107.834139113052 -182.160580777025 22.2872640012807 -106.036451456116 -179.548677149266 21.8863002952319 -106.855342079614 -180.074242136367 22.061734183688 -107.417831096545 -180.766183536169 22.1858329024632 -107.716725384201 -181.458776854744 22.2553054635588 0 90.2356129122608 9.45600924578975 90.2356129122607 18.2925894075456 90.2356129122608 26.998763065101 90.2356129122608 34.0510313597581 90.2356129122608 41.5561539850387 90.2356129122608 0 109.857965175283 0 120.824866036291 0 131.791766897299 41.5561539850387 109.710614841233 41.5561539850387 120.751191002434 41.5561539850387 131.791766897299 10.0980699505769 131.791766897299 19.1866024046843 131.791766897299 27.3657275684625 131.791766897299 34.461394101456 131.791766897299 7 2 3 1 2 7 3 4 10 10 4 5 6 10 5 10 7 3 11 15 10 12 16 11 7 10 14 7 14 8 9 8 13 13 8 14 10 15 14 15 11 16 
12 10 1 1.0009268594252
-90.6210428275225 -178.565129615503 -103.588820512581 -105.648596941283 -179.352690376617 -18.6010128382681 -94.2110415069382 -181.445760073449 -99.6037253537817 -93.1855835576914 -179.820928526918 -102.161999638051 -92.5047635645593 -179.259801818711 -103.046047532969 -91.7005189882236 -178.813380388274 -103.475051553474 -91.1577554331448 -178.640819306797 -103.589102603937 -108.441963395245 -182.191571107558 -19.121243419872 -106.570814194311 -179.554286642644 -18.7659475432196 -107.382911012037 -180.041002927818 -18.9140528758129 -108.002023816778 -180.763176369502 -19.0302166752015 -108.311210615563 -181.448906774997 -19.0912416133897 0 3.9259139570437 0 90.2356763705759 1.46687492007794 8.50131841670327 0.893468117178219 5.78885699060067 0.640792798988223 4.79469050543611 0.359152741698769 4.22815524091932 0.178180534014177 4.01977487616757 1.46687492007794 90.2356763705759 0.320805545021045 90.2356763705759 0.64161109004209 90.2356763705759 0.962416635063135 90.2356763705759 1.21464577757054 90.2356763705759 3 8 12 2 1 3 3 1 4 1 5 4 5 1 6 6 1 7 2 3 9 9 3 10 10 3 11 11 3 12 
17 15 1 1.0009268594252
-90.6210428275225 -178.565129615503 -103.588820512581 -69.73832021151 -177.470712467303 -102.708469180205 -80.5030080888244 -178.034865869356 -103.045711228387 -69.73832021151 -177.470712467303 16.8345342310717 -105.648596941283 -179.352690376617 -18.6010128382681 -65 -177.222387620563 17 -105.057107723172 -179.321691739362 21.681652954909 -107.279560260228 -179.438165544638 0.437630852236619 -106.698117450462 -179.407693417348 11.1392365205642 -57.73832021151 -176.841819098374 17.2535834169659 -93.869270280409 -178.735362007661 75.6607874980847 -57.73832021151 -176.841819098374 100.632902738653 -88.9365958821314 -178.476851489314 84.7795870442055 -92.1622725376887 -178.64590204423 80.4136107761512 -90.7100053705959 -178.569791944955 82.7248689455129 -72.243001842075 -177.601977273032 101.408340344691 -65.6134723868713 -177.254538346907 100.738355842146 -90.5834694231261 -103.588820512581 -69.672088484709 -102.708469180205 -80.4515492391738 -103.045711228387 -69.672088484709 16.8345342310717 -105.631646541782 -18.6010128382681 -64.9272656580575 17 -105.039345595765 21.681652954909 -107.264848106835 0.437630852236623 -106.682607356312 11.1392365205642 -57.6556203318164 17.2535834169659 -93.8361545682062 75.6607874980847 -57.6556203318164 100.632902738653 -88.896710833582 84.7795870442055 -92.1268142338347 80.4136107761512 -90.6725540535962 82.7248689455129 -72.1802074052772 101.408340344691 -65.5415799413507 100.738355842146 6 11 4 2 5 3 6 10 11 3 5 1 4 5 2 7 9 4 4 8 5 4 9 8 11 7 4 13 11 12 10 12 11 11 13 15 15 14 11 16 13 17 13 12 17 
8 6 1 1.0009268594252
-107.834139113052 -182.160580777025 22.2872640012807 -108.656766232226 -198.188992315897 22.4572853686366 -109.268778214241 -198.211516192773 -19.2670331761821 -110.91779969748 -198.272204900146 2.97186385081557 -110.651521056906 -198.262405303809 -8.22904504842522 -108.441963395245 -182.191571107558 -19.121243419872 -110.11892303638 -182.277072126564 0.30168815686086 -109.528483527936 -182.246968111474 11.3768210774775 2.93778141931788 -2.16354584157263 2.93778141931788 -18.213953908099 3.31612557371194 -18.2365086955292 3.11480567249042 -18.2972806888114 3.2158250200589 -18.287467644037 3.31612557371194 -2.19457869373314 3.13885300273098 -2.28019705755791 3.03809292365948 -2.2500517293413 4 8 2 6 7 5 5 3 6 5 7 4 2 8 1 4 7 8 
12 10 1 1.0009268594252
-105.057107723172 -179.321691739362 21.681652954909 -107.834139113052 -182.160580777025 22.2872640012807 -106.036451456116 -179.548677149266 21.8863002952319 -106.855342079614 -180.074242136367 22.061734183688 -107.417831096545 -180.766183536169 22.1858329024632 -107.716725384201 -181.458776854744 22.2553054635588 -93.869270280409 -178.735362007661 75.6607874980847 -96.6461429668628 -181.574242738602 76.2671647652164 -94.7864177648932 -178.936752518183 75.8530650920514 -95.5939192516023 -179.423395557199 76.0257156660609 -96.209347831253 -180.145616316315 76.1611156572644 -96.5165107953425 -180.831447242145 76.2322285487544 0 -0.0288012903657582 1.46716421552127 -0.0288012903657582 0.343662785345684 -0.0288012903657582 0.674747966367857 -0.0288012903657582 0.975992621457217 -0.0288012903657582 1.22917789269252 -0.0288012903657582 0 55.1014511719553 1.46716421552127 55.1014511719553 0.320868813934502 55.1014511719553 0.641737627869004 55.1014511719553 0.962606441803505 55.1014511719553 1.21488532866239 55.1014511719553 1 3 9 6 8 12 4 10 3 5 6 12 2 8 6 4 5 11 9 7 1 10 9 3 4 11 10 5 12 11 
11 9 1 1.0009268594252
-96.6461429668628 -181.574242738602 76.2671647652164 -96.9726878693708 -187.936780468421 76.3346553809929 -97.5894799681413 -189.285309052236 73.6995553702806 -97.2827122798228 -188.614696137525 75.0101721970064 -107.834139113052 -182.160580777025 22.2872640012807 -100.637981427062 -195.948633006741 60.6750815445946 -108.656766232226 -198.188992315897 22.4572853686366 -100.824811139318 -196.37003439746 59.8802418453115 -100.731212947343 -196.155665134352 60.2775988486951 -102.18617924365 -197.963034465079 53.7059044052859 -101.471553252044 -197.516145693162 57.047820994801 0 -1.57640314444424 0 -7.94767247793987 2.70540012409588 -9.29805170966313 1.35981932512881 -8.62651848195093 55.1271258093509 -2.16354585218779 16.0773233942306 -15.9705200506393 55.1271258093509 -18.213953908099 16.893526649828 -16.3924997499027 16.4854494597619 -16.1778362979787 23.2156146034766 -17.987685964911 19.798225500414 -17.5401839069426 2 4 1 1 6 5 6 1 3 1 4 3 6 10 5 10 9 8 6 9 10 5 10 7 10 8 11 
18 16 1 1.0009268594252
-96.6461429668628 -181.574242738602 76.2671647652164 -94.8160447589887 -181.491928813884 81.4998156603173 -93.3813697554819 -181.427407589867 83.9178641810544 -91.6426603744858 -181.349218424324 86.1167249168963 -90.8931280951551 -181.153332338822 86.8845637639632 -91.2728565272271 -181.250179893401 86.506819394141 -93.869270280409 -178.735362007661 75.6607874980847 -94.7864177648932 -178.936752518183 75.8530650920514 -95.5939192516023 -179.423395557199 76.0257156660609 -96.209347831253 -180.145616316315 76.1611156572644 -96.5165107953425 -180.831447242145 76.2322285487544 -88.9365958821314 -178.476851489314 84.7795870442055 -89.6172498515637 -178.676864387892 85.4734182032141 -90.1875538625133 -179.159960880031 86.0713627468298 -90.5844947596833 -179.808782374195 86.5039873255621 -90.8012891115876 -180.470340652855 86.7564330204124 -92.1622725376887 -178.64590204423 80.4136107761512 -90.7100053705959 -178.569791944955 82.7248689455129 12.1061083737285 186.921945560114 12.1061083737285 192.423477658249 12.1061083737285 195.192211941497 12.1061083737285 197.960946765517 11.6235790201892 199.028053933842 11.8599197232937 198.495306141764 -8.88178419700125e-16 186.921945560114 2.75476092823834 186.921945560114 5.32899714483695 186.921945560114 7.86522883265462 186.921945560114 9.91967884251345 186.921945560114 0 199.028053933842 2.82448605365134 199.028053933842 5.36664693706828 199.028053933842 7.65437047699166 199.028053933842 9.6390727156973 199.028053933842 0 192.748242618151 0 195.888148275997 2 17 9 3 4 16 2 14 17 16 6 5 16 4 6 2 9 10 3 15 2 1 2 11 2 10 11 18 13 12 13 18 14 2 15 14 15 3 16 7 8 17 17 8 9 14 18 17 

TShapes 18
Ve
0.00100676475244493
-105.648596941283 -179.352690376617 -18.6010128382681
0 0

0101100
*
Ve
0.00100676475244493
-108.441963395245 -182.191571107558 -19.121243419872
0 0

0101100
*
Ed
 0.00100676475244493 1 1 0
1  1 0 0 1.46687492007794
2  1 2 0 0 1.46687492007794
2  2 1 0 0 1.46687492007794
4 G1 2 0 1 0
6  1 2 0
6  2 1 0
0

0101100
+18 0 -17 0 *
Ve
0.0011737921321395
-105.057107723172 -179.321691739362 21.681652954909
0 0

0101100
*
Ed
 7.21797530411249e-06 1 1 0
1  2 0 90.2356129122608 131.791766897299
2  3 1 0 90.2356129122608 131.791766897299
2  4 3 0 90.2356129122608 131.791766897299
4 G1 1 0 3 0
6  3 3 0
6  4 1 0
0

0101000
+18 0 -15 0 *
Ve
0.0011737921321395
-107.834139113052 -182.160580777025 22.2872640012807
0 0

0101100
*
Ed
 9.09356283090315e-07 1 1 0
1  3 0 90.2356129122608 131.791766897299
2  5 1 0 90.2356129122608 131.791766897299
2  6 4 0 90.2356129122608 131.791766897299
4 G1 1 0 4 0
6  5 4 0
6  6 1 0
0

0101000
+17 0 -13 0 *
Ed
 0.0011737921321395 1 1 0
1  4 0 0 41.5561539850387
2  7 5 0 0 41.5561539850387
2  8 1 0 0 41.5561539850387
4 G1 1 0 5 0
6  7 5 0
6  8 1 0
0

0101000
+15 0 -13 0 *
Wi

0101100
+16 0 -14 0 +12 0 -11 0 *
Fa
0  8.23164649468499e-07 1 0
2  1
0111000
+10 0 *
Ve
2.14480661468595e-05
-93.869270280409 -178.735362007661 75.6607874980847
0 0

0101100
*
Ed
 1e-07 1 1 0
1  5 0 -0.0288012903657582 55.1014511719553
2  9 5 0 -0.0288012903657582 55.1014511719553
2  10 3 0 -0.0288012903657582 55.1014511719553
4 G1 5 0 3 0
6  9 3 0
6  10 5 0
0

0101000
+15 0 -8 0 *
Ve
0.0001
-96.6461429668628 -181.574242738602 76.2671647652164
0 0

0101100
*
Ed
 1e-07 1 1 0
1  6 0 -0.0288012903657582 55.1014511719553
2  11 5 0 -0.0288012903657582 55.1014511719553
2  12 6 0 -0.0288012903657582 55.1014511719553
4 G1 5 0 6 0
6  11 6 0
6  12 5 0
0

0101000
+13 0 -6 0 *
Ed
 4.38680711190802e-07 1 1 0
1  7 0 0 1.46716421552127
2  13 5 0 0 1.46716421552127
2  14 7 0 0 1.46716421552127
4 G1 5 0 7 0
6  13 5 0
6  14 7 0
0

0101100
+8 0 -6 0 *
Wi

0101100
+11 0 -7 0 +5 0 -4 0 *
Fa
0  0 5 0
2  5
0111000
+3 0 *
Co

1100000
-9 0 -2 0 *

+1 0 
0

