DBRep_DrawableShape

CASCADE Topology V1, (c) Matra-Datavision
Locations 2
1
              1               0              -0               5 
             -0               1               0               5 
              0               0               1               0 
2  1 -1 0
Curve2ds 4
7 0 0  1 2 2  0 10  6.2831853071795898 10 
 0 2 6.2831853071795898 2
1 6.2831853071795898 -0 0 1 
1 0 -0 0 1 
1 0 0 1 0 
Curves 3
2 0 0 10 0 0 1 1 0 -0 -0 1 0 3
1 3 -7.3478807948841197e-16 0 0 0 1 
2 0 0 0 0 0 1 1 0 -0 -0 1 0 3
Polygon3D 0
PolygonOnTriangulations 0
Surfaces 3
2 0 0 0 0 0 1 1 0 -0 -0 1 0 3
1 0 0 10 0 0 1 1 0 -0 -0 1 0 
1 0 0 0 0 0 1 1 0 -0 -0 1 0 
Triangulations 0

TShapes 13
Ve
1e-07
8 5 10
0 0

0101100
*
Ed
 1e-07 1 1 0
1  1 0 0 6.28318530717959
2  1 1 0 0 6.28318530717959
0

0101100
+13 2 -13 2 *
Ve
1e-07
8 5 0
0 0

0101100
*
Ed
 1e-07 1 1 0
1  2 0 0 10
3  2 3CN 1 0 0 10
0

0101000
-13 2 +11 2 *
Ed
 1e-07 1 1 0
1  3 0 0 6.28318530717959
2  4 1 0 0 6.28318530717959
0

0101100
+11 2 -11 2 *
Wi

0101000
-12 0 +10 0 +9 0 -10 0 *
Fa
0  1e-07 1 0

0111000
+8 0 *
Wi

0101000
+12 0 *
Fa
0  1e-07 2 0

0111000
+6 0 *
Wi

0101000
-9 0 *
Fa
0  1e-07 3 0

0111000
-4 0 *
Sh

0101100
+7 0 +5 0 -3 0 *
So

1100100
+2 0 *

+1 1 
0

