DBRep_DrawableShape

CASCADE Topology V1, (c) Matra-Datavision
Locations 1
1
1.11022302462516e-16               0               1             -25 
              0               1              -0               0 
             -1               0 1.11022302462516e-16              25 
Curve2ds 6
1 0 50 1 0 
1 0 2.2204460492503101e-16 1 0 
1 6.2831853071795898 0 0 1 
1 0 0 0 1 
2 0 0 1 0 -0 1 10
1 0 1.5707963267949001 1 0 
Curves 3
2 0 0 50 0 0 1 1 0 -0 -0 1 0 26
2 25 3.30778431897103e-14 15 3.67237831141569e-31 -1 -3.3077843189710298e-15 1.11022302462516e-16 3.3077843189710298e-15 -1 1 -1.7516230804060213e-46 1.11022302462516e-16 16
2 0 0 66 0 -0 1 1 0 0 -0 1 0 10
Polygon3D 0
PolygonOnTriangulations 0
Surfaces 3
10 0 6.2831853071795898 2.2204460492503101e-16 1.5707963267949001
5 25 0 25 1 -0 1.11022302462516e-16 1.11022302462516e-16 0 -1 0 1 0 10 16
2 0 0 0 0 0 1 1 0 -0 -0 1 0 26
1 0 0 66 0 0 1 1 0 -0 -0 1 0 
Triangulations 0

TShapes 7
Ve
1e-06
25 8.60023922932468e-14 -0.999999999999993
0 0

0101100
*
Ed
 1e-07 1 1 0
2  1 2 1 0 6.28318530717959
1  1 1 0 6.28318530717959
2  2 1 0 0 6.28318530717959
0

0101100
+7 0 -7 0 *
Ve
1e-06
41 0 15
0 0

0101100
*
Ed
 1e-07 1 1 0
3  3 4C0 1 0 2.22044604925031e-16 1.5707963267949
1  2 0 2.22044604925031e-16 1.5707963267949
0

0101000
+7 0 -5 0 *
Ed
 1e-07 1 1 0
2  5 3 1 0 6.28318530717959
1  3 1 0 6.28318530717959
2  6 1 0 0 6.28318530717959
0

0101100
+5 0 -5 0 *
Wi

0101100
+6 0 +4 0 -3 0 -4 0 *
Fa
0  1e-07 1 0

1111000
+2 0 *

+1 0 
0

