DBRep_DrawableShape

CASCADE Topology V1, (c) Matra-Datavision
Locations 8
1
              1               0              -0               0 
             -0               1               0               0 
              0               0               1               0 
2  1 -1 0
1
              1               0              -0              -0 
             -0               1               0               9 
              0               0               1              -0 
1
              1               0              -0               0 
             -0               1               0               0 
              0               0               1               0 
2  3 1 4 1 0
1
              1               0              -0               0 
             -0               1               0               0 
              0               0               1               0 
1
              1               0              -0               0 
             -0               1               0               0 
              0               0               1               0 
2  7 1 6 1 0
Curve2ds 16
1 105.088052372462 0 0 1 
7 0 0  3 4 2  0.22689278522995501 0  0.22689278522995501 0.33258693127293598  0.22689278522995501 0.66591858950727101  0.22689278522995501 1 
 0 4 1 4
7 0 0  4 20 7  105.088052372462 0.95492957746478901  100.795632978277 0.95492957746478901  96.503213584092805 0.95492957746478901  92.2107941899081 0.95492957746478901  83.625955401538903 0.95492957746478901  79.333536007354198 0.95492957746478901  75.041116613169606 0.95492957746478901  66.456277824800495 0.95492957746478901  62.163858430615697 0.95492957746478901  57.871439036431198 0.95492957746478901  49.286600248061902 0.95492957746478901  44.994180853877303 0.95492957746478901  40.701761459692698 0.95492957746478901  32.116922671323401 0.95492957746478901  27.824503277138898 0.95492957746478901  23.532083882954101 0.95492957746478901  14.3906350686793 0.95492957746478901  9.5416056485884493 0.95492957746478901  4.6925762284984502 0.95492957746478901  -0.15645319159207099 0.95492957746478901 
 0 5 0.16314084507042401 3 0.32628169014084801 3 0.48942253521126999 3 0.65256338028168903 3 0.81570422535211196 3 1 5
7 0 0  4 20 7  72.854142231778397 29.776678993250599  73.818048470941207 33.951815947162103  74.781954710104102 38.126952901073601  75.745860949266998 42.302089854985198  77.673673427592803 50.6523637628081  78.637579666755698 54.827500716719697  79.601485905918594 59.002637670631202  81.529298384244399 67.352911578454098  82.493204623407294 71.528048532365801  83.457110862570204 75.703185486277107  85.384923340895995 84.053459394100202  86.348829580058805 88.228596348011706  87.3127358192217 92.403733301923197  89.240548297547505 100.75400720974601  90.204454536710401 104.92914416365799  91.168360775873296 109.104281117569  93.221165671640406 117.995956709306  94.310064328244707 122.71249534713201  95.398962984848893 127.429033984957  96.487861641453094 132.14557262278299 
 0 5 0.16314084507042401 3 0.32628169014084801 3 0.48942253521126999 3 0.65256338028168903 3 0.81570422535211196 3 1 5
7 0 0  7 8 2  5.7124627272235298 -93.936964205457699  5.6633833495266996 -90.0213188183928  5.6166403990339804 -85.900827075159498  5.5718078515157501 -81.623815330487801  5.5286229903562196 -77.222887310769593  5.48686238083158 -72.722583929538104  5.4463368644158399 -68.139306320324494  5.4068661267721803 -63.482772433837702 
 0 8 1 8
7 0 0  7 8 2  73.681240217987707 0.721627493194134  77.720069476257706 0.73023667982759299  81.970227488998106 0.73811955699674703  86.381502756434998 0.74537119650987105  90.920170284047302 0.75205414303962503  95.560906571950099 0.75822211534994  100.286847808342 0.76391954471529699  105.088052372462 0.76918514116151604 
 0 8 1 8
1 -0.15645319159207099 0 0 1 
1 129 0 0 1 
7 0 0  4 5 2  0 -93.936964205457699  5.4443715563606503 -105.676484170176  10.8835704275805 -117.404850443445  16.317586602219802 -129.122041437923  21.746410155934999 -140.82803575407499 
 0 5 1 5
7 0 0  4 5 2  73.681240217987707 0.721627493194134  61.5724019487769 0.69581623901433798  49.442584550651297 0.67002950804894501  37.291753101031198 0.64426734776124905  25.119873007466001 0.61852980520163103 
 0 5 1 5
7 0 0  4 5 2  -27.315100115145199 117.468483487857  -21.934448410020799 119.216762548286  -16.5537967048962 120.965041608715  -11.1731449997719 122.713320669144  -5.7924932946473602 124.461599729573 
 0 5 1 5
7 0 0  4 5 2  22.913492145036699 0.50563380281690096  17.146005810879601 0.50563380281690096  11.3785194767222 0.50563380281690096  5.6110331425651703 0.50563380281690096  -0.15645319159207099 0.50563380281690096 
 0 5 1 5
7 0 0  7 26 5  0 41.767875859948802  1.7265105552734501 41.899504561758299  3.4890973926237101 42.030325893464401  5.2913565779932199 42.160256723351097  7.1372288895864804 42.289192074848003  9.0314098404716301 42.416996553763497  10.9797597011821 42.543495775517997  15.2848247427436 42.811169915736798  17.6589955223502 42.951800201217097  20.1248528499878 43.090118627661802  22.696301004305099 43.225688594119902  25.390916414594798 43.357809452338799  28.229674712829599 43.485531048139201  34.055282001199103 43.7204557339874  37.001912421021302 43.827847027780102  40.135803128359001 43.929153157972799  43.495468672195699 44.022359608114499  47.110635255338302 44.1039141062978  51.007284064337398 44.168529193087402  57.360126257024604 44.231209129459302  59.598944165360798 44.246327291067601  61.8977803491982 44.254207230134597  64.237785247681501 44.254081747192998  66.596890717328407 44.245598005170699  68.9489901432393 44.228958444245002  71.2628238512454 44.205039841835102 
 0 8 0.266647121744019 6 0.57112416722307902 6 0.85400148644222196 6 1 8
7 0 0  7 26 5  25.119873007466001 0.61852980520163103  24.969028832296601 0.61821084392790404  24.8186545842171 0.61787731263353196  24.668807105803399 0.61752801689310899  24.519563159436 0.61716162903729799  24.3710252094093 0.61677656133825198  24.223327204041201 0.616370839195028  23.909142665449099 0.61545226526267405  23.743057699827801 0.61493264833374095  23.578533711720599 0.61437908898809002  23.415913921799199 0.61378692355591602  23.255789614813299 0.61315013632345705  23.098987840463799 0.61246148285340496  22.805470487108899 0.61100907331784104  22.6688990313998 0.61025795502163405  22.537101069058799 0.609441461873514  22.411887542707301 0.60854629766444801  22.296767149907499 0.60756049993497196  22.1971371057741 0.60647257158835399  22.0796821868447 0.60465852569850997  22.0456382861985 0.60401264004231803  22.018751608640599 0.60334263292554902  21.999999668637098 0.60265389740911601  21.989951146651102 0.60195323285719404  21.988619617533299 0.60124907072247602  21.995340400558799 0.60055168872925002 
 0 8 0.266647121744019 6 0.57112416722307902 6 0.85400148644222196 6 1 8
7 0 0  4 5 2  45.184366885248899 0.0028953347562037401  45.401091131885998 -4.2081201755643898  45.617936999638502 -8.4214988197349108  45.834903888542598 -12.6372289402828  46.051991203218698 -16.8552989688114 
 0 5 1 5
7 0 0  4 5 2  22.913492145036901 0.50563380281690096  22.683290983138502 0.52934338182555896  22.453532717337101 0.55306626615417698  22.224216230729301 0.57680239016686197  21.9953404005587 0.60055168872925002 
 0 5 1 5
Curves 8
7 0 0  1 2 2  106.237961529785 -5.5 -91.593228368230001  96.411248105618796 -183 -95.394652812697203 
 0 2 1 2
7 0 0  4 20 7  96.854142231778397 -175 -95.223321006749401  97.818048470941307 -175 -91.048184052837897  98.781954710104202 -175 -86.873047098926406  99.745860949267097 -175 -82.697910145014802  101.673673427593 -175 -74.347636237191907  102.637579666756 -175 -70.172499283280303  103.60148590591901 -175 -65.997362329368897  105.529298384244 -175 -57.647088421545902  106.493204623407 -175 -53.471951467634199  107.45711086257 -175 -49.2968145137229  109.38492334089599 -175 -40.946540605899798  110.348829580059 -175 -36.771403651988301  111.312735819222 -175 -32.596266698076803  113.240548297548 -175 -24.245992790253801  114.20445453671 -175 -20.0708558363424  115.168360775873 -175 -15.8957188824307  117.22116567163999 -175 -7.0040432906938301  118.31006432824501 -175 -2.28750465286782  119.39896298484901 -175 2.4290339849573002  120.48786164145299 -175 7.1455726227829599 
 0 5 0.16314084507042401 3 0.32628169014084801 3 0.48942253521126999 3 0.65256338028168903 3 0.81570422535211196 3 1 5
7 0 0  7 8 2  106.135900639949 -133.58888004195899 -64.063035794542301  105.154858397298 -135.11701066939801 -67.9786811816072  104.133023456224 -136.51622136692299 -72.099172924840403  103.080702028193 -137.80338738050199 -76.376184669512497  102.004861558317 -138.98961038953399 -80.777112689230194  100.91068702864401 -140.08442547461399 -85.277416070461996  99.801567319629598 -141.095719186965 -89.860693679675506  98.679399577463997 -142.030362556169 -94.517227566162305 
 0 8 1 8
7 0 0  1 2 2  129 -5.5 7  120.086108798572 -183 7.15244330704411 
 0 2 1 2
7 0 0  4 5 2  106.135900639949 -133.58888004195899 -64.063035794542301  109.077169282886 -129.00738242504499 -52.323515829823499  112.015643433116 -124.430237678688 -40.595149556555299  114.951317682057 -119.857454227622 -28.877958562077001  117.88418666818001 -115.28904042328899 -17.171964245925398 
 0 5 1 5
7 0 0  4 5 2  119.40214670480201 -95.25 -14.973116081689099  120.67481885208301 -95.25 -9.4605669390032308  121.94749099936401 -95.25 -3.9480177963170999  123.22016314664501 -95.25 1.5645313463687001  124.49283529392601 -95.25 7.0770804890547003 
 0 5 1 5
7 0 0  7 26 5  117.88418666818001 -115.28904042328899 -17.171964245925398  117.920533247319 -115.232424797203 -17.026893719138599  117.95690776691301 -115.173222992452 -16.882266943018799  117.993308461808 -115.111222998527 -16.738137862505901  118.029730361112 -115.04618915412 -16.594579473011699  118.066165161461 -114.97783963754 -16.451689285059398  118.102601100282 -114.905823957118 -16.309594788923999  118.18061180363 -114.742777084125 -16.007299735099298  118.222158911401 -114.650545079239 -15.847481207424901  118.263667950978 -114.55228829538601 -15.689143272674301  118.305105221136 -114.447178931175 -15.532612683582  118.346394347086 -114.33414919741401 -15.378453441339699  118.387417888812 -114.211913206479 -15.2274550489029  118.46569407659 -113.954110513917 -14.944702992191401  118.50279992069601 -113.82078701634001 -14.8130953223419  118.53944173687999 -113.675859482549 -14.6860316875207  118.5753392048 -113.516967835439 -14.565241686252101  118.609823703998 -113.341988738458 -14.4540851299986  118.641804242164 -113.148881456933 -14.357733285097  118.684344428776 -112.82688831148501 -14.243788887639701  118.697767733056 -112.712243607511 -14.210682469266001  118.70982478475899 -112.593317344285 -14.184428955611899  118.720250089714 -112.471066790118 -14.16596927849  118.728855980703 -112.346698832152 -14.1558527519281  118.735562917116 -112.22171005324 -14.154097077890899  118.740424729886 -112.097924749442 -14.1600706960993 
 0 8 0.266647121744019 6 0.57112416722307902 6 0.85400148644222196 6 1 8
7 0 0  4 5 2  119.40214670480201 -95.25 -14.9731160816893  119.236854891828 -99.458450274036807 -14.7700251297367  119.071470320546 -103.669262242366 -14.566820207388499  118.905993448537 -107.882424254618 -14.3635018768672  118.740424729886 -112.097924749442 -14.1600706960993 
 0 5 1 5
Polygon3D 0
PolygonOnTriangulations 0
Surfaces 9
9 0 0 0 0 1 1 2 2 2 2 129 -5.5 7  120.086108798572 -183 7.15244330704411  
106.237961529785 -5.5 -91.593228368230001  96.411248105618796 -183 -95.394652812697203  

-0.15645319159207099 2
105.088052372462 2

0 2
1 2

9 1 1 0 0 2 1 3 2 2 2 106.237961529785 -5.5 -91.593228368230001  1.02160018297925 96.411248105618796 -183 -95.394652812697203  1.02389289026802 
105.396152900064 -5.5 -95.239502430239796  0.95679963404149204 95.522142088255904 -183 -99.245794384579298  0.95221421946395901 
102.367372669684 -5.5 -97.437330135137202  1.02160018297925 92.240326148792207 -183 -101.448403077986  1.02389289026802 

0.22689278522995501 3
0.97969253049744198 3

0 2
1 2

1 24.000000000000099 -184 -125 0 -1 0 1 0 0 -0 0 1 
2 75 -113.599990844727 -158 -0 0 -1 1 0 0 -0 1 0 37
9 0 0 0 0 1 1 2 2 2 2 -30 -5.5 7  -30.005323455322198 -183 7.1524433070441198  
129 -5.5 7  120.086108798572 -183 7.15244330704411  

-30 2
129 2

0 2
1 2

1 106.135900639949 -133.58888004195899 -158 -0.84151082810672695 0.540240248573846 0 0.54024024857384589 0.84151082810672684 0 0 0 -1 
1 1.2246467991473601e-16 -95.25 2 0 1 -0 -0.087155650163609905 0 0.99619470619179595 0.99619470619179595 0 0.087155650163609905 
9 0 1 0 0 2 1 3 2 2 2 122.33817718244001 -108.351235889234 -65.301584284359706  1 115.838079379853 -118.476180669025 4.9381785641624196  1 
123.373880670278 -106.737961606127 -64.973187859584101  0.96349677423639202 116.87378286769101 -116.862906385917 5.2665749889380704  0.96349677423639202 
123.41671634571701 -104.813850598182 -64.691866383199894  1 116.916618543129 -114.938795377972 5.5478964653222604  1 

0 3
71.2628238512454 3

-7.0627650154066401 2
64.200058835838803 2

1 123.34011891671101 -95.252893570996903 -59.985551982107097 -0.99558785143198103 0.0348994927092455 -0.087102557308550696 -0.087155650163609863 -3.4694469519536126e-18 0.99619470619179584 0.034766689885729535 0.99939082715854322 0.0030416879774544563 
Triangulations 0

TShapes 18
Ve
0.00284471693732152
96.8541422317784 -175 -95.2233210067494
0 0

0101100
*
Ve
0.000848913584650098
98.679399577464 -142.030362556169 -94.5172275661623
0 0

0101100
*
Ed
 9.46503516447805e-08 1 1 0
1  1 0 0.769185141161517 0.954929577485635
2  1 1 0 0.769185141161517 0.954929577485635
2  2 2 0 0.769185141161517 0.954929577485635
4 G1 1 0 2 0
0

0101000
-18 2 +17 2 *
Ve
0.00284471693732152
120.487861641453 -175 7.14557262278297
0 0

0101100
*
Ed
 7.50968903856735e-13 1 1 0
1  2 0 0 1
2  3 1 1 0 1
2  4 3 5 0 1
0

0101000
+18 0 -15 0 *
Ve
0.00131259435409845
106.135900639949 -133.588880041959 -64.0630357945423
0 0

0101100
*
Ed
 2.92052936344087e-07 1 1 0
1  3 0 0 1
2  5 4 6 0 1
2  6 1 1 0 1
0

0101000
+13 0 -17 0 *
Ve
0.00116214712612323
124.492835293926 -95.25 7.0770804890547
0 0

0101100
*
Ed
 2.22044604925031e-16 1 1 0
1  4 0 0.505633802816901 0.954929577464789
2  7 1 0 0.505633802816901 0.954929577464789
2  8 5 0 0.505633802816901 0.954929577464789
0

0101000
-15 2 +11 2 *
Ve
0.00192620565724085
117.88418666818 -115.289040423289 -17.1719642459254
0 0

0101100
*
Ed
 3.02662400812389e-11 1 1 0
1  5 0 0 1
2  9 6 6 0 1
2  10 1 1 0 1
0

0101000
+13 0 -9 0 *
Ve
0.000623571405371344
119.402146704802 -95.25 -14.9731160816891
0 0

0101100
*
Ed
 1.34309493677364e-12 1 1 0
1  6 0 0 1
2  11 7 8 0 1
2  12 1 1 0 1
0

0101000
+7 0 -11 0 *
Ve
0.00192620565724085
118.740424729886 -112.097924749442 -14.1600706960993
0 0

0101100
*
Ed
 1.64689497919875e-07 1 1 0
1  7 0 0 1
2  13 8 6 0 1
2  14 1 1 0 1
0

0101000
+9 0 -5 0 *
Ed
 1.06052520123448e-12 1 1 0
1  8 0 0 1
2  15 9 8 0 1
2  16 1 1 0 1
0

0101000
+7 0 -5 0 *
Wi

0101100
+16 1 +14 0 +12 0 -10 1 -8 0 -6 0 -4 0 +3 0 *
Fa
0  1e-07 1 0

0111000
+2 2 *

+1 1 
0

