DBRep_DrawableShape

CASCADE Topology V1, (c) Matra-Datavision
Locations 1
1
              1               0              -0               0 
             -0               1               0               0 
              0               0               1              50 
Curve2ds 4
1 0 0 1 0 
1 -249.675239625117 0 0 1 
1 0 1 1 0 
1 -749.69169707537696 0 0 1 
Curves 4
7 0 0  2 3 2  -252.90354353796201 -623.698192004112 94.618654612337295  -2.8996687721755201 -623.658570843044 94.618654612337295  247.104205993611 -623.61894968197601 94.618654612337295 
 -749.69169707537696 3 -249.675239625117 3
7 1 0  2 3 2  247.104205993611 -623.61894968197601 94.618654612337295  1 245.68860786036899 -5.28136241824512 332.131422850506  1.1531755294150901 252.96105138071201 458.69997552512598 181.46526918805699  1
 0 3 1 3
7 0 0  2 3 2  -247.05358065791799 457.348876572157 181.46526918805699  2.95373536139742 458.02442604864098 181.46526918805699  252.96105138071201 458.69997552512598 181.46526918805699 
 -749.69169707537696 3 -249.675239625117 3
7 1 0  2 3 2  -252.90354353796201 -623.698192004112 94.618654612337295  1 -254.28745087616201 -3.1467198978325901 332.131422850506  1.1531755294150901 -247.05358065791799 457.348876572157 181.46526918805699  1
 0 3 1 3
Polygon3D 0
PolygonOnTriangulations 4
2 1 2 
p 30.4621928750244 1 -749.691697075377 -249.675239625117 
4 2 4 5 3 
p 65.938593717468 1 0 0.444444444444444 0.722222222222222 1 
2 6 3 
p 30.4626121810405 1 -749.691697075377 -249.675239625117 
4 1 7 8 6 
p 65.8611078344311 1 0 0.444444444444444 0.722222222222222 1 
Surfaces 1
9 1 1 0 0 2 2 3 3 2 2 -252.90354353796201 -623.698192004112 94.618654612337295  1 -254.28745087616201 -3.1467198978325901 332.131422850506  1.1531755294150901 -247.05358065791799 457.348876572157 181.46526918805699  1 
-2.8996687721755201 -623.658570843044 94.618654612337295  1 -7.1476901055829201 -164.89210141637699 983.29052521410097  0.69364894116982301 2.95373536139742 458.02442604864098 181.46526918805699  1 
247.104205993611 -623.61894968197601 94.618654612337295  1 245.68860786036899 -5.28136241824512 332.131422850506  1.1531755294150901 252.96105138071201 458.69997552512598 181.46526918805699  1 

-749.69169707537696 3
-249.675239625117 3

0 3
1 3

Triangulations 1
32 54 1 48.181126651991
-252.903543537962 -623.698192004112 94.6186546123373 247.104205993611 -623.618949681976 94.6186546123373 252.961051380712 458.699975525126 181.465269188057 247.430306906282 -97.5000354084899 236.311807399275 249.365216695692 177.772024908561 240.828053344582 -247.053580657917 457.348876572157 181.465269188057 -252.561928702712 -96.6407605425343 236.311807399275 -250.6321007946 178.032827912701 240.828053344582 -140.942915900768 -285.011109985972 271.578641011664 -24.3898331782641 -298.680309976778 295.322397128815 82.9904882284225 -293.838045053363 286.481380583382 170.335287132546 -277.041902918104 256.639378637992 -142.092427298207 -125.053648255591 310.958165929605 -24.259493895389 -136.325588326826 340.235419606781 84.7379138569494 -132.379358565669 329.302703162632 172.360938067448 -118.680917826279 292.673779639524 -141.578273593204 -17.5420661240063 320.483234642311 -23.6853033893562 -25.5550498357915 350.204374815279 85.360344186506 -22.7921000134094 339.104832754143 172.971272130486 -13.1210846999855 301.926266401604 -137.94840521616 173.848939197669 301.696755592544 -21.6528829698137 172.203159178032 325.08621844686 85.2943505783646 172.737167146269 316.383446211396 172.482073674027 174.686234519265 286.952637031809 -136.467072845597 221.771165836203 289.455325015206 -20.937304223685 221.394254743841 309.890280387893 85.0316524510144 221.51278717085 302.299990450096 172.024823491057 221.95480574697 276.515532368096 -131.715006370377 341.243846703067 244.992567360375 -18.7893735078761 342.638895928597 256.067640436941 83.9290926822089 342.278315046901 251.977747300764 170.25374959702 340.747992094958 237.872989167387 -749.691697075377 0 -249.675239625117 0 -249.675239625117 1 -249.675239625117 0.444444444444444 -249.675239625117 0.722222222222222 -749.691697075377 1 -749.691697075377 0.444444444444444 -749.691697075377 0.722222222222222 -628.187697914963 0.3 -518.834098670592 0.3 -420.415859350657 0.3 -335.045549487887 0.3 -628.187697914963 0.444444444444444 -518.834098670592 0.444444444444444 -420.415859350657 0.444444444444444 -335.045549487887 0.444444444444444 -628.187697914963 0.543 -518.834098670592 0.543 -420.415859350657 0.543 -335.045549487887 0.543 -628.187697914963 0.722222222222222 -518.834098670592 0.722222222222222 -420.415859350657 0.722222222222222 -335.045549487887 0.722222222222222 -628.187697914963 0.768 -518.834098670592 0.768 -420.415859350657 0.768 -335.045549487887 0.768 -628.187697914963 0.884 -518.834098670592 0.884 -420.415859350657 0.884 -335.045549487887 0.884 1 9 7 9 1 10 7 13 17 13 7 9 9 10 13 14 17 13 14 10 11 17 18 22 18 17 14 14 15 18 14 13 10 1 2 10 7 17 8 8 21 25 21 8 17 29 8 25 8 29 6 21 22 25 26 29 25 26 22 23 29 30 6 30 29 26 26 27 30 26 25 22 21 17 22 6 30 3 18 19 22 11 12 15 12 11 2 15 19 18 16 19 15 15 12 16 11 15 14 12 4 16 4 12 2 20 4 5 4 20 16 16 20 19 11 10 2 19 20 24 23 24 27 24 23 19 27 31 30 28 31 27 27 24 28 23 27 26 28 5 32 5 28 24 32 3 31 3 32 5 28 32 31 24 20 5 31 3 30 19 23 22 

TShapes 11
Ve
1e-07
-252.903543537962 -623.698192004112 44.6186546123373
0 0

0101100
*
Ve
1e-07
247.104205993611 -623.618949681976 44.6186546123373
0 0

0101100
*
Ed
 1e-07 1 1 0
1  1 0 -749.691697075377 -249.675239625117
2  1 1 0 -749.691697075377 -249.675239625117
6  1 1 0
0

0101000
+11 1 -10 1 *
Ve
1e-07
252.961051380712 458.699975525126 181.465269188057
0 0

0101100
*
Ed
 1e-07 1 1 0
1  2 0 0 1
2  2 1 0 0 1
6  2 1 0
0

0101000
+10 1 -8 0 *
Ve
1e-07
-247.053580657917 457.348876572157 181.465269188057
0 0

0101100
*
Ed
 1e-07 1 1 0
1  3 0 -749.691697075377 -249.675239625117
2  3 1 0 -749.691697075377 -249.675239625117
6  3 1 0
0

0101000
+6 0 -8 0 *
Ed
 1e-07 1 1 0
1  4 0 0 1
2  4 1 0 0 1
6  4 1 0
0

0101000
+11 1 -6 0 *
Wi

0101000
+9 0 +7 0 -5 0 -4 0 *
Fa
0  1e-07 1 0
2  1
0111000
+3 0 *
Sh

0101000
+2 0 *

+1 0 
0

