DBRep_DrawableShape

CASCADE Topology V1, (c) Matra-Datavision
Locations 1
1
              1               0              -0               0 
             -0               1               0               0 
              0               0               1              50 
Curve2ds 7
1 0 0 1 0 
1 1.5707963267949001 0 0 1 
1 -95 -70 1 6.1232339957367697e-17 
1 1.5707963267949001 0 0 1 
7 0 0  11 42 5  0 46.266028275955193  0.048507986170311844 46.266028251069734  0.096874089331336649 46.252742565834168  0.14476371253479892 46.22632387758032  0.19194346656134292 46.187415534900317  0.23825503965965258 46.136978121403573  0.28359453242820276 46.076144579646886  0.32789725783622858 46.006103913000707  0.37112800638847093 45.928013468346826  0.41327677642850935 45.842939796510002  0.45435996958577168 45.751828093161969  0.53449413313799665 45.559172343263683  0.57355280772953332 45.457600676883118  0.61160154430713121 45.351693067564355  0.64875833469520727 45.242055736415168  0.6852677693211725 45.128613436480776  0.72102820968963444 45.012257066437854  0.75611004696826833 44.893333412284747  0.79072192089206839 44.771684564574194  0.82473358655611262 44.648096881229343  0.85829519126418152 44.522507017124511  0.92453759058686846 44.267915900410777  0.95722864156202181 44.13887620930015  0.98947992685688768 44.008534148406781  1.0215738619796628 43.875964135138275  1.0528468479487072 43.744485581618363  1.0847625456789267 43.60778584547387  1.1152743886447034 43.475326926842541  1.1466123775762862 43.337361874402426  1.1772653469615524 43.200843845975839  1.2078984887031199 43.06303203219688  1.2688788523497447 42.786306427544339  1.2992427756198379 42.647327449649431  1.3295054512066466 42.507808579022999  1.359691379906133 42.36782490052795  1.3898245524412696 42.227450301136564  1.4199284494595976 42.086757469786136  1.4500260415376929 41.945817897571438  1.4801397891749595 41.804701877538378  1.5102916428003172 41.66347850486499  1.540503042766564 41.522215676731662  1.5707949193540802 41.380980092395802 
 0 12 0.25 10 0.5 10 0.75 10 1 12
1 0 -40 1 0 
1 0 0 0 1 
Curves 4
2 -94.999999999999901 -70 40 -1 -3.4914813388431298e-15 0 3.4914813388431298e-15 -1 0 0 0 1 6
1 -95 -70 46 1 6.1232339957367697e-17 0 
7 0 0  6 17 4  -48.7339717240448 -76.000000000000014 40.000000000000007  -48.733971778250087 -76.000000000000071 40.63399186660267  -48.802784713845689 -75.919507392634472 41.263598852499499  -48.938055706685283 -75.761337541127602 41.848071787550118  -49.116789828000115 -75.551272680678508 42.375676307681751  -49.324509497893409 -75.305740936278312 42.84586713356461  -49.855358462681274 -74.674414135702548 43.819133508047969  -50.194647735842032 -74.268276191123974 44.285178071822614  -50.555604397543142 -73.832527193995062 44.679646248946135  -50.930866161143214 -73.375371506024081 45.008229876880414  -51.315507807938268 -72.902478526696484 45.278223419125268  -52.019841397691032 -72.02839537459792 45.662472078745608  -52.335644054602781 -71.633693713261422 45.797107807881908  -52.654557404397707 -71.232186182962266 45.898021426941057  -52.975456506789342 -70.825198335402504 45.96572963633237  -53.297328477938322 -70.413982180760854 45.999999417350445  -53.619019907604205 -70.000008444644877 45.99999999999406 
 0 7 0.297041934673623 5 0.68940537653824097 5 1 7
1 -95 -76 40 1 6.1232339957367697e-17 0 
Polygon3D 0
PolygonOnTriangulations 0
Surfaces 4
2 -95 -70 40 1 6.1232339957367697e-17 0 6.1232339957367697e-17 -1 -0 -0 -0 1 6
5 -95 -55 40 0 0 1 -1 0 0 0 -1 0 15 6
1 0 0 -4 0 0 1 1 0 -0 -0 1 0 
1 -95 -76 0 -6.1232339957367697e-17 1 0 1 6.1232339957367697e-17 0 0 0 -1 
Triangulations 0

TShapes 10
Ve
1e-07
-95 -76 40
0 0

0101100
*
Ve
1e-07
-95 -70 46
0 0

0101100
*
Ed
 1e-07 1 1 0
2  1 1 0 0 1.5707963267949
1  1 0 0 1.5707963267949
2  2 2 0 0 1.5707963267949
0

0101000
+10 0 -9 0 *
Ve
2.32961217648219e-05
-53.619026473818 -70 46
0 0

0101100
*
Ed
 1e-07 1 1 0
2  3 3 1 0 41.380973526182
1  2 0 0 41.380973526182
2  4 1 0 0 41.380973526182
0

0101000
+9 0 -7 0 *
Ve
1e-05
-48.7339717240448 -76 40
0 0

0101100
*
Ed
 9.9425020219892e-06 1 1 0
2  5 1 0 0 1
1  3 0 0 1
0

0101000
+5 0 -7 0 *
Ed
 1e-07 1 1 0
2  6 4 0 0 46.2660282759552
1  4 0 0 46.2660282759552
2  7 1 0 0 46.2660282759552
0

0101000
+10 0 -5 0 *
Wi

0101100
+8 0 +6 0 -4 0 -3 0 *
Fa
0  1e-07 1 0

1111000
+2 0 *

-1 0 
0

