DBRep_DrawableShape

CASCADE Topology V1, (c) Matra-Datavision
Locations 0
Curve2ds 4
6 0 1 0 0  0 1  
6 0 1 0 0  1 0  
6 0 1 1 0  1 1  
6 0 1 0 1  1 1  
Curves 4
6 0 7 482.51378591411901 99.923336299918802 -424.99648599115301  482.51378591411901 108.91649388669001 -433.989696779648  482.51378591411901 120.26408284118099 -440.62840303663802  482.51378591411901 133.22639011816099 -444.17362576999301  482.51378591411901 146.773589161882 -444.17362440746098  482.51378591411901 159.735900333524 -440.62841315008598  482.51378591411901 171.08351433899301 -433.98972515761398  482.51378591411901 180.07670860276801 -424.99653089383997  
6 0 3 482.51378591411901 99.923336299918802 -424.99648599115301  454.18248454286203 92.359987385447496 -432.559834905625  416.05104533387799 92.864210586470094 -432.05561170460197  368.119468287166 101.43600590298701 -423.48381638808502  
6 0 7 368.119468287166 101.43600590298701 -423.48381638808502  368.119468287166 110.089722157542 -432.13758383629698  368.119468287166 121.00900318181201 -438.52571611253398  368.119468287166 133.48205595521699 -441.93712654292398  368.119468287166 146.51792410688799 -441.93712523182  368.119468287166 158.99098062795301 -438.52572584425599  368.119468287166 169.91028575766799 -432.137611143154  368.119468287166 178.564037304875 -423.48385959594702  
6 0 3 482.51378591411901 180.07670860276801 -424.99653089383997  454.18248454286203 187.64006599136499 -432.55988828243699  416.05104533387799 187.13584222540001 -432.05566451647297  368.119468287166 178.564037304875 -423.48385959594702  
Polygon3D 0
PolygonOnTriangulations 0
Surfaces 1
8 0 0 3 7 482.51378591411901 99.923336299918802 -424.99648599115301  482.51378591411901 108.91649388669001 -433.989696779648  482.51378591411901 120.26408284118099 -440.62840303663802  482.51378591411901 133.22639011816099 -444.17362576999301  482.51378591411901 146.773589161882 -444.17362440746098  482.51378591411901 159.735900333524 -440.62841315008598  482.51378591411901 171.08351433899301 -433.98972515761398  482.51378591411901 180.07670860276801 -424.99653089383997  
454.18248454286203 92.359987385447496 -432.559834905625  454.18248454286203 103.05035183506 -443.25026259729702  454.18248454286203 116.53925639769599 -451.14183899887598  454.18248454286203 131.948626010738 -455.356123003177  454.18248454286203 148.05134935899301 -455.35612184657703  454.18248454286203 163.46072360170501 -451.14185083719502  454.18248454286203 176.949657942991 -443.25029633081101  454.18248454286203 187.64006599136499 -432.55988828243699  
416.05104533387799 92.864210586470094 -432.05561170460197  416.05104533387799 103.441427925344 -442.63289161618098  416.05104533387799 116.78753327157 -450.44094336975797  416.05104533387799 132.03392332039101 -454.61062322995002  416.05104533387799 147.96605231002701 -454.61062215223501  416.05104533387799 163.212446939518 -450.44095505633499  416.05104533387799 176.55858174921499 -442.63292499265702  416.05104533387799 187.13584222540001 -432.05566451647297  
368.119468287166 101.43600590298701 -423.48381638808502  368.119468287166 110.089722157542 -432.13758383629698  368.119468287166 121.00900318181201 -438.52571611253398  368.119468287166 133.48205595521699 -441.93712654292398  368.119468287166 146.51792410688799 -441.93712523182  368.119468287166 158.99098062795301 -438.52572584425599  368.119468287166 169.91028575766799 -432.137611143154  368.119468287166 178.564037304875 -423.48385959594702  

Triangulations 0

TShapes 11
Ve
0.0011
482.513785914119 99.9233362999188 -424.996485991153
0 0

0101100
*
Ve
0.0011
482.513785914119 180.076708602768 -424.99653089384
0 0

0101100
*
Ed
 0.001 1 1 0
1  1 0 0 1
2  1 1 0 0 1
0

0101000
+11 0 -10 0 *
Ve
0.0011
368.119468287166 101.436005902987 -423.483816388085
0 0

0101100
*
Ed
 0.001 1 1 0
1  2 0 0 1
2  2 1 0 0 1
0

0101000
+11 0 -8 0 *
Ve
0.0011
368.119468287166 178.564037304875 -423.483859595947
0 0

0101100
*
Ed
 0.001 1 1 0
1  3 0 0 1
2  3 1 0 0 1
0

0101000
+8 0 -6 0 *
Ed
 0.001 1 1 0
1  4 0 0 1
2  4 1 0 0 1
0

0101000
+10 0 -6 0 *
Wi

0101100
-9 0 +7 0 +5 0 -4 0 *
Fa
0  1e-07 1 0

0111000
+3 0 *
Sh

1101000
+2 0 *

+1 0 
0

