DBRep_DrawableShape

CASCADE Topology V1, (c) Matra-Datavision
Locations 0
Curve2ds 4
1 0 0 0 1 
1 0 -124.899959967968 1 0 
1 1.5707963267949001 0 0 1 
1 0 374.69987990390399 1 0 
Curves 4
1 0 10 0 1 0 -0 
2 -124.899959967968 10 10 -1 -0 0 0 -0 -1 0 -1 0 10
1 0 0 10.000000000000036 1 0 -0 
2 374.69987990390399 10 10 -1 -0 0 0 -0 -1 0 -1 0 10
Polygon3D 0
PolygonOnTriangulations 0
Surfaces 1
2 0 10 10 1 0 -0 0 -0 -1 0 -1 0 10
Triangulations 0

TShapes 10
Ve
1e-07
-124.899959967968 10 0
0 0

0101100
*
Ve
1e-07
374.699879903904 10 0
0 0

0101100
*
Ed
 1e-07 1 1 0
1  1 0 -124.899959967968 374.699879903904
2  1 1 0 -124.899959967968 374.699879903904
0

0101000
+10 0 -9 0 *
Ve
1e-07
-124.899959967968 0 10
0 0

0101100
*
Ed
 1e-07 1 1 0
1  2 0 0 1.5707963267949
2  2 1 0 0 1.5707963267949
0

0101000
+10 0 -7 0 *
Ve
1e-07
374.699879903904 0 10
0 0

0101100
*
Ed
 1e-07 1 1 0
1  3 0 -124.899959967968 374.699879903904
2  3 1 0 -124.899959967968 374.699879903904
0

0101000
+7 0 -5 0 *
Ed
 1e-07 1 1 0
1  4 0 0 1.5707963267949
2  4 1 0 0 1.5707963267949
0

0101000
+9 0 -5 0 *
Wi

0101100
-8 0 +6 0 +4 0 -3 0 *
Fa
1  1e-07 1 0

1111000
+2 0 *

+1 0 
0

