DBRep_DrawableShape

CASCADE Topology V1, (c) Matra-Datavision
Locations 0
Curve2ds 16
1 0 0 1 0 
1 34.640998742750327 0 0 1 
1 0 0 0 1 
7 0 0  1 2 2  0 1  34.640998742750327 1 
 0 2 34.64099790587683 2
1 0 0 0 1 
1 34.641021835472039 0 0 1 
7 0 0  1 2 2  0 0  34.6410192398573 0 
 0 2 34.641017672829804 2
1 34.6410192398573 0 0 1 
1 0 0 0 1 
1 0 1 1 0 
1 0 0 1 0 
1 34.640997348075381 0 0 1 
1 0 0 0 1 
7 0 0  1 2 2  0 1  34.640997348075381 1 
 0 2 34.640993435936942 2
1 0 0 1 0 
7 0 0  1 2 2  0 1  34.641021835472039 1 
 0 2 34.641019172208821 2
Curves 12
1 -25.000007152559999 25.000016689300001 25 -0.21756781855653906 0.95979507600565939 -0.17736306380934891 
7 0 0  1 2 2  -32.53677368164 58.248276710509998 18.855966329569998  -65.784907340999993 52.104244232180008 26.3925242424 
 0 2 1 2
1 -58.248138427729998 18.85598540306 32.536556720729997 -0.21756789263831761 0.95979506478014742 -0.17736303368118805 
7 0 0  1 2 2  -25.000007152559999 25.000016689300001 25  -58.248138427729998 18.85598540306 32.536556720729997 
 0 2 1 2
1 -32.53677368164 58.248276710509998 18.855966329569998 0.17736300129943888 0.21756790614010635 0.95979506770344736 
7 0 0  1 2 2  -26.392738819120002 65.785050392149998 52.104244232179994  -59.640870094299999 59.641017913820001 59.640803337100003 
 0 2 1 2
1 -65.784907340999993 52.104244232180001 26.3925242424 0.17736306210155567 0.21756789629816464 0.95979505869865289 
1 -26.392738819120002 65.785050392149998 52.104244232180001 0.21756786172869058 -0.95979504582212138 0.17736317418820963 
7 0 0  1 2 2  -18.85597109795 32.536792755130001 58.248281478880003  -52.104105949400001 26.392762660980004 65.78483581543 
 0 2 1 2
1 -59.640870094299999 59.641017913820001 59.640803337100003 0.21756778306136212 -0.95979508539001357 0.17736305656742832 
1 -18.85597109795 32.536792755130001 58.248281478880003 -0.17736301439926264 -0.21756794882166039 -0.95979505560757206 
1 -52.104105949400001 26.392762660980001 65.78483581543 -0.17736292479694482 -0.21756799996134271 -0.95979506057298214 
Polygon3D 0
PolygonOnTriangulations 0
Surfaces 6
9 0 0 0 0 1 1 2 2 2 2 -25.000007152559999 25.000016689300001 25  -58.248138427729998 18.85598540306 32.536556720729997  
-32.53677368164 58.248276710509998 18.855966329569998  -65.784907340999993 52.104244232180008 26.3925242424  

0 2
34.640998742750327 2

0 2
1 2

9 0 0 0 0 1 1 2 2 2 2 -32.53677368164 58.248276710509998 18.855966329569998  -65.784907340999993 52.104244232180001 26.3925242424  
-26.392738819120002 65.785050392149998 52.104244232179994  -59.640870094299999 59.641017913820001 59.640803337100003  

0 2
34.6410192398573 2

0 2
1 2

9 0 0 0 0 1 1 2 2 2 2 -18.85597109795 32.536792755130001 58.248281478880003  -52.104105949400001 26.392762660980001 65.78483581543  
-25.000007152559999 25.000016689300001 25  -58.248138427729998 18.85598540306 32.536556720729997  

0 2
34.641021835472039 2

0 2
1 2

9 0 0 0 0 1 1 2 2 2 2 -26.392738819120002 65.785050392149998 52.104244232180001  -59.640870094299999 59.641017913820001 59.640803337100003  
-18.85597109795 32.536792755130001 58.248281478880003  -52.104105949400001 26.392762660980004 65.78483581543  

0 2
34.640997348075381 2

0 2
1 2

1 -25.696372687817497 45.392534136772497 38.552123010157494 0.95979508587861828 0.17736288227677485 -0.21756792298896133 0.22107291877015539 -6.9388939039072299e-18 0.97525728122708433 0.17297444235984688 -0.98414552175502734 -0.039210130066414092 
1 -58.944505453107503 39.248502552509997 46.088680028915007 0.95979508513119327 0.17736289529340718 -0.21756791567495759 0.22107291186528458 0 0.97525728279229185 0.17297445533202205 -0.9841455194091675 -0.0392101317193711 
Triangulations 0

TShapes 35
Ve
0.003
-25.00000715256 25.0000166893 25
0 0

0101101
*
Ve
0.003
-32.53677368164 58.24827671051 18.85596632957
0 0

0101101
*
Ed
 0.003 1 1 0
1  1 0 0 34.6409987427503
2  1 1 0 0 34.6409987427503
0

0101000
+35 0 -34 0 *
Ve
0.003
-65.784907341 52.10424423218 26.3925242424
0 0

0101101
*
Ed
 1e-07 1 1 0
1  2 0 0 1
2  2 1 0 0 1
2  3 2 0 0 1
0

0101000
+34 0 -32 0 *
Ve
0.003
-58.24813842773 18.85598540306 32.53655672073
0 0

0101101
*
Ed
 0.003 1 1 0
1  3 0 0 34.6409979058768
2  4 1 0 0 34.6409979058768
0

0101000
+30 0 -32 0 *
Ed
 1e-07 1 1 0
1  4 0 0 1
2  5 1 0 0 1
2  6 3 0 0 1
0

0101000
+35 0 -30 0 *
Wi

0101000
+33 0 +31 0 -29 0 -28 0 *
Fa
0  1e-07 1 0

0111000
+27 0 *
Ve
0.003
-26.39273881912 65.78505039215 52.10424423218
0 0

0101101
*
Ed
 0.003 1 1 0
1  5 0 0 34.6410176728298
2  7 2 0 0 34.6410176728298
0

0101000
+34 0 -25 0 *
Ve
0.003
-59.6408700943 59.64101791382 59.6408033371
0 0

0101101
*
Ed
 1e-07 1 1 0
1  6 0 0 1
2  8 2 0 0 1
2  9 4 0 0 1
0

0101000
+25 0 -23 0 *
Ed
 0.003 1 1 0
1  7 0 0 34.6410192398573
2  10 2 0 0 34.6410192398573
0

0101000
+32 0 -23 0 *
Wi

0101000
+24 0 +22 0 -21 0 -31 0 *
Fa
0  1e-07 2 0

0111000
+20 0 *
Ve
0.003
-18.85597109795 32.53679275513 58.24828147888
0 0

0101101
*
Ed
 0.003 1 1 0
1  8 0 0 34.6409973480754
2  11 4 0 0 34.6409973480754
0

0101000
+25 0 -18 0 *
Ve
0.003
-52.1041059494 26.39276266098 65.78483581543
0 0

0101101
*
Ed
 1e-07 1 1 0
1  9 0 0 1
2  12 4 0 0 1
2  13 3 0 0 1
0

0101000
+18 0 -16 0 *
Ed
 0.003 1 1 0
1  10 0 0 34.6409934359369
2  14 4 0 0 34.6409934359369
0

0101000
+23 0 -16 0 *
Wi

0101000
+17 0 +15 0 -14 0 -22 0 *
Fa
0  1e-07 4 0

0101000
+13 0 *
Ed
 0.003 1 1 0
1  11 0 0 34.641021835472
2  15 3 0 0 34.641021835472
0

0101000
+18 0 -35 0 *
Ed
 0.003 1 1 0
1  12 0 0 34.6410191722088
2  16 3 0 0 34.6410191722088
0

0101000
+16 0 -30 0 *
Wi

0101000
+11 0 +28 0 -10 0 -15 0 *
Fa
0  1e-07 3 0

0101000
+9 0 *
Wi

0101100
+33 0 +24 0 +17 0 +11 0 *
Fa
0  0.003 5 0

0111100
+7 0 *
Wi

0101100
+29 0 +21 0 +14 0 +10 0 *
Fa
0  0.003 6 0

0111100
+5 0 *
Sh

0101100
+26 0 +19 0 +12 0 +8 0 -6 0 +4 0 *
So

0100000
-3 0 *
Co

1100000
+2 0 *

+1 0 