DBRep_DrawableShape

CASCADE Topology V1, (c) Matra-Datavision
Locations 0
Curve2ds 6
1 0 0 0 1 
7 0 0  8 38 6  0 0.64556369546372505  0.033344135047676297 0.64902631467110805  0.066554826156086405 0.65247050886214097  0.099715427289675806 0.65588788069748105  0.13290237650317799 0.65927119997522599  0.166188634941346 0.662614160143703  0.19964712583868699 0.66591113481425301  0.23335417351918999 0.66915693427402001  0.26739294239606298 0.67234656199873699  0.27915542754977402 0.67344914073452  0.29096936857495997 0.67454383918363103  0.302791456957831 0.67563502720572099  0.314717427478305 0.67671327034247897  0.32664661801195599 0.67778887216954697  0.33862776730293898 0.67885694465471402  0.350629884848356 0.67992074916263701  0.38358475512969697 0.68282531374719402  0.40457484871757299 0.68465784883550496  0.42558549535288698 0.68648242658796699  0.446577567989424 0.68830305720510099  0.46751148195611902 0.69012322276845395  0.48834855160585999 0.69194577903243404  0.50905234696428903 0.69377285721614201  0.54554625083451103 0.69702997928804  0.56140924747091703 0.69845722197618099  0.57713542587399203 0.69989019017643495  0.59276390694476999 0.70132471498296201  0.60821563219709496 0.70276603016898898  0.62350570894505197 0.70421205720603697  0.63866505174115995 0.70565885012361196  0.70135388346244598 0.71170856280731798  0.74756117676699696 0.71631896303800402  0.792421681920499 0.72090528312273805  0.836044050367304 0.72544373122229999  0.87852470216238299 0.72991796039430901  0.91995332630493198 0.73431744576874602  0.96041658187883805 0.73863614535037803  1 0.74287144444807496 
 0 9 0.106476315015802 8 0.212952630031604 7 0.39833515573024703 7 0.54236034949949596 7 1 9
7 0 0  8 38 6  -1.00000000000001 49.735445623143598  3.52955499730894 50.824135492251102  8.0474095878947693 51.924599667118201  12.5619576178338 53.033909704404003  17.0808312151457 54.149199878514402  21.6112297251988 55.267523742384803  26.160248646116301 56.3857106882623  30.735208564181001 57.500222508489102  35.343984089241701 58.6070099562846  36.936592868921601 58.989641722613499  38.534881353439701 59.3706860619548  40.132691096974703 59.752570377780998  41.743151661373297 60.129923797581299  43.352112555186103 60.5084188408184  44.966191351302299 60.885328782172898  46.580919981394601 61.262435878764101  51.008200133266001 62.296868853076603  53.821045877794297 62.954900710388799  56.628625028153401 63.616391191041899  59.424757409828601 64.283851546346696  62.203291880329999 64.959730676654999  64.958315888265304 65.646324365081696  67.684365032412202 66.345684511226807  72.468246512864198 67.614235316263105  74.540820694946106 68.177279455727998  76.586676608746401 68.751125937605494  78.614240204365998 69.333003485768501  80.608984002696403 69.927414213393504  82.574221474546604 70.533503646056602  84.5169856669512 71.148537556316498  92.523431497250797 73.759552502912001  98.362375796407093 75.842096423528304  103.992015075358 78.007631452893406  109.44564003714601 80.244985520580798  114.750761487826 82.545101737599296  119.93106352607801 84.900781178477601  125.00770939556401 87.306560147832101  130.000000000005 89.758721931414698 
 0 9 0.106476315015802 8 0.212952630031604 7 0.39833515573024703 7 0.54236034949949596 7 1 9
1 1 0 0 1 
1 0 0 1 0 
1 0 1 1 0 
Curves 5
7 0 0  10 11 2  -1 -1 0  -0.99999999999964695 9.6367165590605595 -0.73717687089511796  -1.00000000000191 21.776191416821 1.40748758947627  -0.99999999999489797 26.999380941656199 8.5136395864362306  -1.00000000000832 48.004674961250899 9.5632576081491596  -0.99999999999110301 36.315891024732501 32.489937558038399  -1.00000000000635 52.219142571787202 30.595187661639901  -0.99999999999705202 51.126121838290302 47.266712094928899  -1.00000000000082 56.094839713940097 54.905866195831301  -0.99999999999989297 59.841168932422299 65.597312808214397  -1 65 75 
 0 11 1 11
7 0 0  8 38 6  -1.00000000000001 49.735445623143498 40.000000000000099  3.52955499730894 50.824135492251003 40.000000000000099  8.0474095878947907 51.924599667118002 40  12.5619576178338 53.033909704404003 40  17.0808312151457 54.1491998785148 40  21.6112297251988 55.2675237423854 40  26.160248646116202 56.385710688262698 40.000000000000099  30.735208564181001 57.500222508489003 40.000000000000199  35.343984089241602 58.6070099562845 40.000000000000199  36.936592868943201 58.989641722607203 39.9999999999973  38.534881353357903 59.370686061978802 40.000000000007901  40.132691097130603 59.752570377737598 39.999999999985597  41.743151661197103 60.129923797631903 40.000000000016698  43.352112555305901 60.508418840778901 39.9999999999919  44.966191351256803 60.885328782190903 39.999999999999098  46.580919981402097 61.262435878760201 40.000000000001698  51.008200133266399 62.296868853075999 39.999999999999702  53.821045877794099 62.9549007103886 40.000000000000497  56.628625028153003 63.616391191042197 40.000000000000597  59.424757409828601 64.283851546346995 40  62.203291880330397 64.959730676654999 39.999999999999702  64.958315888265503 65.646324365081497 40.000000000000298  67.684365032411804 66.345684511226594 40.0000000000013  72.468246512864198 67.614235316261102 40.0000000000028  74.540820694946106 68.177279455739395 39.999999999995801  76.586676608746401 68.751125937585499 39.999999999998998  78.614240204365998 69.333003485792702 40.000000000010601  80.608984002696403 69.927414213372501 39.999999999989498  82.574221474546604 70.533503646067899 40.000000000005201  84.5169856669512 71.1485375563134 39.9999999999986  92.523431497250797 73.759552502912101 39.999999999999503  98.362375796407207 75.842096423527394 39.999999999999098  103.992015075358 78.007631452893804 40.000000000001599  109.44564003714601 80.244985520581906 40.000000000002103  114.750761487826 82.545101737598898 39.999999999998998  119.93106352607801 84.900781178476095 39.999999999997101  125.00770939556401 87.306560147832698 40.000000000001101  130.000000000005 89.758721931415394 40.000000000001101 
 0 9 0.106476315015802 8 0.212952630031604 7 0.39833515573024703 7 0.54236034949949596 7 1 9
7 0 0  10 11 2  130 -1 0  130.00000000018099 13.7405182030785 -4.1937482318902299  129.99999999893001 24.989866730211698 -3.9549865736179002  130.00000000317101 55.4667012424744 -11.605620077089  129.99999999417099 32.271380283307401 20.492780185058699  130.000000007133 106.275711158375 -32.527894462051698  129.99999999408101 65.534986194514005 49.645829092063103  130.00000000327 93.729680161217303 20.354756196973302  129.99999999887899 92.008323879655407 51.468143318095301  130.00000000019301 98.157897841417693 61.329310656969703  130 105 75 
 0 11 1 11
7 0 0  3 6 4  -1 -1 0  12.6666666666667 -1 0  40.1496982369639 -1 0  84.667477283787093 -1 0  113.333333333333 -1 0  130 -1 0 
 0 4 0.30181983390573602 1 0.603554547826605 1 1 4
7 0 0  3 6 4  -1 65 75  12.6666666666667 68.293150300375501 75  40.1496982369639 75.285671598735206 75  84.667477283787093 84.971976878808803 75  113.333333333333 96.796614107235698 75  130 105 75 
 0 4 0.30181983390573602 1 0.603554547826605 1 1 4
Polygon3D 0
PolygonOnTriangulations 0
Surfaces 2
9 0 0 0 0 3 10 6 11 4 2 -1 -1 0  -0.99999999999964695 9.6367165590605595 -0.73717687089511796  -1.00000000000191 21.776191416821 1.40748758947627  -0.99999999999489797 26.999380941656199 8.5136395864362306  -1.00000000000832 48.004674961250899 9.5632576081491596  -0.99999999999110301 36.315891024732501 32.489937558038399  -1.00000000000635 52.219142571787202 30.595187661639901  -0.99999999999705202 51.126121838290302 47.266712094928899  -1.00000000000082 56.094839713940097 54.905866195831301  -0.99999999999989297 59.841168932422299 65.597312808214397  -1 65 75  
12.6666666666667 -1 0  12.6666666666829 9.8275546395992102 -0.69990602713012895  12.6666666665779 23.161792629266099 -0.016809459390304302  12.666666666909 26.098099419177299 10.156634010140801  12.6666666662562 53.063134547371298 0.89751193426317  12.666666667129901 38.641843082204701 37.537328704158199  12.666666666311199 54.071969896809101 25.537470542568901  12.6666666668491 54.893500626934703 47.928235018361796  12.6666666666081 58.822041108329501 53.925621885237597  12.6666666666762 63.026118066532 65.374230389064607  12.6666666666667 68.293150300375501 75  
40.1496982369639 -1 0  40.149698237010398 10.3307002942176 -0.92714444941903895  40.149698236705603 25.2731199098282 -2.4514812361694398  40.149698237681797 26.660721311853798 11.257256393039601  40.149698235723797 58.884766958803802 -10.5988312444687  40.149698238393 46.580552833040301 40.562193986945402  40.1496982358425 57.007879838161699 19.804676759507998  40.149698237552698 62.946136093522497 47.093857522108003  40.149698236770597 64.705003509912402 52.396484141804102  40.149698236995903 69.781223965051595 64.794649415709699  40.1496982369639 75.285671598735206 75  
84.667477283787093 -1 0  84.667477283804701 11.191173409628099 -3.9168217692823899  84.6674772836855 24.8331492856571 -6.3685436207285502  84.667477284088406 38.980523560190903 4.3183167020848696  84.667477283219796 42.578242738336698 -2.4719686987329599  84.667477284514007 79.345652302343098 13.9174218587513  84.667477283144294 47.783164437249802 34.165859327878501  84.667477284172193 79.510120354454102 34.613865877858899  84.667477283641801 71.580299893051702 53.266331702262399  84.667477283815003 79.421424198279396 63.334302963084703  84.667477283787093 84.971976878808803 75  
113.333333333333 -1 0  113.33333333344 12.6503330884577 -4.2197213102511002  113.333333332701 25.0568535254864 -5.4206216709274999  113.333333335207 48.5209259974338 -4.5480418582136499  113.333333329881 36.687315316895599 9.4845570090956297  113.333333337574 96.031070875646094 -12.247689195190601  113.333333329794 57.2105560011438 42.780128821950903  113.333333335304 88.577094359674305 26.253319694205601  113.33333333265099 83.410867659400495 52.215862334924701  113.333333333452 90.5258258143067 62.137333589835698  113.333333333333 96.796614107235698 75  
130 -1 0  130.00000000018099 13.7405182030785 -4.1937482318902299  129.99999999893001 24.989866730211698 -3.9549865736179002  130.00000000317101 55.4667012424744 -11.605620077089  129.99999999417099 32.271380283307401 20.492780185058699  130.000000007133 106.275711158375 -32.527894462051698  129.99999999408101 65.534986194514005 49.645829092063103  130.00000000327 93.729680161217303 20.354756196973302  129.99999999887899 92.008323879655407 51.468143318095301  130.00000000019301 98.157897841417693 61.329310656969703  130 105 75  

0 4
0.30181983390573602 1
0.603554547826605 1
1 4

0 11
1 11

9 0 0 0 0 1 1 2 2 2 2 -10 -10 40  -10 140 40  
140 -10 40  140 140 40  

-10 2
140 2

-10 2
140 2

Triangulations 0

TShapes 13
Ve
0.0235329036120698
-1.00000000000001 49.7354456231435 40.0000000000001
0.645563695463725 1 1 0
0.645563695463725 2 1 1 0
0 0

0101100
*
Ve
1e-07
-1 -1 0
0 0

0101100
*
Ve
1e-07
-1 65.0000000000018 75.0000000000051
0 0

0101100
*
Ed
 1e-07 1 1 0
1  1 0 0 1
2  1 1 0 0 1
0

0101000
i13 0 +12 0 -11 0 *
Ve
0.0235329036120698
130.000000000005 89.7587219314153 40.0000000000011
0.742871444448075 1 3 0
0.742871444448075 2 4 1 0
0 0

0101100
*
Ed
 0.0235329036120698 1 1 0
1  2 0 0 1
2  2 1 0 0 1
2  3 2 0 0 1
0

0101000
+13 0 -9 0 *
Ve
1e-07
130 -1 0
0 0

0101100
*
Ed
 1e-07 1 1 0
1  4 0 0 1
2  5 1 0 0 1
0

0101000
+12 0 -7 0 *
Ve
1e-07
130 105.000000000011 74.9999999999893
0 0

0101100
*
Ed
 1e-07 1 1 0
1  5 0 0 1
2  6 1 0 0 1
0

0101000
+11 0 -5 0 *
Ed
 1e-07 1 1 0
1  3 0 0 1
2  4 1 0 0 1
0

0101000
i9 0 +7 0 -5 0 *
Wi

0101100
-10 0 i8 0 +6 0 -4 0 +3 0 *
Fa
0  1e-07 1 0

0111000
+2 0 *

+1 0 
0

