DBRep_DrawableShape

CASCADE Topology V1, (c) Matra-Datavision
Locations 0
Curve2ds 4
1 6.1396790897570801 0 0 1 
1 0 1.5707963267949001 1 0 
1 6.4266915246020897 0 0 1 
1 0 3.14159265358979 1 0 
Curves 4
2 14.36646036097892 -47.416049559786188 36.25 -0.14301416236852116 -0.98972064208140587 0 0.98972064208140587 -0.14301416236852116 -0 0 0 1 2
2 -479.20722389221203 23.905113220214801 38.25 0 0 1 1 0 -0 -0 1 0 498.700000047684
2 14.366460360979147 95.226276000214227 36.25 0.14301416236851802 -0.98972064208140631 0 0.98972064208140631 0.14301416236851802 0 -0 0 1 2
2 -479.20722389221203 23.905113220214801 36.250000000000007 0 0 1 1 0 -0 -0 1 0 496.700000047684
Polygon3D 0
PolygonOnTriangulations 0
Surfaces 1
5 -479.20722389221203 23.905113220214801 36.25 0 0 1 1 0 -0 -0 1 0 498.700000047684 2
Triangulations 0

TShapes 10
Ve
1e-07
14.3664603609789 -47.4160495597862 38.25
0 0

0101100
*
Ve
1e-07
12.3870190768161 -47.1300212350491 36.25
0 0

0101100
*
Ed
 1e-07 1 1 0
1  1 0 1.5707963267949 3.14159265358979
2  1 1 0 1.5707963267949 3.14159265358979
0

0101000
+10 0 -9 0 *
Ve
1e-07
14.3664603609791 95.2262760002142 38.25
0 0

0101100
*
Ed
 1e-07 1 1 0
1  2 0 6.13967908975708 6.42669152460209
2  2 1 0 6.13967908975708 6.42669152460209
0

0101000
+10 0 -7 0 *
Ve
1e-07
12.3870190768163 94.9402476754772 36.25
0 0

0101100
*
Ed
 1e-07 1 1 0
1  3 0 1.5707963267949 3.14159265358979
2  3 1 0 1.5707963267949 3.14159265358979
0

0101000
+7 0 -5 0 *
Ed
 1e-07 1 1 0
1  4 0 6.13967908975708 6.42669152460209
2  4 1 0 6.13967908975708 6.42669152460209
0

0101000
+9 0 -5 0 *
Wi

0101100
-8 0 +6 0 +4 0 -3 0 *
Fa
1  1e-07 1 0

1101000
+2 0 *

+1 0 
0

