DBRep_DrawableShape

CASCADE Topology V1, (c) Matra-Datavision
Locations 0
Curve2ds 8
6 0 1 0 1  1 1  
6 0 1 0 0  1 0  
7 0 0  4 11 4  35.4842989541958 -10.582192500033001  36.628841922192997 -17.0100586674303  37.773398365246102 -23.438008140062699  38.917968717180699 -29.866043439613801  41.207090107216999 -42.722021166250201  42.3516411441231 -49.149963585970497  43.496206955953497 -55.577996866116102  45.820000498321903 -68.628745531715595  46.999229163088103 -75.251466653365398  48.178474444525399 -81.874289646654901  49.357736816362099 -88.497217265154404 
 0 5 0.33001429325395099 3 0.66001474715728703 3 1 5
7 0 0  4 11 4  0.030635938809285099 0  0.029955259215242801 0.082498328599202794  0.029274620211778998 0.164997751961657  0.028594023017998699 0.24749829936693701  0.0272329432272502 0.41249824102713001  0.0265524606267021 0.494997635185914  0.025872022270242601 0.57749821181356298  0.024490649887133901 0.74499803891272898  0.023789718653219601 0.82999736381823797  0.023088837008630399 0.91499800686076005  0.022388006286395298 1 
 0 5 0.33001429325395099 3 0.66001474715728703 3 1 5
6 0 1 1 0  1 1  
6 0 1 0 0  0 1  
6 0 1 0 1  1 1  
6 0 1 0 0  1 0  
Curves 4
6 0 7 1527.3837900000001 627.34937000000002 1078.28125  1520.86042428571 642.44499857142796 1045.44029  1514.1602642857099 657.33822142857105 1012.34347  1507.26709971429 671.56309685714302 978.91958542857105  1500.16025942857 684.63788314285705 945.09732657142797  1492.8146114285701 696.06503857142798 910.80527857142795  1485.2005628571401 705.33122142857098 875.97192142857102  1477.28406 711.90728999999999 840.52562999999998  
7 0 0  4 11 4  1525.9813429430801 630.58219250003299 1071.23333990777  1527.11526204509 637.01005866743003 1071.0777568890701  1528.24919449706 643.43800814006295 1070.9221720386399  1529.3831407288201 649.86604343961403 1070.7665852975099  1531.65101405777 662.72202116624999 1070.45541444067  1532.78494115379 669.14996358597 1070.29983032512  1533.9188828875799 675.577996866116 1070.1442442011501  1536.2211065353399 688.62874553171605 1069.8283601983001  1537.38938937486 695.25146665336501 1069.6680621924199  1538.5576886768099 701.87428964665503 1069.5077619277699  1539.72600491053 708.49721726515395 1069.3474593399401 
 0 5 0.33001429325395099 3 0.66001474715728703 3 1 5
6 0 1 1477.28406 711.90728999999999 840.52562999999998  1490.73827999997 790.69141000000104 837.066350000017  
6 0 7 1540.7511 706.13378999999998 1074.5001199999999  1534.22144 721.22949000000006 1041.6368399999999  1527.5220899999999 736.12305000000003 1008.54279  1520.6366 750.347659999999 975.14562999999998  1513.5436999999999 763.42284999999902 941.37268000000097  1506.21765 774.84960999999896 907.15076000000204  1498.6275599999899 784.116209999999 872.40649000000701  1490.73827999997 790.69141000000104 837.066350000017  
Polygon3D 0
PolygonOnTriangulations 0
Surfaces 5
8 0 0 7 1 1527.3837900000001 627.34937000000002 1078.28125  1540.7511 706.13378999999998 1074.5001199999999  
1520.86042428571 642.44499857142796 1045.44029  1534.22144 721.22949000000006 1041.6368399999999  
1514.1602642857099 657.33822142857105 1012.34347  1527.5220899999999 736.12305000000003 1008.54279  
1507.26709971429 671.56309685714302 978.91958542857105  1520.6366 750.347659999999 975.14562999999998  
1500.16025942857 684.63788314285705 945.09732657142797  1513.5436999999999 763.42284999999902 941.37268000000097  
1492.8146114285701 696.06503857142798 910.80527857142795  1506.21765 774.84960999999896 907.15076000000204  
1485.2005628571401 705.33122142857098 875.97192142857102  1498.6275599999899 784.116209999999 872.40649000000701  
1477.28406 711.90728999999999 840.52562999999998  1490.73827999997 790.69141000000104 837.066350000017  

8 0 0 5 1 1508.68604 625.93889999999897 1081.3476599999999  1527.3837900000001 627.34937000000002 1078.28125  
1499.4269999999999 647.38525000000004 1034.75488  1518.251078 648.48325 1032.3039060000001  
1489.8048100000001 668.50031000000001 987.69507000000101  1508.7470980000001 669.19207800000004 985.78925600000002  
1479.71289 687.39673000000005 939.76233000000002  1498.815114 687.84505799999999 938.48808399999996  
1469.09412 702.57866999999999 890.80164000000002  1488.367164 702.70079399999997 890.15043800000001  
1457.82996 711.90728999999999 840.52562999999998  1477.28406 711.90728999999999 840.52562999999998  

1 1490.82641601562 620 1076.05688476562 -0.13593462460907504 0 -0.99071780938488729 0.99071780938488729 0 -0.13593462460907504 0 -1 -0 
8 0 0 3 1 1477.28406 711.90728999999999 840.52562999999998  1490.73827999997 790.69141000000104 837.066350000017  
1473.6075494069 714.96128823635502 824.06398421082395  1487.10562406759 793.71899164072795 820.79381699042904  
1470.3096691529099 716.94727236824804 809.46007834754698  1483.7589571702999 795.74077844605995 805.96904449398801  
1466.50134 718.40155000000004 792.81042000000002  1479.9953599999999 797.18555000000003 789.50982999999997  

8 0 0 7 1 1540.7511 706.13378999999998 1074.5001199999999  1565.8985600000001 709.27637000000004 1072.5805700000001  
1534.22144 721.22949000000006 1041.6368399999999  1560.7429199999999 723.65917999999999 1041.1619900000001  
1527.5220899999999 736.12305000000003 1008.54279  1555.6207300000001 737.8125 1009.47064  
1520.6366 750.347659999999 975.14562999999998  1550.5231900000001 751.32714999999996 977.44976999999994  
1513.5436999999999 763.42284999999902 941.37268000000097  1545.44397 763.77733999999998 945.03870000000097  
1506.21765 774.84960999999896 907.15076000000204  1540.3783000000101 774.71680000000197 912.172850000003  
1498.6275599999899 784.116209999999 872.40649000000701  1535.3236100000199 783.68066000000704 878.78351000000703  
1490.73827999997 790.69141000000104 837.066350000017  1530.2790500000499 790.18457000001797 844.79834000000903  

Triangulations 0

TShapes 10
Ve
0.02477185961616
1525.98134294309 630.582192500033 1071.23333990777
0 0

0101100
*
Ve
0.0001
1477.28406 711.90729 840.52563
0 0

0101100
*
Ed
 0.0001 1 1 0
1  1 0 0.0306359388092863 1
2  1 2 0 0.0306359388092863 1
2  2 1 0 0.0306359388092863 1
0

0101000
+10 0 -9 0 *
Ve
0.0248111466161583
1539.72600491053 708.497217265154 1069.34745933994
0 0

0101100
*
Ed
 5.41405386266554e-05 1 1 0
1  2 0 0 1
2  3 3 0 0 1
2  4 1 0 0 1
0

0101000
+10 0 -7 0 *
Ve
0.0001
1490.73827999997 790.691410000001 837.066350000017
0 0

0101100
*
Ed
 0.0001 1 1 0
1  3 0 0 1
2  5 1 0 0 1
2  6 4 0 0 1
4 G1 1 0 4 0
0

0101000
+9 0 -5 0 *
Ed
 0.0001 1 1 0
1  4 0 0.0223880062863953 1
2  7 1 0 0.0223880062863953 1
2  8 5 0 0.0223880062863953 1
0

0101000
+7 0 -5 0 *
Wi

0101000
+8 0 -6 0 +4 0 -3 0 *
Fa
0  1e-07 1 0

0111000
+2 0 *

-1 0 
0

