DBRep_DrawableShape

CASCADE Topology V1, (c) Matra-Datavision
Locations 0
Curve2ds 4
1 0 0 0 1 
7 0 0  7 8 2  0 0  0.22439947525642379 0  0.44878013827685215 0  0.67324643776713555 0  0.89754988902777399 0  1.1220161885180329 0  1.346396851538481 0  1.5707963267949001 0 
 0 8 1.5707963267949001 8
1 1.5707963267949001 0 0 1 
7 0 0  7 8 2  0 5  0.22439947525642512 5.0000000000000151  0.44878013827684665 4.9999999999999263  0.67324643776714488 5.0000000000001332  0.89754988902776478 4.9999999999998757  1.1220161885180369 5.0000000000000675  1.346396851538481 4.9999999999999831  1.5707963267949001 5 
 0 8 1.5707963267949001 8
Curves 4
7 0 0  1 2 2  5 0 4  5 5 4 
 -0 2 5 2
7 0 0  6 7 2  5 0 4  5.0000000000000009 0 4.2617993877991571  4.9177723139797225 0 4.523576500705123  4.7531901496401838 0 4.7531901496402105  4.5235765007051505 0 4.9177723139797198  4.2617993877991438 0 5.0000000000000018  3.999999999999996 0 5 
 0 7 1.5707963267949001 7
7 0 0  1 2 2  3.9999999999999964 0 5  3.9999999999999964 5 5 
 0 2 5 2
7 0 0  6 7 2  5 5 4  5.0000000000000009 5.000000000000008 4.2617993877991571  4.9177723139797225 4.999999999999968 4.523576500705123  4.7531901496401838 5.0000000000000382 4.7531901496402105  4.5235765007051505 4.9999999999999751 4.9177723139797198  4.2617993877991438 5.0000000000000071 5.0000000000000018  3.999999999999996 5 5 
 0 7 1.5707963267949001 7
Polygon3D 0
PolygonOnTriangulations 0
Surfaces 1
2 4 0 4 0 1 0 1 0 -0 0 -0 1 1
Triangulations 0

TShapes 10
Ve
1e-05
5 0 4
0 0

0101100
*
Ve
1e-05
5 5 4
0 0

0101100
*
Ed
 1e-07 1 1 0
2  1 1 0 -0 5
1  1 0 -0 5
0

0101000
+10 0 -9 0 *
Ve
1e-05
4 0 5
0 0

0101100
*
Ed
 1.31358055026563e-06 1 1 0
2  2 1 0 0 1.5707963267949
1  2 0 0 1.5707963267949
0

0101000
+10 0 -7 0 *
Ve
1e-05
4 5 5
0 0

0101100
*
Ed
 1e-07 1 1 0
2  3 1 0 0 5
1  3 0 0 5
0

0101000
+7 0 -5 0 *
Ed
 1.31358055060372e-06 1 1 0
2  4 1 0 0 1.5707963267949
1  4 0 0 1.5707963267949
0

0101000
+9 0 -5 0 *
Wi

0101100
-8 0 +6 0 +4 0 -3 0 *
Fa
0  0 1 0

1111000
+2 0 *

+1 0 
0

