DBRep_DrawableShape

CASCADE Topology V1, (c) Matra-Datavision
Locations 0
Curve2ds 6
6 0 1 0.53208888623773198 0.32142857142889503  0.30721840604481898 0.64510992394124  
1 0 0 0 1 
7 0 0  7 8 2  0 0  0.14285714285714537 0  0.28567969497038076 0  0.42866025719034767 0  0.57133974280965261 0  0.71432030502962074 0  0.85714285714285088 0  1 0 
 0 8 1 8
6 0 1 0 1  1 1  
1 1 0 0 1 
7 0 0  7 8 2  1.1102230246251565e-16 1  0.14285714285714815 1.0000000000000018  0.28567969497038376 0.99999999999998868  0.42866025719034062 1.0000000000000207  0.57133974280966038 0.99999999999998102  0.71432030502961896 1.0000000000000102  0.85714285714285321 0.99999999999999722  1 1 
 0 8 1 8
Curves 4
7 1 0  4 5 2  -1.71010071667027 9.0608024131992701e-11 41.095486530533897  1.0456125319810099 -12.2755572601486 22.657694675958101 37.249974837223697  1.04561253198086 -22.841013803626101 45.315389351823399 33.4044631439141  1.0456125319806899 -33.406470347102299 67.973084027686397 29.558951450604599  1.04561253198055 -43.971926890577599 90.630778703547193 25.713439757295699  1.0456125319803899
 0 5 1 5
7 0 0  6 7 2  -1.710100716670266 9.0624396875682578e-11 41.095486530533911  -0.38719267331672702 0.69860320236490414 41.576985680985892  1.1381090064048487 1.3970892783872688 41.501722779712281  2.6333334450872594 1.9722118951459757 40.782240849018855  3.7926942348848982 2.2957923896134091 39.50345446434973  4.4305600629263351 2.3296411990838033 37.950369160710281  4.5315389351833364 2.1130913087033774 36.397023426619697 
 0 7 1 7
7 1 0  4 5 2  4.5315389351833302 2.1130913087033698 36.397023426619697  1.0456125319810099 -6.0339176083326302 24.770785984616001 32.551511733295797  1.04561253198086 -16.5993741518474 47.4284806605272 28.706000039972601  1.0456125319806899 -27.164830695361299 70.086175336434906 24.860488346649401  1.04561253198055 -37.730287238873998 92.743870012341304 21.014976653326801  1.0456125319803899
 0 5 1 5
7 0 0  6 7 2  -43.971926890577613 90.630778703547207 25.71343975729571  -42.64901884721624 91.329381905795685 26.194938907729707  -41.123717167506804 92.027867981812733 26.119676006438798  -39.628492728856457 92.602990598595724 25.400194075733737  -38.469131939099256 92.926571093113239 24.121407691059783  -37.831266111098266 92.960419902651338 22.568322387418778  -37.730287238874006 92.743870012341304 21.014976653326801 
 0 7 1 7
Polygon3D 0
PolygonOnTriangulations 0
Surfaces 3
9 1 1 0 0 6 4 7 5 2 2 -1.71010071667027 9.0608024131992701e-11 41.095486530533897  1.0456125319810099 -12.2755572601486 22.657694675958101 37.249974837223697  1.04561253198086 -22.841013803626101 45.315389351823399 33.4044631439141  1.0456125319806899 -33.406470347102299 67.973084027686397 29.558951450604599  1.04561253198055 -43.971926890577599 90.630778703547193 25.713439757295699  1.0456125319803899 
-0.34632159002385898 0.72018646343301096 41.591861538746699  1.0142765802483 -10.9117781334994 23.3778811392914 37.746349845432398  1.0142765802482501 -21.477234676974 46.035575815148803 33.900838152117601  1.0142765802482201 -32.042691220449399 68.693270491006402 30.055326458803901  1.0142765802481599 -42.608147763923597 91.350965166862494 26.2098147654897  1.01427658024812 
1.1776124465992901 1.41266151496934 41.484939343869399  0.99701191669884903 -9.3878440968789292 24.070356190825802 37.639427650551198  0.99701191669884204 -19.953300640357298 46.728050866682402 33.793915957232599  0.99701191669886702 -30.518757183835501 69.3857455425387 29.948404263914401  0.99701191669885803 -41.084213727314001 92.043440218395602 26.102892570595898  0.99701191669888301 
2.62381837256354 1.96508566536694 40.766395661663502  0.99135492360464905 -7.9416381709219603 24.622780341228701 36.920883968342501  0.99135492360468902 -18.507094714407799 47.2804750170909 33.075372275021103  0.991354923604716 -29.072551257893899 69.938169692954105 29.229860581700098  0.99135492360474997 -39.638007801379899 92.595864368817004 25.3843488883787  0.99135492360476596 
3.7639046372324798 2.2882441910594502 39.5380793661353  0.99701191669884803 -6.8015519062632501 24.945938866934299 35.692567672812899  0.99701191669884603 -17.367008449758799 47.603633542808097 31.847055979490101  0.99701191669886502 -27.932464993254602 70.261328218683602 28.0015442861677  0.99701191669886202 -38.497921536750503 92.919022894558296 24.156032592845001  0.997011916698884 
4.4274403329348297 2.3363314816406699 37.998359588464901  1.0142765802483 -6.1380162105714602 24.9940261575329 34.152847895141697  1.0142765802482501 -16.703472754077598 47.651720833424598 30.307336201818799  1.0142765802482101 -27.268929297583199 70.3094155093154 26.461824508495599  1.0142765802481699 -37.834385841088597 92.967110185205797 22.616312815172801  1.01427658024812 
4.5315389351833302 2.1130913087033698 36.397023426619697  1.0456125319810099 -6.0339176083326302 24.770785984616001 32.551511733295797  1.04561253198086 -16.5993741518474 47.4284806605272 28.706000039972601  1.0456125319806899 -27.164830695361299 70.086175336434906 24.860488346649401  1.04561253198055 -37.730287238873998 92.743870012341304 21.014976653326801  1.0456125319803899 

0 7
1 7

0 5
1 5

11 5
8 0 0 1 1 -100 -90 -7.1054273576010003e-15  -100 190 -7.1054273576010003e-15  
87.938524157181703 -90 68.404028665133694  87.938524157181703 190 68.404028665133694  

11 5
8 0 0 1 1 7.1054273576010006e-14 -1.2789769243681801e-13 -50  7.1054273576010006e-14 -1.2789769243681801e-13 36.397023426619697  
-42.261826174057298 90.630778703637802 -50  -42.261826174057298 90.630778703637802 21.014976653326801  

Triangulations 0

TShapes 10
Ve
0.0001
-1.71010071667045 9.0608409664128e-11 41.0954865305344
0 0

0101100
*
Ve
0.0001
-43.9719268906433 90.6307787035472 25.713439757476
0 0

0101100
*
Ed
 0.0001 1 1 0
2  1 2 0 0 1
1  1 0 0 1
2  2 1 0 0 1
0

0101000
+10 0 -9 0 *
Ve
0.0001
4.53153893518332 2.11309130870337 36.3970234266197
0 0

0101100
*
Ed
 0.0001 1 1 0
2  3 1 0 0 1
1  2 0 0 1
0

0101000
+10 0 -7 0 *
Ve
0.0001
-37.730287238874 92.7438700123413 21.0149766533268
0 0

0101100
*
Ed
 0.0001 1 1 0
2  4 3 0 0 1
1  3 0 0 1
2  5 1 0 0 1
0

0101000
+7 0 -5 0 *
Ed
 0.0001 1 1 0
2  6 1 0 0 1
1  4 0 0 1
0

0101000
+9 0 -5 0 *
Wi

0101100
-8 0 +6 0 +4 0 -3 0 *
Fa
0  0.0001 1 0

1111000
+2 0 *

-1 0 
0

