DBRep_DrawableShape

CASCADE Topology V1, (c) Matra-Datavision
Locations 1
1
              1               0              -0               0 
             -0               1               0               0 
              0               0               1               1 
Curve2ds 6
1 0.5 0 1 0 
1 1.5707963267949001 0 0 1 
1 0 0 1 0 
1 0 -1 1 0 
1 3.14159265358979 0 0 1 
1 0 1 1 0 
Curves 4
1 0.5 0 0.34999999999999998 1 0 0 
2 0.5 0 1 1 0 -0 0 1 1.11022302462516e-16 0 -1.11022302462516e-16 1 0.34999999999999998
1 0.5 -0.34999999999999998 1 1 0 0 
2 1.5 0 1 1 0 -0 0 1 1.11022302462516e-16 0 -1.11022302462516e-16 1 0.34999999999999998
Polygon3D 0
PolygonOnTriangulations 0
Surfaces 3
10 1.5707963267949001 3.14159265358979 0 1
2 0.5 0 1 1 0 0 -0 1 1.11022302462516e-16 0 -1.11022302462516e-16 1 0.34999999999999998
1 0 0 0.34999999999999998 0 0 1 1 0 -0 -0 1 0 
1 0.5 -0.34999999999999998 0 0 1 0 1 0 0 0 0 -1 
Triangulations 0

TShapes 10
Ve
1e-06
0.5 0 1.35
0 0

0101100
*
Ve
1e-06
1.5 0 1.35
0 0

0101100
*
Ed
 1e-07 1 1 0
2  1 2 1 0 1
1  1 1 0 1
2  2 1 0 0 1
0

0101000
+10 0 -9 0 *
Ve
1e-06
0.5 -0.35 1
0 0

0101100
*
Ed
 1e-07 1 1 0
2  3 1 0 1.5707963267949 3.14159265358979
1  2 0 1.5707963267949 3.14159265358979
0

0101000
+10 0 -7 0 *
Ve
1e-06
1.5 -0.35 1
0 0

0101100
*
Ed
 1e-07 1 1 0
2  4 3 0 0 1
1  3 0 0 1
2  5 1 0 0 1
0

0101000
+7 0 -5 0 *
Ed
 1e-07 1 1 0
2  6 1 0 1.5707963267949 3.14159265358979
1  4 0 1.5707963267949 3.14159265358979
0

0101000
+9 0 -5 0 *
Wi

0101100
-8 0 +6 0 +4 0 -3 0 *
Fa
0  1e-07 1 0

1111000
+2 0 *

+1 0 
0

