DBRep_DrawableShape

CASCADE Topology V1, (c) Matra-Datavision
Locations 0
Curve2ds 0
Curves 4
1 -1 18.958864212036101 -12.5882024765015 0 0 1 
1 -1 18.958864212036101 34.185871124267599 0 -1 0 
1 -1 -19.313806533813501 34.185871124267599 0 0 -1 
1 -1 -19.313806533813501 -12.5882024765015 0 1 0 
Polygon3D 0
PolygonOnTriangulations 0
Surfaces 1
1 -1 18.958864212036101 34.185871124267599 1 0 0 0 0 1 0 -1 0 
Triangulations 0

TShapes 10
Ve
1e-07
-1 18.9588642120361 -12.5882024765015
0 0

0101100
*
Ve
1e-07
-1 18.9588642120361 34.1858711242676
0 0

0101100
*
Ed
 1e-07 1 1 0
1  1 0 0 46.774073600769
0

0101000
+10 0 -9 0 *
Ve
1e-07
-1 -19.3138065338135 34.1858711242676
0 0

0101100
*
Ed
 1e-07 1 1 0
1  2 0 0 38.2726707458496
0

0101000
+9 0 -7 0 *
Ve
1e-07
-1 -19.3138065338135 -12.5882024765015
0 0

0101100
*
Ed
 1e-07 1 1 0
1  3 0 0 46.774073600769
0

0101000
+7 0 -5 0 *
Ed
 1e-07 1 1 0
1  4 0 0 38.2726707458496
0

0101000
+5 0 -10 0 *
Wi

0101100
+8 0 +6 0 +4 0 +3 0 *
Fa
0  1e-07 1 0

0111000
+2 0 *

-1 0 
0

