DBRep_DrawableShape

CASCADE Topology V1, (c) Matra-Datavision
Locations 0
Curve2ds 4
1 0 0 0 1 
1 0 -20.3937908842151 1 0 
1 1 0 0 1 
1 0 67.758901848824394 1 0 
Curves 4
7 0 0  1 2 2  127.27953035725 -103.344624173238 -78.446930546593293  124.044256289213 -107.965074412986 9.5251199999999905 
 -20.3937908842151 2 67.758901848824394 2
7 1 0  2 3 2  127.27953035725 -103.344624173238 -78.446930546593293  1 128.12875427841701 -102.131806715539 -78.352000000000203  0.95868651159274298 128.17768025869 -100.651133013836 -78.272433045816896  1
 0 3 1 3
7 0 0  1 2 2  128.17768025869 -100.651133013836 -78.272433045816896  124.942406190653 -105.271583253583 9.6996175007764496 
 -20.3937908842151 2 67.758901848824394 2
7 1 0  2 3 2  124.044256289213 -107.965074412986 9.5251199999999905  1 124.89348021038001 -106.752256955287 9.6200505465931307  0.95868651159274298 124.942406190653 -105.271583253583 9.6996175007764496  1
 0 3 1 3
Polygon3D 0
PolygonOnTriangulations 0
Surfaces 1
9 0 1 0 0 2 1 3 2 2 2 127.27953035725 -103.344624173238 -78.446930546593293  1 124.044256289213 -107.965074412986 9.5251199999999905  1 
128.12875427841701 -102.131806715539 -78.352000000000203  0.95868651159274298 124.89348021038001 -106.752256955287 9.6200505465931307  0.95868651159274298 
128.17768025869 -100.651133013836 -78.272433045816896  1 124.942406190653 -105.271583253583 9.6996175007764496  1 

0 3
1 3

-20.3937908842151 2
67.758901848824394 2

Triangulations 0

TShapes 10
Ve
1e-07
127.27953035725 -103.344624173238 -78.4469305465933
0 0

0101100
*
Ve
1e-07
124.044256289213 -107.965074412986 9.52511999999999
0 0

0101100
*
Ed
 1e-07 1 1 0
1  1 0 -20.3937908842151 67.7589018488244
2  1 1 0 -20.3937908842151 67.7589018488244
0

0101000
+10 0 -9 0 *
Ve
1e-07
128.17768025869 -100.651133013836 -78.2724330458169
0 0

0101100
*
Ed
 1e-07 1 1 0
1  2 0 0 1
2  2 1 0 0 1
0

0101000
+10 0 -7 0 *
Ve
1e-07
124.942406190653 -105.271583253583 9.69961750077645
0 0

0101100
*
Ed
 1e-07 1 1 0
1  3 0 -20.3937908842151 67.7589018488244
2  3 1 0 -20.3937908842151 67.7589018488244
0

0101000
+7 0 -5 0 *
Ed
 1e-07 1 1 0
1  4 0 0 1
2  4 1 0 0 1
0

0101000
+9 0 -5 0 *
Wi

0101100
-8 0 +6 0 +4 0 -3 0 *
Fa
1  1e-07 1 0

1101000
+2 0 *

+1 0 
0

