DBRep_DrawableShape

CASCADE Topology V1, (c) Matra-Datavision
Locations 7
1
              1               0              -0               2 
             -0               1               0               0 
              0               0               1               0 
1
            0.5 -0.866025403784439               0               0 
0.866025403784439             0.5              -0               0 
              0               0               1               0 
1
            0.5 -0.866025403784439               0               0 
0.866025403784439             0.5              -0               0 
              0               0               1               0 
1
            0.5 -0.866025403784439               0               0 
0.866025403784439             0.5              -0               0 
              0               0               1               0 
1
            0.5 -0.866025403784439               0               0 
0.866025403784439             0.5              -0               0 
              0               0               1               0 
1
            0.5 -0.866025403784439               0               0 
0.866025403784439             0.5              -0               0 
              0               0               1               0 
2  1 1 2 1 3 1 4 1 5 1 6 1 0
Curve2ds 4
1 0 1.5707963267949001 1 0 
1 6.2831853071795898 -6.2831853071795898 0 1 
1 0 -6.2831853071795898 0 1 
1 0 -1.5707963267949001 1 0 
Curves 1
2 0 0 0 -2.4492935982947099e-16 -1 0 1 -2.4492935982947099e-16 2.4492935982947099e-16 -2.4492935982947099e-16 5.9990391306474479e-32 1 2
Polygon3D 0
PolygonOnTriangulations 0
Surfaces 1
4 0 0 0 0 0 1 1 0 -0 -0 1 0 2
Triangulations 0

TShapes 7
Ve
1e-07
0.999999999999999 -1.73205080756888 2
0 0

0101100
*
Ed
 1e-07 1 1 1
2  1 1 7 0 6.28318530717959
0

0101000
+7 0 -7 0 *
Ve
1e-07
0.999999999999999 -1.73205080756888 -2
0 0

0101100
*
Ed
 1e-07 1 1 0
1  1 7 4.71238898038469 7.85398163397448
3  2 3G1 1 7 4.71238898038469 7.85398163397448
0

0101000
+5 0 -7 0 *
Ed
 1e-07 1 1 1
2  4 1 7 0 6.28318530717959
0

0101000
+5 0 -5 0 *
Wi

0101000
-6 0 +4 0 +3 0 -4 0 *
Fa
0  1e-07 1 7

0111000
+2 0 *

+1 0 
0

