DBRep_DrawableShape

CASCADE Topology V1, (c) Matra-Datavision
Locations 0
Curve2ds 8
1 0 0 0 1 
1 0 0 1 0 
1 0 0 1 0 
1 0 3 1 0 
1 1 0 0 1 
1 0 0 1 0 
1 0 0 1 0 
1 0 0 1 0 
Curves 4
1 0 0 0 1 0 -0 
1 3 0 0 0 0 1 
1 0 0 1 1 0 -0 
1 0 0 0 0 0 1 
Polygon3D 0
PolygonOnTriangulations 0
Surfaces 5
1 0 0 0 -0 1 0 0 0 1 1 0 -0 
1 0 0 0 0 0 1 1 0 -0 -0 1 0 
1 3 0 0 1 0 -0 0 0 1 0 -1 0 
1 0 0 1 0 0 1 1 0 -0 -0 1 0 
1 0 0 0 1 0 -0 0 0 1 0 -1 0 
Triangulations 0

TShapes 12
Ve
1e-07
3 0 0
0 0

0101100
*
Ve
1e-07
0 0 0
0 0

0101100
*
Ed
 1e-07 1 1 0
1  1 0 0 3
2  1 1 0 0 3
2  2 2 0 0 3
0

0101000
-12 0 +11 0 *
Ve
1e-07
3 0 1
0 0

0101100
*
Ed
 1e-07 1 1 0
1  2 0 0 1
2  3 3 0 0 1
2  4 1 0 0 1
0

0101000
-9 0 +12 0 *
Ve
1e-07
0 0 1
0 0

0101100
*
Ed
 1e-07 1 1 0
1  3 0 0 3
2  5 1 0 0 3
2  6 4 0 0 3
0

0101000
-9 0 +7 0 *
Ed
 1e-07 1 1 0
1  4 0 0 1
2  7 5 0 0 1
2  8 1 0 0 1
0

0101000
-7 0 +11 0 *
Wi

0101000
-10 0 -8 0 +6 0 +5 0 *
Fa
0  1e-07 1 0

0111000
+4 0 *
Sh

0101000
-3 0 *
So

1100000
+2 0 *

+1 0 
0

