DBRep_DrawableShape

CASCADE Topology V1, (c) Matra-Datavision
Locations 0
Curve2ds 4
1 0 0 1 0 
1 0 6.2831853071795898 1 0 
1 6.2831853071795898 -0 0 1 
1 0 -0 0 1 
Curves 2
2 0 0 -7.3478807948841202e-17 0 0 1 1 0 -0 -0 1 0 1.3
2 1 -2.4492935982947099e-16 0 -2.4492935982947099e-16 -1 0 1 -2.4492935982947099e-16 0 0 0 1 0.29999999999999999
Polygon3D 0
PolygonOnTriangulations 0
Surfaces 1
5 0 0 0 0 0 1 1 0 -0 -0 1 0 1 0.29999999999999999
Triangulations 0

TShapes 7
Ve
1e-07
1.3 -3.18408167778312e-16 -7.34788079488412e-17
0 0

0101100
*
Ed
 1e-07 1 1 0
1  1 0 0 6.28318530717959
3  1 2CN 1 0 0 6.28318530717959
0

0101000
+7 0 -7 0 *
Ed
 1e-07 1 1 0
1  2 0 0 6.28318530717959
3  3 4CN 1 0 0 6.28318530717959
0

0101000
+7 0 -7 0 *
Wi

0101000
-6 0 +5 0 +6 0 -5 0 *
Fa
0  1e-07 1 0

0111000
+4 0 *
Sh

0101100
+3 0 *
So

1100100
+2 0 *

+1 0 
0

