DBRep_DrawableShape

CASCADE Topology V1, (c) Matra-Datavision
Locations 0
Curve2ds 12
7 0 0  8 37 6  55.999999999999901 -17.816711871536999  55.063905954477796 -17.8008326421891  54.089116059598297 -17.785033532569098  53.070281160351001 -17.769320372177699  52.001501386435301 -17.753704979844699  50.874496344170701 -17.738209737266398  49.679124435040698 -17.722866274873599  48.401460994335601 -17.707719725546301  46.067646220546401 -17.682696088709299  45.074799998103003 -17.6727269521454  44.024221617670598 -17.662910680841001  42.900382147053399 -17.653275756967702  41.692942356512702 -17.643860600637598  40.373687225848798 -17.634823622075899  38.927438379270797 -17.6263054244315  35.576620473054 -17.610992092631701  33.209839638304203 -17.6021821287462  30.4777728767938 -17.5964676321558  27.608116765700899 -17.597061343914099  24.817316461229598 -17.604022433152199  22.282668570332401 -17.615391363460901  20.160344079904501 -17.627879653049  17.130889401559202 -17.6480258833897  15.7913433959607 -17.658531058245899  14.561325061543 -17.669304578273  13.4247895106123 -17.680257407160099  12.3612121736308 -17.691311592537598  11.360859774360099 -17.702442592396899  10.412168960323401 -17.713642006171099  8.0294930837318006 -17.743334619361001  6.67376327374964 -17.761881415792399  5.4078569948455897 -17.780526378990899  4.2162635176768699 -17.7992405651399  3.0877235562023402 -17.818004258423201  2.0130180199823999 -17.836805198660802  0.98573590217621299 -17.855639384595101  -1.06581410364015e-14 -17.874508643035 
 0 9 0.237702342380225 7 0.40001933783455401 7 0.56639093955320097 7 0.73129556631977899 7 1 9
7 0 0  8 37 6  28.002266244274701 0.97793322073067801  27.066900605268401 0.97801834395426301  26.092524192446199 0.97810331254014804  25.073760488988199 0.97818812983655501  24.004677573556599 0.97827277262105505  22.876950997947201 0.97835717985686199  21.680385233259798 0.97844125587694097  20.4009840569319 0.97852486128288796  18.063117376291402 0.97866437622375102  17.068323128347998 0.97872035074821395  16.015452288649598 0.97877592184201001  14.888910331190401 0.97883104507853702  13.6783043259843 0.97888559269966002  12.355291279412199 0.97893895369691297  10.9046111976436 0.97899052183612301  7.5427904337106497 0.97908795895522005  5.1679037405775503 0.97914678228507002  2.4258230002138599 0.97919249053253699  -0.455041966870947 0.97920766694495098  -3.2565407105747801 0.97919076984520304  -5.8003258087469796 0.97915050729214403  -7.9298475297469402 0.97910215894064501  -10.969183376921301 0.97902171800229898  -12.312828501735 0.97897828306151802  -13.546364722128001 0.97893286037931604  -14.6859149417803 0.978885990555181  -15.752096429081901 0.978838187710802  -16.754690601811401 0.978789633275435  -17.705310977861402 0.97874044113759995  -20.0923299964828 0.97860924943333005  -21.449999566674499 0.97852653341498996  -22.717239310019899 0.97844283117409403  -23.909640236781101 0.97835838076841197  -25.038522040617401 0.97827334811386701  -26.113153285364401 0.97818784976443696  -27.139980412807802 0.97810194416219998  -28.124911096155 0.97801565808300694 
 0 9 0.237702342380225 7 0.40001933783455401 7 0.56639093955320097 7 0.73129556631977899 7 1 9
7 0 0  8 58 9  19.2017669004094 0.978596366548523  19.286524371894899 0.97490453915062802  19.3696720317784 0.97122654963035004  19.451371841300102 0.96755684911759199  19.531764095107501 0.96389033336158003  19.610971816577301 0.960222179931015  19.689105153136602 0.95654768541422097  19.766265771584401 0.95286210261929405  19.911853793389099 0.94579768845115397  19.980431233981601 0.942421793490547  20.048354235860799 0.93902916572200701  20.115687420017402 0.93561618864901497  20.182490652117298 0.93217917013847895  20.2488203268558 0.92871425611025005  20.314730652311301 0.92521734422664204  20.445352182043301 0.91817582771597395  20.510067269330399 0.914631816795615  20.5744725248124 0.91104756728098502  20.638617610591599 0.90741847755830596  20.702550688878901 0.90373957731625099  20.766319588649601 0.90000536292229105  20.829972972301199 0.89620963279904298  20.959521063157698 0.88833692395184705  21.0254061719411 0.884255064769772  21.091277677169099 0.88009139322070895  21.157192937136099 0.87583709489905004  21.223208949174499 0.871482221557909  21.289385478909399 0.86701501963976602  21.355788189512602 0.86242125880710996  21.501174845961501 0.85209500487691203  21.580163771504498 0.84631413479565798  21.659696142307801 0.84030438660321605  21.7399355989707 0.83402867179509299  21.820988752842698 0.82744384012762795  21.9029081578846 0.82050132610802995  21.985714503437499 0.81313987239541696  22.176540078005001 0.79517830244078003  22.291950688303402 0.78360767231384199  22.4091833448269 0.77079846725732104  22.521650700879501 0.75703151055579998  22.623485449155101 0.74265316722658403  22.709340037860699 0.728123305992881  22.7768986596916 0.71412114157801498  22.871231907035799 0.69062342546338695  22.903849435628299 0.68029098893254702  22.9271729141965 0.67053734962481704  22.942711911664201 0.66130048562819699  22.951684169768299 0.65252298821025601  22.955083292652599 0.64414262822863699  22.953590465030199 0.63609521378633505  22.9406841866276 0.619169124056974  22.927635611004899 0.61043524628243095  22.909353382707501 0.60202774053816299  22.8863831905878 0.59389998982368197  22.8591363034419 0.58601549504023098  22.827931073640102 0.57834245566022802  22.792985783876599 0.570853431924782  22.754441126509299 0.56352145453491898 
 0 9 0.111485165658711 7 0.212765317066548 7 0.31332379912866198 7 0.41763181372790098 7 0.54067281330516004 7 0.69796007276414296 7 0.83696926204867295 7 1 9
7 0 0  8 58 9  6.1572229575055504 25.957371939821599  6.1586775968333001 25.895697627229701  6.1601264104001601 25.832802061579802  6.1615717115547 25.768849458688599  6.1630156133573104 25.703981018490499  6.1644600967489902 25.6383185250493  6.1659070787200703 25.5719679465683  6.1673584804789803 25.505023035401699  6.1701406667823298 25.3762893653204  6.1714702779564998 25.3145916589873  6.1728065884045904 25.252540282421201  6.1741510462188698 25.190195299016199  6.1755051228275804 25.127613400265101  6.1768703474996798 25.0648489438199  6.1782483418495602 25.001954991551202  6.1810234445189796 24.8764623995148  6.18242031660942 24.813865962298198  6.1838332029991303 24.751246649110499  6.1852639116987298 24.688656846970499  6.1867143905921598 24.6261509479145  6.1881867916854896 24.5637865801475  6.1896835353555497 24.5016258391931  6.1927880333632404 24.375539526635599  6.1943977165242599 24.311638487945999  6.1960396793673302 24.2481075735068  6.1977173523045996 24.1850303898369  6.1994346014906503 24.122504715579499  6.2011959894383804 24.060647237636999  6.2030070356348599 23.999598287307599  6.2070772980280102 23.868666409229402  6.20935544931978 23.799268204280601  6.2117231548035496 23.731506532210702  6.2141947991003903 23.665699733896499  6.2167870684952797 23.602367236012  6.2195186897255796 23.5422231803919  6.2224132490048802 23.486237586043401  6.2294699829261404 23.371543332962698  6.2340119370401297 23.312335739027802  6.2390341429207803 23.267644561078601  6.2444237619668197 23.246598976605799  6.2500424211658796 23.256009950956798  6.2557102405961702 23.298202967093001  6.2611650364354503 23.366095231923399  6.2703111459086402 23.5129196933628  6.2743292318311799 23.592788252379499  6.27811985176624 23.680332848689002  6.2817081145475999 23.773280340921001  6.2851170246501002 23.869973140417599  6.2883712394917302 23.969310633757399  6.29149600767711 24.070793612272102  6.2980685032609998 24.2959384045642  6.3014600372865601 24.4197657315983  6.3047253529472798 24.545165941470501  6.3078827675392004 24.6715969492227  6.3109465788067496 24.798638944102201  6.3139292038845598 24.925976248895001  6.3168413236948204 25.053395225972402  6.3196934165630401 25.180767727963101 
 0 9 0.111485165658711 7 0.212765317066548 7 0.31332379912866198 7 0.41763181372790098 7 0.54067281330516004 7 0.69796007276414296 7 0.83696926204867295 7 1 9
7 0 0  8 58 9  -8.8817841970012507e-15 -11.790862505107199  1.10122509493771 -11.8148648459442  2.1376565578108 -11.8324486274969  3.1105175211679201 -11.8453483841239  4.0232686128105604 -11.854935199530701  4.8816255937230704 -11.8622195959398  5.6936710704921998 -11.8678993973624  6.4700602822161297 -11.872452566968899  8.8984946138728898 -11.884748712401599  10.4171180705316 -11.8894081851516  11.8525610664148 -11.894104954114299  13.2208551254882 -11.9001057520342  14.535074152601201 -11.9083427212532  15.8088981263138 -11.919612424565999  17.046907275981699 -11.934230883050301  20.949089177472299 -11.9935706830443  23.493797028864101 -12.0529991575316  25.945099853741699 -12.134314279522201  28.321685365982798 -12.237658154071401  30.6390586786524 -12.361970953220901  32.913513533560597 -12.505845650685201  35.1592718913477 -12.6680027561888  39.801757638222497 -13.0414923821349  42.191036036109402 -13.255028293773201  44.587219919906303 -13.487744073335  47.008621797858098 -13.738754338869001  49.472787332698701 -14.007321189923299  51.998613080259602 -14.292877846305  54.609217466154298 -14.595090004980101  60.3826294105288 -15.270326926506501  63.578567689124498 -15.6479881073593  66.976549501489799 -16.048035795191002  70.612020091270395 -16.468489406342499  74.513746273344694 -16.903645614678801  78.695602864585993 -17.343765214458301  83.151012481734497 -17.774539329119001  91.232110854569598 -18.481355539910101  94.754661822563705 -18.7662606959016  98.378854236702793 -19.0345221220403  102.146093006244 -19.2851935369671  106.08673110320299 -19.516591611014  110.259067809331 -19.7230025242553  114.70752969448699 -19.898637158603499  123.566121612126 -20.128767322519099  127.877238847782 -20.2017735312103  132.29270309894699 -20.224705254660901  136.63834332352999 -20.190967138396601  140.824304518818 -20.1092500269868  144.778602632793 -19.9897884699419  148.44595318270001 -19.844152318191501  155.175456119149 -19.5213236912975  158.39379136235701 -19.3355047457711  161.49791986648299 -19.128346102519501  164.489425695493 -18.9007401627413  167.34617816667799 -18.654971632384001  170.038858978143 -18.395950738022201  172.53370374409999 -18.131867969769999  174.78963375091601 -17.874508643035099 
 0 9 0.032240500339600603 7 0.103802224158361 7 0.262785461009865 7 0.43334978705611199 7 0.62397861315582304 7 0.767161148012793 7 0.88248798929084704 7 1 9
7 0 0  8 58 9  -23.283925526940099 0.079159014323876106  -23.297587627567399 0.084813650898915294  -23.320264388303801 0.0901477018582936  -23.349258105637301 0.095163828184343505  -23.382506661962701 0.099877198751510202  -23.418567856846401 0.104315370622034  -23.4565931970631 0.10851872406721499  -23.496291145403202 0.112541452314263  -23.630210106115399 0.125135518420978  -23.729204428866399 0.13302925221237899  -23.832170725005799 0.140501710775709  -23.937943219856699 0.147633566394929  -24.045618181914101 0.154490570186707  -24.154465553760701 0.16114173331273299  -24.264153276232999 0.167609933252828  -24.619420354753 0.18800627663799099  -24.866196128379801 0.201321048011745  -25.1098933872012 0.21414780800629599  -25.347579309578101 0.22657629308991301  -25.577391165247899 0.23868184487674499  -25.798325483625099 0.25054562490286397  -26.010199918174401 0.26223962609102602  -26.431243341621201 0.28636712822867899  -26.638512657235701 0.29875853885417097  -26.835098454991101 0.31115791313387098  -27.020868791171001 0.32365920381019397  -27.195566671703901 0.33635294087005402  -27.358748563092899 0.34933722111320498  -27.509683212208198 0.36273280799002999  -27.8009137353177 0.39231519985062602  -27.938063126270698 0.408667059957393  -28.0574263693644 0.42603558338237102  -28.1547509555059 0.44461141900551898  -28.225416100595002 0.46455448611247402  -28.263189014510498 0.48596354583097001  -28.2666696642838 0.50883172477850702  -28.224474638201499 0.55040819426917598  -28.190993636985301 0.56856210519807404  -28.1449414453473 0.58727013825394003  -28.088992136875799 0.60674249970664995  -28.026427062771099 0.627131109069472  -27.962683549324002 0.64872025262077004  -27.904336804069899 0.67172111521377897  -27.8291283165916 0.71740153636808002  -27.805893270035799 0.73959220175135398  -27.802519733638 0.76225253324046904  -27.824940262335002 0.78445863892741097  -27.867194586775899 0.80574766327387504  -27.919550504022201 0.825777725849969  -27.973340492264299 0.84430504863626099  -28.072955081897099 0.87825562502928101  -28.121105514590301 0.89446582092590898  -28.162751833285 0.91010064689300596  -28.193205306686099 0.92519426786278902  -28.2071119457073 0.93967204890132705  -28.200182103323598 0.95341994427965604  -28.171500492200501 0.96627761187015404  -28.1249110961549 0.97801565808300694 
 0 9 0.032240500339600603 7 0.103802224158361 7 0.262785461009865 7 0.43334978705611199 7 0.62397861315582304 7 0.767161148012793 7 0.88248798929084704 7 1 9
7 0 0  8 23 4  22.754441126509501 0.56352145453491898  22.7226629562848 0.55747660055273396  22.692655191998 0.55113843715516297  22.664456154188301 0.54441113771772098  22.6385224320281 0.53722190999394104  22.6157532737619 0.52951903535005496  22.597303195527299 0.52128653836162697  22.584683171650799 0.51252868124087303  22.573339584291698 0.49430584400486899  22.574629658908702 0.48508879398739801  22.5834224729937 0.47610781196494001  22.5984591229237 0.46752886303562402  22.618257416070499 0.459436921217799  22.641469417747999 0.45185218600680299  22.6671247198028 0.44474674417544802  22.734476057109799 0.42839586062509899  22.778501152579899 0.41953393614595003  22.825433156423301 0.41125022918036203  22.874554893361601 0.40346786005610202  22.925279141475301 0.396102275423317  22.977294658874801 0.38910010603440298  23.030423578364498 0.38240283754702997  23.084672498167201 0.37595749714008803 
 0 9 0.29248078226010299 7 0.58209127313204201 7 1 9
7 0 0  8 23 4  3.1050845442063402 25.180767727963101  3.1074359542033001 25.285780077966301  3.1099015931903899 25.397591646321398  3.1125187723646701 25.5179063166139  3.1153158560918701 25.648101573963  3.1183130292868402 25.7891167688968  3.1215165789997501 25.9410995332303  3.1249249289886398 26.103392103860202  3.13201758570482 26.440624840392001  3.1356053863879998 26.6109813040493  3.1391016745263798 26.775993828211099  3.1424417676955998 26.931822085650101  3.14559249193612 27.076794903967901  3.1485459022029199 27.2106958972435  3.15131280564245 27.3342705850994  3.1576801526985401 27.614316103791602  3.1611313464506501 27.762186145582799  3.1643574238820902 27.896872327918601  3.1673882442342598 28.0201747166243  3.17025666475875 28.1340074377691  3.17298342135288 28.2396373634372  3.1755912580771799 28.338345064023699  3.1781007629732398 28.4312177901664 
 0 9 0.29248078226010299 7 0.58209127313204201 7 1 9
7 0 0  8 51 8  -3.5527136788005001e-15 -11.3253687940947  0.65238576255627101 -11.6772930494117  1.32449386962959 -12.028412933258799  2.0180181076797101 -12.3786285845785  2.73477919343147 -12.7278176790199  3.47691604189477 -13.0758238023034  4.2470770343844997 -13.422444823585501  5.0486112865405399 -13.767421268823799  6.9215464226673697 -14.5348074708524  8.0097690271580895 -14.9552449822499  9.1599948090131296 -15.3720570846637  10.385605137462299 -15.784541108212601  11.6974495171984 -16.191710350769402  13.121730769102999 -16.5904801538097  14.6781670395329 -16.977786198469701  17.468484725970399 -17.557564077812899  18.5390482940212 -17.758537509553001  19.691730022382099 -17.951908390841901  20.9566323326078 -18.136527125631101  22.358463594956 -18.305923302943501  23.916852070356601 -18.4481721965521  25.647140400637198 -18.545652858405202  28.414008665335398 -18.587624674675698  29.296621997935102 -18.586911620720599  30.188034612108702 -18.570422601637901  31.071365634911398 -18.538140323514799  31.933956241221399 -18.4914667382216  32.766899276813199 -18.4326020956366  33.564461616433697 -18.3640025506987  35.147813081134601 -18.205267264439499  35.928952752379502 -18.1135807775158  36.669814400890303 -18.014929588385598  37.373386023028402 -17.9109809236727  38.042735427686601 -17.803012608515399  38.681098182732697 -17.6919291623243  39.291965561453203 -17.578277894541301  41.175503921942799 -17.206146711124099  42.349587584256597 -16.939869040569999  43.435646446896499 -16.667322516261301  44.448532963309702 -16.3905888195019  45.3995352501478 -16.1110896310655  46.2987255117825 -15.829704320200999  47.153120158748003 -15.546610132339699  49.196815552625701 -14.833490339148501  50.334893141922699 -14.402404118873299  51.4032417426873 -13.969353558613699  52.412714848550898 -13.534979284354201  53.371323736195002 -13.0997264411722  54.285575194363901 -12.6638865598285  55.160360330801502 -12.227593405405701  56 -11.790862505107199 
 0 9 0.18064360281733799 7 0.40414953748622501 7 0.53367931724309103 7 0.59134621496828099 7 0.65398822560589298 7 0.79227827291814601 7 1 9
7 0 0  8 51 8  27.9152398368247 0.078195052668871196  27.244191630405901 0.078319527761007507  26.559269304509201 0.078443851677285306  25.859076280542801 0.078568014749279505  25.142116782282301 0.078692001874827597  24.406631951323 0.078815791611660899  23.650435962529901 0.078939355271035599  22.870752139489401 0.079062656011364293  21.065934083264999 0.079337820618165994  20.028479898096201 0.079489191456201702  18.943415860031401 0.079640002225635498  17.7994195706246 0.079790217552254697  16.587548386136302 0.079939673128231997  15.285742901913901 0.080087756510135305  13.877682203057701 0.0802337740029202  11.380502833683201 0.080458506238759997  10.4274824821078 0.080537787027438107  9.4062918561245805 0.080615733861503697  8.2909295992848495 0.080692404102292004  7.0607038575355103 0.080766090540950797  5.6993538276525504 0.0808332996737436  4.1933539333508696 0.080888690048759301  1.78860544768073 0.080941121650768499  1.0219338015844699 0.080953372310315005  0.24780120606320399 0.080960745367187198  -0.51951385263289895 0.080962999526447296  -1.2693740643923901 0.080960401187533199  -1.9942764033521601 0.080953520715960195  -2.68933419700915 0.080943053292890699  -4.0713097487658398 0.080915120660220094  -4.7543624307410504 0.080897097702597301  -5.40356034477725 0.080876292283550699  -6.0214872406462101 0.080853272974457005  -6.6107585177579899 0.080828486403445796  -7.1741232675449904 0.080802263554621098  -7.71456631584606 0.080774826067285005  -9.3852358870031907 0.080683299429015296  -10.4333786886315 0.080615294823422196  -11.4091783128542 0.080543985108892296  -12.325169495030501 0.080470233918558995  -13.190832224179999 0.080394648078798897  -14.0146644286688 0.080317646596285097  -14.802613557499701 0.080239382601833706  -16.6999100638734 0.080040481744828598  -17.768294362751501 0.079918673320235403  -18.782152309251899 0.0797950484067112  -19.750533828790999 0.0796699606762684  -20.680085893680701 0.079543663199002801  -21.5762057418121 0.079416339836422004  -22.442947502872499 0.079288101792733004  -23.283925526940099 0.079159014323875995 
 0 9 0.18064360281733799 7 0.40414953748622501 7 0.53367931724309103 7 0.59134621496828099 7 0.65398822560589298 7 0.79227827291814601 7 1 9
7 0 0  7 38 7  23.084672498167102 0.37595749714008703  23.137915482592099 0.36963167240202999  23.189051168542299 0.36309173467169797  23.237889881207199 0.35630149338470102  23.284135024243401 0.34922141591470501  23.327326705330101 0.34179896955744699  23.366878140375398 0.33397251786162302  23.427900998977101 0.31935267632832698  23.451328819148902 0.31281186754737  23.471709179891601 0.30592511549818402  23.488414214779301 0.29862954666533498  23.500437468618401 0.29086040077105202  23.5065120697199 0.28255705547462401  23.503299606616 0.26725740973720002  23.4979573514719 0.26056742775981701  23.487863897301299 0.25354116641062602  23.4722451710653 0.246204792618545  23.4504438562773 0.23861297380076499  23.4221971556235 0.230866395994372  23.356122000683602 0.215745409848972  23.3187558880918 0.20838227330773701  23.2773451844972 0.201239648326975  23.233095673625801 0.19439047749447  23.187026073261698 0.18786699559527101  23.139878905916699 0.181668186639524  23.0266369755991 0.16770113102107001  22.959879637800899 0.16018401041650901  22.8922625856788 0.153091444782116  22.824055600180699 0.14635660698248801  22.755356099227001 0.139915545443275  22.686066470659298 0.13371281077027999  22.528170797836101 0.120163102796588  22.439382727930099 0.112944761710531  22.3491764822226 0.105939400836353  22.257296291663501 0.099092211353642601  22.163569558310002 0.092368096756372198  22.067907125629802 0.085741840334403505  21.970311292590701 0.079199911994337596 
 0 8 0.22882736122736499 6 0.40047987311773597 6 0.52229281396901905 6 0.63952691592766797 6 0.79974518990603205 6 1 8
7 0 0  7 38 7  6.2466771977961404 28.4312177901664  6.2491401690512598 28.522368381358  6.2516856190615497 28.614190443725899  6.2543273768252501 28.706750494944298  6.25708049393028 28.8000396352415  6.2599649260971102 28.893967438074199  6.2630040287169102 28.9883595560866  6.26867540345616 29.153904066822999  6.2712110232985596 29.2247203602093  6.2738787322919203 29.295536879687301  6.2767023625940501 29.366114174936602  6.27970625924159 29.435787947693299  6.2829129662799801 29.5034888966712  6.2888137203273597 29.613083977077199  6.29139175175718 29.656865165970999  6.2940969231709198 29.6980100045234  6.2969187859661799 29.7353550232374  6.2998360156785997 29.767596254167699  6.3028100541682903 29.7935831153072  6.3086112387851996 29.831738208243198  6.3114342115864401 29.844352559329501  6.3141711447579398 29.8506654468828  6.3167948636666802 29.851607148467998  6.3192936347110003 29.848263188295999  6.3216682727518902 29.841610638495698  6.3270200692180101 29.819817811998998  6.32990150409222 29.802450355952502  6.3326221170467498 29.782115814344401  6.3352079317631498 29.759913681734801  6.3376837512476403 29.736699147966799  6.3400710664069599 29.713054835261101  6.3452938733988198 29.659977546439801  6.3480817857169498 29.630681829406601  6.35079348907633 29.6025787658144  6.3534505358723097 29.576567812818102  6.3560669495671496 29.553630312668801  6.3586529572917296 29.534896076838699  6.3612142143329402 29.521591958468601 
 0 8 0.22882736122736499 6 0.40047987311773597 6 0.52229281396901905 6 0.63952691592766797 6 0.79974518990603205 6 1 8
Curves 6
7 0 0  8 37 6  27.999999999999901 165.81475830078099 12.816711871537001  27.0639059544778 165.81475830078099 12.8008326421891  26.089116059598201 165.81475830078199 12.7850335325691  25.070281160350898 165.81475830078099 12.769320372177701  24.001501386435301 165.81475830078099 12.7537049798447  22.874496344170701 165.81475830078199 12.7382097372664  21.679124435040698 165.81475830078099 12.722866274873599  20.401460994335501 165.81475830078099 12.707719725546299  18.067646220546301 165.81475830078099 12.682696088709299  17.0747999981029 165.81475830078199 12.6727269521454  16.024221617670602 165.81475830077699 12.662910680841  14.9003821470533 165.81475830078799 12.6532757569677  13.692942356512701 165.81475830077599 12.6438606006376  12.3736872258487 165.81475830078401 12.634823622075899  10.9274383792708 165.81475830078099 12.6263054244315  7.5766204730539899 165.81475830078099 12.610992092631699  5.2098396383041798 165.81475830078199 12.6021821287462  2.4777728767937299 165.81475830078301 12.5964676321558  -0.39188323429912197 165.81475830077699 12.597061343914101  -3.18268353877043 165.814758300786 12.604022433152201  -5.7173314296676496 165.814758300779 12.615391363460899  -7.8396559200955096 165.81475830078199 12.627879653049  -10.8691105984408 165.81475830078199 12.6480258833897  -12.208656604039399 165.81475830078 12.658531058245901  -13.438674938457 165.81475830077801 12.669304578273  -14.5752104893877 165.81475830078901 12.6802574071601  -15.638787826369301 165.814758300774 12.6913115925376  -16.639140225639999 165.81475830078401 12.702442592396901  -17.587831039676701 165.81475830078199 12.713642006171099  -19.970506916268199 165.81475830078199 12.743334619361001  -21.3262367262504 165.814758300779 12.7618814157924  -22.592143005154501 165.81475830078301 12.780526378990899  -23.783736482323199 165.81475830078099 12.7992405651399  -24.912276443797701 165.814758300779 12.818004258423199  -25.9869819800176 165.81475830078199 12.8368051986608  -27.014264097823801 165.81475830078099 12.855639384595101  -28.000000000000099 165.81475830078099 12.874508643035 
 0 9 0.237702342380225 7 0.40001933783455401 7 0.56639093955320097 7 0.73129556631977899 7 1 9
7 0 0  8 58 9  19.204326219271401 165.814758303898 12.6948956587957  19.289252315766198 165.09320102853701 12.756232113031301  19.372485467594402 164.37438167963001 12.8187831301725  19.454204017196201 163.65715711729899 12.8823853939942  19.5345617280962 162.94048226505399 12.9468984780698  19.613692685805798 162.223376392593 13.0122012654816  19.691716198726699 161.50488939861799 13.0781883685311  19.768741699053301 160.784068093641 13.144766548449301  19.9140367007777 159.40206296689999 13.2727950019771  19.982459433112599 158.74148619261899 13.3341547218005  20.050217527722999 158.07746743983199 13.395866174414399  20.1173799244098 157.409286935522 13.457869625458001  20.184010199550102 156.736212686865 13.5201086940006  20.250167949914701 156.05748331433199 13.5825293201672  20.315910176485598 155.37229088479901 13.6450787327655  20.446209278647501 153.99217119040199 13.769883863214  20.510769946758501 153.29736304028 13.8321373905789  20.575029398197898 152.59447561150299 13.894413668597901  20.6390393766718 151.882607023536 13.9566605972338  20.702849842282902 151.16078511207201 14.0188240824156  20.766510169814602 150.42793534300401 14.080846811631799  20.830070347013599 149.68284872640899 14.142667029524301  20.9594621695007 148.137161061678 14.2680626280306  21.025285476278999 147.33559047044901 14.331613610124601  21.091114178744 146.51781155512299 14.394796495547901  21.1570066683446 145.68210982302401 14.4575281357865  21.223020752722899 144.82655242144801 14.519711287839201  21.289216765993899 143.94885786859501 14.581229904026401  21.355660679024499 143.04626578450001 14.6419444217996  21.5011845392029 141.01737170811799 14.7721590413102  21.580277868176498 139.881570138717 14.841177075609799  21.659944753543201 138.70089372961101 14.9085675421295  21.740348413267199 137.468148303437 14.974013843897101  21.8215940758706 136.17498398221699 15.036999399712199  21.903731493996499 134.81202668035701 15.0968139798844  21.986776370190999 133.367469428856 15.152492879272099  22.178172380995399 129.844969177368 15.2665588251988  22.2939427807766 127.57725184596001 15.3254420737212  22.4115394619147 125.069072220216 15.369888428707499  22.5243170294486 122.376617912667 15.3908187232608  22.626320648571198 119.568964649783 15.3814593032142  22.712149067338601 116.736121074084 15.339497424848201  22.779524400077101 114.00935629254499 15.271977080968901  22.873364874796799 109.436975244227 15.125956939336501  22.905679619356601 107.428047750975 15.0465259086673  22.9286530751668 105.532755759195 14.9594608908429  22.9438150899764 103.738602621665 14.867022574726899  22.952398780723399 102.03412395215 14.770859468532599  22.9554084104984 100.407017005223 14.6720661564053  22.953532053361801 98.844673961376998 14.5711391122962  22.9398153346622 95.558637301349606 14.347227686802199  22.9263461011763 93.863060768131206 14.2240786988596  22.907669509922599 92.230692283471697 14.0993654444962  22.8843380838283 90.652387539243307 13.9736270390716  22.8567680676062 89.121008474686207 13.847280993571299  22.825281346026099 87.630355520300796 13.720641255896499  22.7900985535145 86.175096192332205 13.5939202933464  22.7513619109343 84.750000000000199 13.467245551287601 
 0 9 0.111485165658711 7 0.212765317066548 7 0.31332379912866198 7 0.41763181372790098 7 0.54067281330516004 7 0.69796007276414296 7 0.83696926204867295 7 1 9
7 0 0  8 58 9  -28 -8.9748754501342898 6.7908625051072304  -28 -7.8736503551965598 6.8148648459441903  -28 -6.83721889232348 6.8324486274968903  -28 -5.8643579289663599 6.84534838412395  -28 -4.9516068373237196 6.8549351995306704  -28 -4.0932498564112096 6.8622195959397896  -28 -3.28120437964207 6.8678993973623497  -28 -2.5048151679181401 6.8724525669688603  -28 -0.076380836261386406 6.8847487124016  -28 1.44224262039731 6.88940818515165  -28 2.8776856162805702 6.89410495411434  -28 4.2459796753539001 6.9001057520341602  -28 5.5601987024669102 6.9083427212532502  -28 6.83402267617954 6.91961242456596  -28 8.0720318258474393 6.9342308830502803  -28 11.974213727338 6.9935706830443403  -28 14.518921578729801 7.0529991575316302  -28 16.9702244036074 7.1343142795221803  -28 19.3468099158485 7.23765815407143  -28 21.664183228518102 7.3619709532208999  -28 23.938638083426401 7.50584565068523  -28 26.184396441213501 7.6680027561887698  -28 30.826882188088199 8.0414923821349493  -28 33.216160585975103 8.2550282937732504  -28 35.612344469771998 8.4877440733350191  -28 38.033746347723799 8.7387543388690396  -28 40.497911882564402 9.0073211899233208  -28 43.023737630125297 9.2928778463050499  -28 45.63434201602 9.5950900049800598  -28 51.407753960394501 10.270326926506501  -28 54.603692238990199 10.6479881073593  -28.000000000000099 58.001674051355501 11.048035795191  -27.999999999999901 61.637144641136103 11.468489406342499  -28.000000000000199 65.538870823210502 11.903645614678799  -27.999999999999901 69.720727414451702 12.343765214458299  -28 74.176137031600206 12.774539329118999  -28 82.257235404435306 13.481355539910099  -28 85.779786372429399 13.7662606959016  -28 89.403978786568501 14.0345221220403  -28.000000000000099 93.171217556109696 14.2851935369671  -27.999999999999901 97.111855653068403 14.516591611014  -28.000000000000099 101.284192359196 14.7230025242553  -28 105.732654244353 14.898637158603499  -28 114.591246161992 15.128767322519099  -28.000000000000401 118.902363397648 15.2017735312103  -27.9999999999994 123.31782764881299 15.224705254660901  -28.000000000000401 127.663467873396 15.1909671383966  -28.000000000000199 131.84942906868301 15.1092500269868  -27.999999999999901 135.80372718265801 14.9897884699419  -28.000000000000099 139.47107773256599 14.844152318191499  -28.000000000000099 146.20058066901399 14.5213236912975  -28.000000000000099 149.41891591222301 14.3355047457711  -27.999999999999702 152.52304441634899 14.128346102519499  -28 155.514550245359 13.9007401627413  -28.000000000000401 158.37130271654399 13.654971632383999  -28 161.06398352800801 13.395950738022201  -28 163.558828293966 13.131867969769999  -28 165.81475830078099 12.874508643035099 
 0 9 0.032240500339600603 7 0.103802224158361 7 0.262785461009865 7 0.43334978705611199 7 0.62397861315582304 7 0.767161148012793 7 0.88248798929084704 7 1 9
7 0 0  8 23 4  22.751361910934399 84.750000000000199 13.467245551287601  22.719425458364199 83.5750784290301 13.362808469957301  22.689271716662098 82.342965099359404 13.251609417107201  22.6609405045531 81.035007130372406 13.1319538432024  22.634892331964998 79.637014583953203 13.0024718091378  22.612034182767299 78.138882520508702 12.8622291102371  22.5935297315865 76.537455397448397 12.7110789234364  22.580905700672101 74.833521807833904 12.5496754085385  22.5696866861263 71.2874979197355 12.214290068325401  22.571102387005201 69.493658355363905 12.044866835252799  22.580092538816402 67.745505873092597 11.880758267013199  22.5953962981513 66.075434064716404 11.7257836531221  22.6155261136206 64.500060968936694 11.5816050111144  22.639124408630899 63.023375514319 11.448437541532  22.6652127422579 61.639981046412203 11.3255398087834  22.733728070339701 58.456549383640997 11.047028408829499  22.778535594509101 56.731183242474302 10.899968414644899  22.8263398580272 55.118478067979801 10.7660200573465  22.876419009256999 53.603505475678503 10.6433931320705  22.928180004276498 52.169835649281602 10.530183998511699  22.981307182258 50.807097205814401 10.425132724664  23.0356201623195 49.503916347490403 10.326965755218501  23.091126470285001 48.250000000000199 10.234601795615401 
 0 9 0.29248078226010299 7 0.58209127313204201 7 1 9
7 0 0  8 51 8  28 -8.9748754501342791 6.3253687940947101  27.3476142374438 -8.9748754501342791 6.6772930494117402  26.675506130370401 -8.9748754501342791 7.0284129332587897  25.981981892320299 -8.9748754501342791 7.3786285845785002  25.2652208065685 -8.9748754501342791 7.72781767901993  24.5230839581053 -8.9748754501342791 8.0758238023034394  23.7529229656155 -8.9748754501342791 8.4224448235855398  22.951388713459501 -8.9748754501342791 8.7674212688238295  21.078453577332699 -8.9748754501342791 9.5348074708523995  19.9902309728419 -8.9748754501342702 9.9552449822498694  18.840005190986901 -8.9748754501343093 10.3720570846637  17.6143948625378 -8.9748754501342205 10.784541108212601  16.3025504828016 -8.97487545013432 11.1917103507694  14.8782692308971 -8.9748754501342507 11.5904801538097  13.3218329604671 -8.9748754501342791 11.977786198469699  10.5315152740296 -8.9748754501342791 12.5575640778129  9.4609517059787809 -8.9748754501342702 12.758537509552999  8.3082699776179396 -8.9748754501342791 12.951908390841901  7.0433676673922303 -8.9748754501342898 13.136527125631099  5.6415364050439702 -8.9748754501342791 13.3059233029435  4.0831479296434203 -8.9748754501342702 13.4481721965521  2.3528595993628101 -8.9748754501342791 13.5456528584052  -0.41400866533541503 -8.9748754501342702 13.5876246746757  -1.2966219979351199 -8.9748754501342791 13.586911620720601  -2.1880346121086398 -8.9748754501342791 13.570422601637899  -3.0713656349113498 -8.9748754501342702 13.538140323514799  -3.9339562412214 -8.9748754501342791 13.4914667382216  -4.7668992768132101 -8.9748754501342898 13.4326020956366  -5.5644616164337002 -8.9748754501342702 13.3640025506987  -7.1478130811345402 -8.9748754501342702 13.205267264439501  -7.9289527523795202 -8.9748754501342791 13.1135807775158  -8.6698144008902691 -8.9748754501342791 13.0149295883856  -9.3733860230283597 -8.9748754501342791 12.9109809236727  -10.042735427686599 -8.9748754501342791 12.803012608515401  -10.681098182732701 -8.9748754501342791 12.6919291623243  -11.2919655614532 -8.9748754501342791 12.5782778945413  -13.1755039219428 -8.9748754501342791 12.2061467111241  -14.3495875842566 -8.9748754501342791 11.939869040570001  -15.4356464468965 -8.9748754501342596 11.667322516261301  -16.448532963309699 -8.9748754501342702 11.3905888195019  -17.3995352501478 -8.9748754501343004 11.1110896310655  -18.298725511782401 -8.9748754501342791 10.829704320200999  -19.153120158747999 -8.9748754501342791 10.546610132339699  -21.196815552625701 -8.9748754501342791 9.8334903391485398  -22.334893141922699 -8.9748754501343004 9.4024041188732692  -23.4032417426873 -8.9748754501342596 8.9693535586136903  -24.412714848550799 -8.9748754501342702 8.53497928435422  -25.371323736194999 -8.9748754501343004 8.0997264411721996  -26.285575194363901 -8.9748754501342791 7.6638865598284802  -27.160360330801499 -8.9748754501342791 7.2275934054056998  -28 -8.9748754501342791 6.7908625051071603 
 0 9 0.18064360281733799 7 0.40414953748622501 7 0.53367931724309103 7 0.59134621496828099 7 0.65398822560589298 7 0.79227827291814601 7 1 9
7 0 0  7 38 7  23.091126470284902 48.25 10.234601795615401  23.145603527178199 47.019334969203001 10.143950536927401  23.1981203936516 45.747328882732901 10.0526314854527  23.248504845046899 44.427068451887102 9.9605784879074193  23.296480492425999 43.051028159391997 9.8678003953105602  23.341612861338501 41.609231088163597 9.7743871388379802  23.383344431058699 40.090001592892001 9.6805121107532806  23.448684922963199 37.254721119176203 9.5158744702182894  23.474118279147898 35.987034714344396 9.4454461159183598  23.496683818728901 34.653257560441801 9.3750175367653892  23.5157778184469 33.241477722019198 9.3048268713454991  23.5304149101372 31.739531893388701 9.2355347788273505  23.539342393970301 30.136164406660999 9.1682047027521794  23.5414186659156 27.185802292229599 9.0592099956972092  23.538397704124499 25.8968042234007 9.01566864475034  23.530737441654299 24.544261665725301 8.9747492019412096  23.517632248203899 23.133419013670601 8.9376087631583996  23.4983733165971 21.674964408993102 8.9055441530747004  23.472610547646202 20.188209158332299 8.8796996506872894  23.4111064255504 17.288356320103802 8.8417535753542698  23.375834512027701 15.877336363416701 8.8292083270077804  23.336287764393401 14.509447733663899 8.8229300221124891  23.293635458797802 13.1982742439611 8.8219934792700005  23.248892364428499 11.949670118369299 8.8253191208762605  23.2028145930297 10.763214994093699 8.83193522731057  23.091539181237501 8.0895375805801706 8.8536086704168309  23.025473006240802 6.6502427681404699 8.8708809857174593  22.958156546690201 5.2914880471926802 8.8911041325707902  22.889895639968302 4.0002529667036004 8.9131846395705505  22.8208201532908 2.76413137220585 8.9362720016851291  22.7508540525786 1.5723793727061799 8.9597867883649407  22.5907825940583 -1.0344483443433701 9.0125733142283107  22.500336252596998 -2.4256714630957599 9.0417085462492803  22.408049783093301 -3.77858698715078 9.0696576583107706  22.3136801452751 -5.1039563733722701 9.0955261205768103  22.217065654503699 -6.4087757049688499 9.1183379666925699  22.1181349941779 -7.69814370481929 9.1369695744135004  22.016919660419902 -8.97487564305621 9.1502008114270996 
 0 8 0.22882736122736499 6 0.40047987311773597 6 0.52229281396901905 6 0.63952691592766797 6 0.79974518990603205 6 1 8
Polygon3D 0
PolygonOnTriangulations 0
Surfaces 7
9 1 1 0 0 2 5 3 6 2 2 -34.568677760443499 -24.723691534757702 2.6110502628851702  1.0390937331865 -39.439968339222901 16.106687564065499 -0.83362910121360601  1.09847375877493 -18.598681205039199 56.126871220112101 18.534995728946999  0.88266779729017697 -36.6524724320902 87.779830285315896 13.3998706806327  1.0636904325754999 -29.574783143254901 132.406295029685 17.973444620484798  0.98453346297240096 -31.0457763671875 170 12.365898039494599  1 
-2.9025837878327199 -24.723691534757702 20.594904602655799  0.92181253362700399 -7.4036014304019302 12.446411687308499 49.3610595170788  0.80305248245012195 4.80954188395547 45.864318010951003 -25.9354693696366  1.23466440541967 -4.6183826092985498 102.927678066627 46.439986588781103  0.87261913484898301 0.318932293179088 127.25506288547599 10.9754352198352  1.0309330740552101 -0.52288818359375 170 12.365898039494599  1 
30 -24.723691534757702 4.98783875154363  1.0390937331865 29.999999999999801 16.106687564065499 4.8296627777235601  1.09847375877493 30.000000000000401 56.126871220112101 10.137340161503399  0.88266779729017697 29.999999999999801 87.779830285315896 17.182528546668401  1.0636904325754999 30 132.406295029685 16.981012709608599  0.98453346297240096 30 170 12.365898039494599  1 

-31.0457763671875 3
30 3

0 6
1 6

1 -28 165.81475830078099 -5 -0 1 0 1 0 0 0 0 -1 
10 6.1412086328045099 6.3196934165630401 0 48.777277435560102
6 0.10452846616578197 0 -0.99452189506366773 
8 6.1412086328045099 6.3196934165630401
2 -479.54757161196198 103 38.510070391259497 -0 0 -1 1 0 0 0 -1 -0 500
1 -28 -8.9748754501342791 -5 -1 -2.4492935982947099e-16 0 -2.4492935982947099e-16 1 0 -0 0 -1 
10 3.1050845442063402 3.1781007629732398 0 48.777277435560102
6 0.10452846616578197 0 -0.99452189506366773 
8 3.1050845442063402 3.1781007629732398
2 519.78608137886897 66.5 38.510070391259497 0 -0 1 1 0 0 -0 1 0 500
1 28 -8.9748754501342791 -5 0 -1 -0 -1 -0 0 -0 0 -1 
10 6.2466771977961404 6.3833527283411504 0 48.777277435560102
6 0.10452846616578197 0 -0.99452189506366773 
8 6.2466771977961404 6.3833527283411504
2 -479.54757161196198 30 38.510070391259497 -0 0 -1 1 0 0 0 -1 -0 500
Triangulations 0

TShapes 14
Ve
0.0194723691734758
19.2043262192714 165.814758303898 12.6948956587957
0 0

0101100
*
Ve
0.00775395415959978
-28.0000000000001 165.814758300781 12.874508643035
0 0

0101100
*
Ed
 0.00775395415959978 1 1 0
1  1 0 0.23361922615172 1
2  1 2 0 0.23361922615172 1
2  2 1 0 0.23361922615172 1
0

0101000
+14 0 -13 0 *
Ve
0.0194723691734758
22.7513619109344 84.7500000000002 13.4672455512876
0 0

0101100
*
Ed
 0.000518090159769241 1 1 0
1  2 0 0 1
2  3 1 0 0 1
2  4 3 0 0 1
0

0101000
+14 0 -11 0 *
Ve
0.00707315065627638
-28 -8.97487545013429 6.79086250510723
0 0

0101100
*
Ed
 0.000686582013929972 1 1 0
1  3 0 0 1
2  5 4 0 0 1
2  6 1 0 0 1
0

0101000
+9 0 -13 0 *
Ve
0.0194723691734758
23.091126470285 48.2500000000002 10.2346017956154
0 0

0101100
*
Ed
 0.000449048784825269 1 1 0
1  4 0 0 1
2  7 1 0 0 1
2  8 5 0 0 1
0

0101000
+11 0 -7 0 *
Ve
0.0194723691734758
22.0169196604199 -8.97487564305621 9.15020081142709
0 0

0101100
*
Ed
 0.00707315065627638 1 1 0
1  5 0 0.183263150911235 1
2  9 6 0 0.183263150911235 1
2  10 1 0 0.183263150911235 1
0

0101000
+5 0 -9 0 *
Ed
 0.000211999806206354 1 1 0
1  6 0 0 1
2  11 1 0 0 1
2  12 7 0 0 1
0

0101000
+7 0 -5 0 *
Wi

0101100
+12 0 -10 0 -8 0 -6 0 -4 0 -3 0 *
Fa
0  1e-07 1 0

0111000
+2 0 *

+1 0 
0

