DBRep_DrawableShape

CASCADE Topology V1, (c) Matra-Datavision
Locations 0
Curve2ds 6
1 0 70.710678118654755 1 0 
2 0 0 1 0 -0 1 30.618620813770953
1 6.2831853071795862 -0 0 1 
1 0 -0 0 1 
1 0 0 1 0 
2 0 0 1 0 -0 1 30.618620813770953
Curves 3
2 12.5 37.5 5.6843419707840003e-14 0.70710678118654746 0.70710678118654746 0 0.70710678118654757 -0.70710678118654757 0 0 0 -1 30.618620813770953
1 -15.849365592002993 -34.150634407997003 6.4342818902618224e-14 0.70710678118654757 0.70710678118654757 0 
2 -37.5 -12.5 5.6843419707840003e-14 0.70710678118654746 0.70710678118654746 0 0.70710678118654757 -0.70710678118654757 0 0 0 -1 30.618620813770953
Polygon3D 0
PolygonOnTriangulations 0
Surfaces 3
2 -37.5 -12.5 5.6843419707840003e-14 0.70710678118654746 0.70710678118654746 0 0.70710678118654757 -0.70710678118654757 0 0 0 -1 30.618620813770953
1 12.5 37.5 5.6843419707840003e-14 0.70710678118654746 0.70710678118654746 0 0.70710678118654757 -0.70710678118654757 0 0 0 -1 
1 -37.5 -12.5 5.6843419707840003e-14 0.70710678118654746 0.70710678118654746 0 0.70710678118654757 -0.70710678118654757 0 0 0 -1 
Triangulations 0

TShapes 14
Ve
1e-07
34.150634407997 15.849365592003 6.43428189026182e-14
0 0

0101101
*
Ed
 1e-07 1 1 0
1  1 0 0 6.28318530717959
2  1 1 0 0 6.28318530717959
2  2 2 0 0 6.28318530717959
0

0101100
+14 0 -14 0 *
Ve
1e-07
-15.849365592003 -34.150634407997 6.43428189026182e-14
0 0

0101101
*
Ed
 1e-07 1 1 0
1  2 0 0 70.7106781186548
3  3 4CN 1 0 0 70.7106781186548
0

0101000
-14 0 +12 0 *
Ed
 1e-07 1 1 0
1  3 0 0 6.28318530717959
2  5 1 0 0 6.28318530717959
2  6 3 0 0 6.28318530717959
0

0101100
+12 0 -12 0 *
Wi

0101000
-13 0 +11 0 +10 0 -11 0 *
Fa
0  1e-07 1 0

0111000
+9 0 *
Wi

0101000
+13 0 *
Fa
0  1e-07 2 0

0111000
+7 0 *
Wi

0101000
-10 0 *
Fa
0  1e-07 3 0

0111000
-5 0 *
Sh

0101100
+8 0 +6 0 -4 0 *
So

0100100
+3 0 *
Co

1100000
+2 0 *

+1 0 