DBRep_DrawableShape

CASCADE Topology V1, (c) Matra-Datavision
Locations 0
Curve2ds 16
1 0 0 1 0 
1 13.416407864999636 0 0 1 
1 0 0 0 1 
7 0 0  1 2 2  0 1  13.416407864999636 1 
 0 2 13.416407598437525 2
1 0 0 0 1 
1 24.877013813420728 0 0 1 
7 0 0  1 2 2  0 0  24.877014479819966 0 
 0 2 24.877013946695754 2
1 24.877014479819966 0 0 1 
1 0 0 0 1 
1 0 1 1 0 
7 0 0  1 2 2  0 0  13.41640786500056 0 
 0 2 13.416407598438422 2
1 13.41640786500056 0 0 1 
1 0 0 0 1 
1 0 1 1 0 
1 0 0 1 0 
7 0 0  1 2 2  0 1  24.877013813420728 1 
 0 2 24.877013280296509 2
Curves 12
1 16.00000023842 5 32.99999952316 -0.44721361327070558 -0.89442718211454175 0 
7 0 0  1 2 2  10 -6.999999880791 32.99999952316  9.9999982118609996 -6.999999880791 -7.3625296354290004 
 0 2 1 2
1 15.999997854229999 5 -7.3625296354290004 -0.44721357772909043 -0.89442719988534936 0 
7 0 0  1 2 2  16.00000023842 5 32.99999952316  15.999997854229999 5 -7.3625296354290004 
 0 2 1 2
1 10 -6.999999880791 32.99999952316 -0.89442717662404203 0.44721362425170419 0 
7 0 0  1 2 2  -12.250677347180002 4.1253396868709995 32.99999952316  -12.250679731370001 4.1253396868709995 -7.3625296354290004 
 0 2 1 2
1 9.9999982118609996 -6.999999880791 -7.3625296354290004 -0.89442718141602451 0.44721361466774018 0 
1 -12.25067734718 4.1253396868710004 32.99999952316 0.4472136221557072 0.89442717767204072 0 
7 0 0  1 2 2  -6.2506771087650002 16.125339269640001 32.99999952316  -6.2506788969039997 16.125339269640001 -7.3625296354290004 
 0 2 1 2
1 -12.250679731370001 4.1253396868710004 -7.3625296354290004 0.44721365769732069 0.89442715990123189 0 
1 -6.2506771087650002 16.125339269640001 32.99999952316 0.89442718141600808 -0.44721361466777293 0 
1 -6.2506788969039997 16.125339269640001 -7.3625296354290004 0.89442717662402571 -0.44721362425173727 0 
Polygon3D 0
PolygonOnTriangulations 0
Surfaces 6
9 0 0 0 0 1 1 2 2 2 2 16.00000023842 5 32.99999952316  15.999997854229999 5 -7.3625296354290004  
10 -6.999999880791 32.99999952316  9.9999982118609996 -6.999999880791 -7.3625296354290004  

0 2
13.416407864999636 2

0 2
1 2

9 0 0 0 0 1 1 2 2 2 2 10 -6.999999880791 32.99999952316  9.9999982118609996 -6.999999880791 -7.3625296354290004  
-12.250677347180002 4.1253396868709995 32.99999952316  -12.250679731370001 4.1253396868709995 -7.3625296354290004  

0 2
24.877014479819966 2

0 2
1 2

9 0 0 0 0 1 1 2 2 2 2 -6.2506771087650002 16.125339269640001 32.99999952316  -6.2506788969039997 16.125339269640001 -7.3625296354290004  
16.00000023842 5 32.99999952316  15.999997854229999 5 -7.3625296354290004  

0 2
24.877013813420728 2

0 2
1 2

9 0 0 0 0 1 1 2 2 2 2 -12.25067734718 4.1253396868710004 32.99999952316  -12.250679731370001 4.1253396868710004 -7.3625296354290004  
-6.2506771087650002 16.125339269640001 32.99999952316  -6.2506788969039997 16.125339269640001 -7.3625296354290004  

0 2
13.41640786500056 2

0 2
1 2

1 1.8746614456187498 4.5626697689300002 32.99999952316 -8.9169719076712023e-17 3.437607366639094e-16 1 0 1 -3.437607366639094e-16 -1 -3.0653048317924379e-32 -8.9169719076712023e-17 
1 1.8746593594542504 4.5626697689300002 -7.3625296354289995 -3.4515153851842166e-17 2.7903647306903677e-16 1 0 1 -2.7903647306903677e-16 -1 -9.6309867982532177e-33 -3.4515153851842166e-17 
Triangulations 0

TShapes 35
Ve
0.003
16.00000023842 5 32.99999952316
0 0

0101101
*
Ve
0.003
10 -6.999999880791 32.99999952316
0 0

0101101
*
Ed
 0.003 1 1 0
1  1 0 0 13.4164078649996
2  1 1 0 0 13.4164078649996
0

0101000
+35 0 -34 0 *
Ve
0.003
9.999998211861 -6.999999880791 -7.362529635429
0 0

0101101
*
Ed
 1e-07 1 1 0
1  2 0 0 1
2  2 1 0 0 1
2  3 2 0 0 1
0

0101000
+34 0 -32 0 *
Ve
0.003
15.99999785423 5 -7.362529635429
0 0

0101101
*
Ed
 0.003 1 1 0
1  3 0 0 13.4164075984375
2  4 1 0 0 13.4164075984375
0

0101000
+30 0 -32 0 *
Ed
 1e-07 1 1 0
1  4 0 0 1
2  5 1 0 0 1
2  6 3 0 0 1
0

0101000
+35 0 -30 0 *
Wi

0101000
+33 0 +31 0 -29 0 -28 0 *
Fa
0  1e-07 1 0

0111000
+27 0 *
Ve
0.003
-12.25067734718 4.125339686871 32.99999952316
0 0

0101101
*
Ed
 0.003 1 1 0
1  5 0 0 24.8770139466958
2  7 2 0 0 24.8770139466958
0

0101000
+34 0 -25 0 *
Ve
0.003
-12.25067973137 4.125339686871 -7.362529635429
0 0

0101101
*
Ed
 1e-07 1 1 0
1  6 0 0 1
2  8 2 0 0 1
2  9 4 0 0 1
0

0101000
+25 0 -23 0 *
Ed
 0.003 1 1 0
1  7 0 0 24.87701447982
2  10 2 0 0 24.87701447982
0

0101000
+32 0 -23 0 *
Wi

0101000
+24 0 +22 0 -21 0 -31 0 *
Fa
0  1e-07 2 0

0111000
+20 0 *
Ve
0.003
-6.250677108765 16.12533926964 32.99999952316
0 0

0101101
*
Ed
 0.003 1 1 0
1  8 0 0 13.4164075984384
2  11 4 0 0 13.4164075984384
0

0101000
+25 0 -18 0 *
Ve
0.003
-6.250678896904 16.12533926964 -7.362529635429
0 0

0101101
*
Ed
 1e-07 1 1 0
1  9 0 0 1
2  12 4 0 0 1
2  13 3 0 0 1
0

0101000
+18 0 -16 0 *
Ed
 0.003 1 1 0
1  10 0 0 13.4164078650006
2  14 4 0 0 13.4164078650006
0

0101000
+23 0 -16 0 *
Wi

0101000
+17 0 +15 0 -14 0 -22 0 *
Fa
0  1e-07 4 0

0101000
+13 0 *
Ed
 0.003 1 1 0
1  11 0 0 24.8770138134207
2  15 3 0 0 24.8770138134207
0

0101000
+18 0 -35 0 *
Ed
 0.003 1 1 0
1  12 0 0 24.8770132802965
2  16 3 0 0 24.8770132802965
0

0101000
+16 0 -30 0 *
Wi

0101000
+11 0 +28 0 -10 0 -15 0 *
Fa
0  1e-07 3 0

0101000
+9 0 *
Wi

0101100
+33 0 +24 0 +17 0 +11 0 *
Fa
0  0.003 5 0

0101100
-7 0 *
Wi

0101100
+29 0 +21 0 +14 0 +10 0 *
Fa
0  0.003 6 0

0101100
-5 0 *
Sh

0101100
+26 0 +19 0 +12 0 +8 0 +6 0 -4 0 *
So

0100000
+3 0 *
Co

1100000
+2 0 *

+1 0 