DBRep_DrawableShape

CASCADE Topology V1, (c) Matra-Datavision
Locations 0
Curve2ds 6
1 0 86.602540378443862 1 0 
2 0 0 1 0 -0 1 40.824827049249066
1 6.2831853071795862 -0 0 1 
1 0 -0 0 1 
1 0 0 1 0 
2 0 0 1 0 -0 1 40.824827049249066
Curves 3
2 -24.999999999999993 24.999999999999993 24.999999999999993 -0.57735026918962573 0.57735026918962573 0.57735026918962573 0.70710678118654746 0 0.70710678118654746 0.40824829046386302 0.81649658092772603 -0.40824829046386302 40.824827049249066
1 53.867512047292003 -25.000000000000007 3.8675120472920068 -0.57735026918962573 0.57735026918962573 0.57735026918962573 
2 25 -25 -25 -0.57735026918962573 0.57735026918962573 0.57735026918962573 0.70710678118654746 0 0.70710678118654746 0.40824829046386302 0.81649658092772603 -0.40824829046386302 40.824827049249066
Polygon3D 0
PolygonOnTriangulations 0
Surfaces 3
2 25 -25 -25 -0.57735026918962573 0.57735026918962573 0.57735026918962573 0.70710678118654746 0 0.70710678118654746 0.40824829046386302 0.81649658092772603 -0.40824829046386302 40.824827049249066
1 -24.999999999999993 24.999999999999993 24.999999999999993 -0.57735026918962573 0.57735026918962573 0.57735026918962573 0.70710678118654746 0 0.70710678118654746 0.40824829046386302 0.81649658092772603 -0.40824829046386302 
1 25 -25 -25 -0.57735026918962573 0.57735026918962573 0.57735026918962573 0.70710678118654746 0 0.70710678118654746 0.40824829046386302 0.81649658092772603 -0.40824829046386302 
Triangulations 0

TShapes 14
Ve
1e-07
3.86751204729201 25 53.867512047292
0 0

0101101
*
Ed
 1e-07 1 1 0
1  1 0 0 6.28318530717959
2  1 1 0 0 6.28318530717959
2  2 2 0 0 6.28318530717959
0

0101100
+14 0 -14 0 *
Ve
1e-07
53.867512047292 -25 3.86751204729201
0 0

0101101
*
Ed
 1e-07 1 1 0
1  2 0 0 86.6025403784439
3  3 4CN 1 0 0 86.6025403784439
0

0101000
-14 0 +12 0 *
Ed
 1e-07 1 1 0
1  3 0 0 6.28318530717959
2  5 1 0 0 6.28318530717959
2  6 3 0 0 6.28318530717959
0

0101100
+12 0 -12 0 *
Wi

0101000
-13 0 +11 0 +10 0 -11 0 *
Fa
0  1e-07 1 0

0111000
+9 0 *
Wi

0101000
+13 0 *
Fa
0  1e-07 2 0

0111000
+7 0 *
Wi

0101000
-10 0 *
Fa
0  1e-07 3 0

0111000
-5 0 *
Sh

0101100
+8 0 +6 0 -4 0 *
So

0100100
+3 0 *
Co

1100000
+2 0 *

+1 0 