DBRep_DrawableShape

CASCADE Topology V1, (c) Matra-Datavision
Locations 0
Curve2ds 6
1 0 28.867515868373097 1 0 
2 0 0 1 0 -0 1 40.824824098967042
1 6.2831853071795862 -0 0 1 
1 0 -0 0 1 
1 0 0 1 0 
2 0 0 1 0 -0 1 40.824824098967042
Curves 3
2 -8.3333361148830001 8.3333361148830001 8.3333361148830001 -0.57735026918962573 0.57735026918962573 0.57735026918962573 0.70710678118654746 0 0.70710678118654746 0.40824829046386302 0.81649658092772603 -0.40824829046386302 40.824824098967042
1 37.200841903685578 -8.3333319425580097 20.53417801856958 -0.57735026918962573 0.57735026918962573 0.57735026918962573 
2 8.3333319425580008 -8.3333319425580008 -8.3333319425580008 -0.57735026918962573 0.57735026918962573 0.57735026918962573 0.70710678118654746 0 0.70710678118654746 0.40824829046386302 0.81649658092772603 -0.40824829046386302 40.824824098967042
Polygon3D 0
PolygonOnTriangulations 0
Surfaces 3
2 8.3333319425580008 -8.3333319425580008 -8.3333319425580008 -0.57735026918962573 0.57735026918962573 0.57735026918962573 0.70710678118654746 0 0.70710678118654746 0.40824829046386302 0.81649658092772603 -0.40824829046386302 40.824824098967042
1 -8.3333361148830001 8.3333361148830001 8.3333361148830001 -0.57735026918962573 0.57735026918962573 0.57735026918962573 0.70710678118654746 0 0.70710678118654746 0.40824829046386302 0.81649658092772603 -0.40824829046386302 
1 8.3333319425580008 -8.3333319425580008 -8.3333319425580008 -0.57735026918962573 0.57735026918962573 0.57735026918962573 0.70710678118654746 0 0.70710678118654746 0.40824829046386302 0.81649658092772603 -0.40824829046386302 
Triangulations 0

TShapes 14
Ve
1e-07
20.5341738462446 8.33333611488299 37.2008460760106
0 0

0101101
*
Ed
 1e-07 1 1 0
1  1 0 0 6.28318530717959
2  1 1 0 0 6.28318530717959
2  2 2 0 0 6.28318530717959
0

0101100
+14 0 -14 0 *
Ve
1e-07
37.2008419036856 -8.33333194255801 20.5341780185696
0 0

0101101
*
Ed
 1e-07 1 1 0
1  2 0 0 28.8675158683731
3  3 4CN 1 0 0 28.8675158683731
0

0101000
-14 0 +12 0 *
Ed
 1e-07 1 1 0
1  3 0 0 6.28318530717959
2  5 1 0 0 6.28318530717959
2  6 3 0 0 6.28318530717959
0

0101100
+12 0 -12 0 *
Wi

0101000
-13 0 +11 0 +10 0 -11 0 *
Fa
0  1e-07 1 0

0111000
+9 0 *
Wi

0101000
+13 0 *
Fa
0  1e-07 2 0

0111000
+7 0 *
Wi

0101000
-10 0 *
Fa
0  1e-07 3 0

0111000
-5 0 *
Sh

0101100
+8 0 +6 0 -4 0 *
So

0100100
+3 0 *
Co

1100000
+2 0 *

+1 0 