DBRep_DrawableShape

CASCADE Topology V1, (c) Matra-Datavision
Locations 0
Curve2ds 4
1 0 0 0 1 
1 0 0 1 0 
1 1 0 0 1 
1 0 1 1 0 
Curves 3
6 0 10 0 0 -0.29999999999999999  0.40928065353957999 0.40928065353957999 -0.29999999999999999  0.76891833089059003 0.76891833089059003 -0.146845593656589  1.0752075400152199 1.0752075400152199 0.12953031665145301  1.3073314830706499 1.3073314830706499 0.50188507737156196  1.3603711171310899 1.3603711171310899 0.97391587288134696  1.4737683609891099 1.4737683609891099 1.45710919673038  1.6368237009603299 1.6368237009603299 1.9057164231863599  1.7324980567616799 1.7324980567616799 2.41250508424418  1.6988863524826501 1.6988863524826401 2.9040800232530701  1.41421356237316 1.41421356237308 2.9999999999999898  
6 0 10 0 0 -0.29999999999999999  0.149807116472984 0.55908777001256404 -0.29999999999999999  0.28144364254148502 1.0503619734320699 -0.146845593656589  0.39355327398614498 1.4687608140013599 0.12953031665145301  0.47851653397104699 1.7858480170416899 0.50188507737156196  0.497930387444603 1.8583015045756699 0.97391587288134696  0.53943665941577801 2.0132050204048602 1.45710919673038  0.59911905606794202 2.23594275702821 1.9057164231863399  0.63413830078191502 2.3666363575434701 2.4125050842442199  0.62183556315130695 2.3207219156337699 2.9040800232530399  0.51763809020516505 1.93185165257866 3.0000000000001199  
6 0 8 1.41421356237316 1.41421356237308 2.9999999999999898  1.32165350116152 1.5067736235847 2.9999999999999898  1.2221699635613601 1.59241020840783 2.9999999999999698  1.11636710388616 1.67051914858995 2.9999999999999698  1.00491247661963 1.74055946666494 2.99999999999998  0.88852846824424203 1.8020618462095499 2.9999999999999698  0.76798271194618895 1.85463534039026 2.99999999999998  0.64407748519591201 1.8979723187989801 3.0000000000000102  0.51763809020516505 1.93185165257866 3.0000000000001199  
Polygon3D 0
PolygonOnTriangulations 0
Surfaces 1
8 0 0 8 10 0 0 -0.29999999999999999  0.40928065353957999 0.40928065353957999 -0.29999999999999999  0.76891833089059003 0.76891833089059003 -0.146845593656589  1.0752075400152199 1.0752075400152199 0.12953031665145301  1.3073314830706499 1.3073314830706499 0.50188507737156196  1.3603711171310899 1.3603711171310899 0.97391587288134696  1.4737683609891099 1.4737683609891099 1.45710919673038  1.6368237009603299 1.6368237009603299 1.9057164231863599  1.7324980567616799 1.7324980567616799 2.41250508424418  1.6988863524826501 1.6988863524826401 2.9040800232530701  1.41421356237316 1.41421356237308 2.9999999999999898  
0 0 -0.29999999999999999  0.38249329740590499 0.43606800967325399 -0.29999999999999999  0.71859274381691496 0.81924391796426499 -0.146845593656589  1.00483537108197 1.14557970894848 0.12953031665145301  1.22176683759104 1.3928961285502599 0.50188507737156196  1.27133503571995 1.4494071985422301 0.97391587288134696  1.3773104473229401 1.57022627465529 1.45710919673038  1.5296938402486899 1.7439535616719699 1.9057164231863599  1.6191063241058199 1.8458897894175299 2.41250508424418  1.58769450072758 1.8100782042376999 2.9040800232530701  1.32165350116152 1.5067736235847 2.9999999999999898  
0 0 -0.29999999999999999  0.35370225171892999 0.460851676253628 -0.29999999999999999  0.664502811632806 0.86580515992750595 -0.146845593656589  0.95268823527929802 1.25137194925435 0.13832405083132701  1.19691299747512 1.5883002600851299 0.53203502313113005  1.28749078079141 1.7255162409219 1.0367282598804499  1.4078595503445701 1.8919485663923801 1.55760901592894  1.5319949799827699 2.0464896140395399 2.0376224358844701  1.55986986716831 2.0592902331038401 2.5532048311221698  1.4681855179103001 1.9129529249305699 3.0096048334115499  1.2221699635613601 1.59241020840783 2.9999999999999698  
0 0 -0.29999999999999999  0.32308236183359101 0.48345680389177098 -0.29999999999999999  0.60697701748868704 0.90827356605119902 -0.146845593656589  0.89573660394382504 1.3514410226412901 0.14711778501120101  1.16621743096077 1.7767456641022299 0.56218496889069802  1.29756779528114 1.9943842338433799 1.0995406468795501  1.43577952752287 2.2126787474534502 1.66204487641557  1.55913714007197 2.39600730190174 2.2015187510035101  1.60899713351496 2.4645690943942902 2.8094149462121498  1.56078076239339 2.3873086572872699 3.33369953852233  1.11636710388616 1.67051914858995 2.9999999999999698  
0 0 -0.29999999999999999  0.29082682143903099 0.50372683093616399 -0.29999999999999999  0.54637831567450301 0.94635500290214603 -0.146845593656589  0.82039469433141599 1.4209652928419501 0.15063527868314999  1.0900306252102501 1.8879884246702301 0.57424494719452501  1.23509719242033 2.1392510895576899 1.1246656016791901  1.3946842783009501 2.4156640305347699 1.7234994270505599  1.65075358601553 2.8591890817554102 2.42702878915575  2.1244816926071501 3.6797102313455001 3.4894508333081502  2.6132471740855099 4.5262768782518599 4.5561868953281097  1.00491247661963 1.74055946666494 2.99999999999998  
0 0 -0.29999999999999999  0.25714469288590902 0.521525934808451 -0.29999999999999999  0.483099473041878 0.97979429968411302 -0.146845593656589  0.72251395535186302 1.4514511654355999 0.14711778501120101  0.95559816569599498 1.8983467535993701 0.56218496889069802  1.0784035137749699 2.1209187907677198 1.0995406468795501  1.19834624194718 2.3497609187951398 1.66204487641557  1.29543462106394 2.5482560222370099 2.2015187510035101  1.32988087836999 2.62571693943742 2.8094149462121498  1.28707956268861 2.5453301186143098 3.33369953852233  0.88852846824424203 1.8020618462095499 2.9999999999999698  
0 0 -0.29999999999999999  0.222258133152819 0.53674097349116501 -0.29999999999999999  0.41755785740846602 1.0083788957239499 -0.146845593656589  0.60737577999787495 1.4507381882656101 0.13832405083132701  0.77705187533358899 1.8307071919758 0.53203502313113005  0.85059550888528901 1.97775784376457 1.0367282598804499  0.93454574597706697 2.1652164187551102 1.55760901592894  1.0063145043478701 2.3499913781550701 2.0376224358844701  1.00346272204895 2.3805320481174999 2.5532048311221698  0.92257307027846702 2.2279624184439601 3.0096048334115499  0.76798271194618895 1.85463534039026 2.99999999999998  
0 0 -0.29999999999999999  0.18639932545180399 0.54928291716741795 -0.29999999999999999  0.35018967294449099 1.0319415301027399 -0.146845593656589  0.48968344446838002 1.4430028124523799 0.12953031665145301  0.59540001336200599 1.75452918313034 0.50188507737156196  0.61955593650563801 1.82571203692578 0.97391587288134696  0.67120061987981905 1.9778989736070001 1.45710919673038  0.74546116730393297 2.1967305065038998 1.9057164231863499  0.78903428816896404 2.3251321028123901 2.4125050842442  0.77372645734254797 2.2800228731977001 2.9040800232530501  0.64407748519591201 1.8979723187989801 3.0000000000000102  
0 0 -0.29999999999999999  0.149807116472984 0.55908777001256404 -0.29999999999999999  0.28144364254148502 1.0503619734320699 -0.146845593656589  0.39355327398614498 1.4687608140013599 0.12953031665145301  0.47851653397104699 1.7858480170416899 0.50188507737156196  0.497930387444603 1.8583015045756699 0.97391587288134696  0.53943665941577801 2.0132050204048602 1.45710919673038  0.59911905606794202 2.23594275702821 1.9057164231863399  0.63413830078191502 2.3666363575434701 2.4125050842442199  0.62183556315130695 2.3207219156337699 2.9040800232530399  0.51763809020516505 1.93185165257866 3.0000000000001199  

Triangulations 0

TShapes 9
Ve
1e-07
0 0 -0.3
0 0

0101100
*
Ve
1e-07
1.41421356237315 1.4142135623731 2.99999999999999
0 0

0101100
*
Ed
 1e-07 1 1 0
1  1 0 0 1
2  1 1 0 0 1
0

0101000
+9 0 -8 0 *
Ed
 1e-07 1 1 1
2  2 1 0 0 1
0

0101000
+9 0 -9 0 *
Ve
1e-07
0.517638090204839 1.93185165257971 3.00000000000012
0 0

0101100
*
Ed
 1e-07 1 1 0
1  2 0 0 1
2  3 1 0 0 1
0

0101000
+9 0 -5 0 *
Ed
 1e-07 1 1 0
1  3 0 0 1
2  4 1 0 0 1
0

0101000
+8 0 -5 0 *
Wi

0101100
-7 0 +6 0 +4 0 -3 0 *
Fa
1  1e-07 1 0

0111000
+2 0 *

+1 0 
0

