DBRep_DrawableShape

CASCADE Topology V1, (c) Matra-Datavision
Locations 0
Curve2ds 13
2 0 0 1 0 -0 1 78.965394868956594
1 0 1.5707963267949001 1 0 
1 0 3.12413953542314 1 0 
1 0 1.9653948689566201 1 0 
2 78.965394868956594 142 1 0 -0 1 2
1 6.2831853071795898 0 0 1 
1 0 0 0 1 
1 6.2831853071795898 0 0 1 
1 0 0 0 1 
1 6.2831853071795898 0 0 1 
1 0 0 0 1 
1 6.2831853071795898 0 0 1 
1 0 0 0 1 
Curves 3
2 0 -144 0 -0 1 -0 0 0 1 1 0 -0 78.965394868956594
2 0 -142.034904464221 0 -0 1 -0 0 0 1 1 0 -0 76.9656994725581
2 0 -142 78.965394868956594 1 0 -0 0 0 1 0 -1 0 2
Polygon3D 0
PolygonOnTriangulations 6
37 37 38 39 40 41 42 43 44 45 46 47 48 49 50 51 52 53 54 55 56 57 58 59 60 61 62 63 64 65 66 67 68 69 70 71 72 37 
p 0.711881423331579 1 0 0.174532925199433 0.349065850398866 0.523598775598299 0.698131700797732 0.872664625997165 1.0471975511966 1.22173047639603 1.39626340159546 1.5707963267949 1.74532925199433 1.91986217719376 2.0943951023932 2.26892802759263 2.44346095279206 2.61799387799149 2.79252680319093 2.96705972839036 3.14159265358979 3.31612557878922 3.49065850398866 3.66519142918809 3.83972435438752 4.01425727958696 4.18879020478639 4.36332312998582 4.53785605518525 4.71238898038469 4.88692190558412 5.06145483078355 5.23598775598299 5.41052068118242 5.58505360638185 5.75958653158128 5.93411945678072 6.10865238198015 6.28318530717959 
37 1 2 3 4 5 6 7 8 9 10 11 12 13 14 15 16 17 18 19 20 21 22 23 24 25 26 27 28 29 30 31 32 33 34 35 36 37 
p 1.75623079052411 1 0 0.174532925199433 0.349065850398866 0.523598775598299 0.698131700797732 0.872664625997165 1.0471975511966 1.22173047639603 1.39626340159546 1.5707963267949 1.74532925199433 1.91986217719376 2.0943951023932 2.26892802759263 2.44346095279206 2.61799387799149 2.79252680319093 2.96705972839036 3.14159265358979 3.31612557878922 3.49065850398866 3.66519142918809 3.83972435438752 4.01425727958696 4.18879020478639 4.36332312998582 4.53785605518525 4.71238898038469 4.88692190558412 5.06145483078355 5.23598775598299 5.41052068118242 5.58505360638185 5.75958653158128 5.93411945678072 6.10865238198015 6.28318530717959 
37 1 2 3 4 5 6 7 8 9 10 11 12 13 14 15 16 17 18 19 20 21 22 23 24 25 26 27 28 29 30 31 32 33 34 35 36 37 
p 0.711881423331579 1 0 0.174532925199433 0.349065850398866 0.523598775598299 0.698131700797732 0.872664625997165 1.0471975511966 1.22173047639603 1.39626340159546 1.5707963267949 1.74532925199433 1.91986217719376 2.0943951023932 2.26892802759263 2.44346095279206 2.61799387799149 2.79252680319093 2.96705972839036 3.14159265358979 3.31612557878922 3.49065850398866 3.66519142918809 3.83972435438752 4.01425727958696 4.18879020478639 4.36332312998582 4.53785605518525 4.71238898038469 4.88692190558412 5.06145483078355 5.23598775598299 5.41052068118242 5.58505360638185 5.75958653158128 5.93411945678072 6.10865238198015 6.28318530717959 
37 38 39 40 41 42 43 44 45 46 47 48 49 50 51 52 53 54 55 56 57 58 59 60 61 62 63 64 65 66 67 68 69 70 71 72 73 74 
p 1.75623079052411 1 0 0.174532925199433 0.349065850398866 0.523598775598299 0.698131700797732 0.872664625997165 1.0471975511966 1.22173047639603 1.39626340159546 1.5707963267949 1.74532925199433 1.91986217719376 2.0943951023932 2.26892802759263 2.44346095279206 2.61799387799149 2.79252680319093 2.96705972839036 3.14159265358979 3.31612557878922 3.49065850398866 3.66519142918809 3.83972435438752 4.01425727958696 4.18879020478639 4.36332312998582 4.53785605518525 4.71238898038469 4.88692190558412 5.06145483078355 5.23598775598299 5.41052068118242 5.58505360638185 5.75958653158128 5.93411945678072 6.10865238198015 6.28318530717959 
5 37 78 79 80 74 
p 0.086578196000894 1 1.5707963267949 1.95913212895196 2.34746793110902 2.73580373326608 3.12413953542314 
5 1 75 76 77 38 
p 0.086578196000894 1 1.5707963267949 1.95913212895196 2.34746793110902 2.73580373326608 3.12413953542314 
Surfaces 7
5 0 -142 0 0 -1 0 0 0 1 1 -0 -0 78.965394868956594 2
1 0 -144 0 -0 1 -0 0 0 1 1 0 -0 
3 0 -144 0 -0 1 -0 0 0 1 1 0 -0 77
-0.017453118166651401
1 0 0 0 1 0 0 0 0 1 0 -1 0 
5 0 -142 0 0 -1 0 0 0 1 1 -0 -0 78.965394868956594 2
5 0 -142 0 0 -1 0 0 0 1 1 -0 -0 78.965394868956594 2
5 0 -142 0 0 -1 0 0 0 1 1 -0 -0 78.965394868956594 2
Triangulations 3
185 288 1 0.9214044932625
0 -144 78.9653948689566 13.7121969177439 -144 77.7657330866189 27.0077556708486 -144 74.203198855804 39.4826974344783 -144 68.3860379763858 50.7579774157703 -144 60.4910019380601 60.4910019380601 -144 50.7579774157703 68.3860379763858 -144 39.4826974344783 74.2031988558039 -144 27.0077556708486 77.7657330866189 -144 13.7121969177439 78.9653948689566 -144 4.83523590348373e-15 77.7657330866189 -144 -13.7121969177439 74.203198855804 -144 -27.0077556708486 68.3860379763858 -144 -39.4826974344783 60.4910019380601 -144 -50.7579774157703 50.7579774157704 -144 -60.49100193806 39.4826974344784 -144 -68.3860379763858 27.0077556708486 -144 -74.2031988558039 13.712196917744 -144 -77.7657330866189 1.14873511245527e-13 -144 -78.9653948689566 -13.7121969177438 -144 -77.7657330866189 -27.0077556708484 -144 -74.203198855804 -39.4826974344782 -144 -68.3860379763859 -50.7579774157702 -144 -60.4910019380602 -60.49100193806 -144 -50.7579774157705 -68.3860379763857 -144 -39.4826974344785 -74.2031988558039 -144 -27.0077556708487 -77.7657330866189 -144 -13.7121969177441 -78.9653948689566 -144 -2.2491178658757e-13 -77.7657330866189 -144 13.7121969177436 -74.203198855804 -144 27.0077556708483 -68.3860379763859 -144 39.4826974344781 -60.4910019380603 -144 50.7579774157701 -50.7579774157706 -144 60.4910019380599 -39.4826974344786 -144 68.3860379763856 -27.0077556708489 -144 74.2031988558038 -13.7121969177442 -144 77.7657330866188 0 -144 78.9653948689566 0 -142.034904464221 76.9656994725581 13.3649534562703 -142.034904464221 75.7964175565828 26.3238195647647 -142.034904464221 72.3240998479887 38.482849736279 -142.034904464221 66.6542509632739 49.4725979918181 -142.034904464221 58.9591463917184 58.9591463917184 -142.034904464221 49.4725979918182 66.6542509632739 -142.034904464221 38.4828497362791 72.3240998479887 -142.034904464221 26.3238195647647 75.7964175565828 -142.034904464221 13.3649534562703 76.9656994725581 -142.034904464221 4.71278987516027e-15 75.7964175565828 -142.034904464221 -13.3649534562703 72.3240998479887 -142.034904464221 -26.3238195647647 66.6542509632739 -142.034904464221 -38.482849736279 58.9591463917184 -142.034904464221 -49.4725979918181 49.4725979918182 -142.034904464221 -58.9591463917184 38.4828497362791 -142.034904464221 -66.6542509632738 26.3238195647647 -142.034904464221 -72.3240998479887 13.3649534562704 -142.034904464221 -75.7964175565828 1.11964489743298e-13 -142.034904464221 -76.9656994725581 -13.3649534562702 -142.034904464221 -75.7964175565828 -26.3238195647645 -142.034904464221 -72.3240998479888 -38.4828497362789 -142.034904464221 -66.654250963274 -49.472597991818 -142.034904464221 -58.9591463917185 -58.9591463917183 -142.034904464221 -49.4725979918183 -66.6542509632738 -142.034904464221 -38.4828497362792 -72.3240998479886 -142.034904464221 -26.3238195647648 -75.7964175565828 -142.034904464221 -13.3649534562705 -76.9656994725581 -142.034904464221 -2.19216189611435e-13 -75.7964175565829 -142.034904464221 13.3649534562701 -72.3240998479888 -142.034904464221 26.3238195647644 -66.654250963274 -142.034904464221 38.4828497362788 -58.9591463917186 -142.034904464221 49.4725979918179 -49.4725979918184 -142.034904464221 58.9591463917182 -38.4828497362793 -142.034904464221 66.6542509632737 -26.323819564765 -142.034904464221 72.3240998479886 -13.3649534562707 -142.034904464221 75.7964175565828 0 -142.034904464221 76.9656994725581 0 -143.851080975026 78.2080975535662 0 -143.426500776103 77.5635762159993 0 -142.789487472477 77.1278123454215 0 -143.851080975026 78.2080975535662 0 -143.426500776103 77.5635762159993 0 -142.789487472477 77.1278123454215 -13.3931040612198 -142.789487472477 75.9560675706417 -13.4687736632387 -143.426500776103 76.3852112088694 -13.5806936189746 -143.851080975026 77.0199408190871 -26.3792654327767 -142.789487472477 72.4764361183528 -26.5283054542478 -143.426500776103 72.8859202119399 -26.7487447344989 -143.851080975026 73.4915721567905 -38.563906172711 -142.789487472477 66.7946448294539 -38.781788108 -143.426500776103 67.1720274114258 -39.1040487767834 -143.851080975026 67.7301992630398 -49.5768021378657 -142.789487472477 59.0833320571333 -49.8569057546222 -143.426500776103 59.4171465487014 -50.2711960845887 -143.851080975026 59.9108785378162 -59.0833320571336 -142.789487472477 49.5768021378652 -59.4171465487018 -143.426500776103 49.8569057546217 -59.9108785378165 -143.851080975026 50.2711960845883 -66.7946448294542 -142.789487472477 38.5639061727105 -67.1720274114261 -143.426500776103 38.7817881079994 -67.7301992630401 -143.851080975026 39.1040487767829 -72.476436118353 -142.789487472477 26.3792654327761 -72.8859202119401 -143.426500776103 26.5283054542473 -73.4915721567907 -143.851080975026 26.7487447344984 -75.9560675706418 -142.789487472477 13.3931040612192 -76.3852112088695 -143.426500776103 13.4687736632381 -77.0199408190872 -143.851080975026 13.5806936189741 -77.1278123454215 -142.789487472477 -2.19677924728762e-13 -77.5635762159993 -143.426500776103 -2.20919081450951e-13 -78.2080975535662 -143.851080975026 -2.22754827929096e-13 -75.9560675706417 -142.789487472477 -13.3931040612196 -76.3852112088694 -143.426500776103 -13.4687736632385 -77.0199408190871 -143.851080975026 -13.5806936189745 -72.4764361183528 -142.789487472477 -26.3792654327765 -72.8859202119399 -143.426500776103 -26.5283054542477 -73.4915721567906 -143.851080975026 -26.7487447344988 -66.794644829454 -142.789487472477 -38.5639061727109 -67.1720274114258 -143.426500776103 -38.7817881079998 -67.7301992630399 -143.851080975026 -39.1040487767833 -59.0833320571333 -142.789487472477 -49.5768021378656 -59.4171465487015 -143.426500776103 -49.8569057546221 -59.9108785378162 -143.851080975026 -50.2711960845886 -49.5768021378653 -142.789487472477 -59.0833320571336 -49.8569057546218 -143.426500776103 -59.4171465487017 -50.2711960845884 -143.851080975026 -59.9108785378165 -38.5639061727106 -142.789487472477 -66.7946448294541 -38.7817881079995 -143.426500776103 -67.172027411426 -39.104048776783 -143.851080975026 -67.73019926304 -26.3792654327762 -142.789487472477 -72.4764361183529 -26.5283054542474 -143.426500776103 -72.88592021194 -26.7487447344985 -143.851080975026 -73.4915721567907 -13.3931040612193 -142.789487472477 -75.9560675706418 -13.4687736632382 -143.426500776103 -76.3852112088695 -13.5806936189742 -143.851080975026 -77.0199408190871 1.12200320577232e-13 -142.789487472477 -77.1278123454215 1.12834240359059e-13 -143.426500776103 -77.5635762159993 1.13771846372957e-13 -143.851080975026 -78.2080975535662 13.3931040612195 -142.789487472477 -75.9560675706418 13.4687736632384 -143.426500776103 -76.3852112088694 13.5806936189744 -143.851080975026 -77.0199408190871 26.3792654327764 -142.789487472477 -72.4764361183528 26.5283054542476 -143.426500776103 -72.8859202119399 26.7487447344987 -143.851080975026 -73.4915721567906 38.5639061727108 -142.789487472477 -66.794644829454 38.7817881079997 -143.426500776103 -67.1720274114259 39.1040487767832 -143.851080975026 -67.7301992630399 49.5768021378655 -142.789487472477 -59.0833320571334 49.856905754622 -143.426500776103 -59.4171465487016 50.2711960845886 -143.851080975026 -59.9108785378163 59.0833320571335 -142.789487472477 -49.5768021378654 59.4171465487017 -143.426500776103 -49.8569057546219 59.9108785378164 -143.851080975026 -50.2711960845885 66.7946448294541 -142.789487472477 -38.5639061727107 67.1720274114259 -143.426500776103 -38.7817881079997 67.73019926304 -143.851080975026 -39.1040487767831 72.4764361183529 -142.789487472477 -26.3792654327763 72.88592021194 -143.426500776103 -26.5283054542475 73.4915721567906 -143.851080975026 -26.7487447344986 75.9560675706418 -142.789487472477 -13.3931040612194 76.3852112088695 -143.426500776103 -13.4687736632383 77.0199408190871 -143.851080975026 -13.5806936189743 77.1278123454215 -142.789487472477 4.72271642570291e-15 77.5635762159993 -143.426500776103 4.74939926716727e-15 78.2080975535662 -143.851080975026 4.78886481681894e-15 75.9560675706418 -142.789487472477 13.3931040612194 76.3852112088695 -143.426500776103 13.4687736632384 77.0199408190871 -143.851080975026 13.5806936189743 72.4764361183529 -142.789487472477 26.3792654327763 72.88592021194 -143.426500776103 26.5283054542475 73.4915721567906 -143.851080975026 26.7487447344986 66.7946448294541 -142.789487472477 38.5639061727108 67.1720274114259 -143.426500776103 38.7817881079997 67.7301992630399 -143.851080975026 39.1040487767831 59.0833320571334 -142.789487472477 49.5768021378654 59.4171465487016 -143.426500776103 49.8569057546219 59.9108785378163 -143.851080975026 50.2711960845885 49.5768021378654 -142.789487472477 59.0833320571334 49.8569057546219 -143.426500776103 59.4171465487016 50.2711960845885 -143.851080975026 59.9108785378163 38.5639061727107 -142.789487472477 66.7946448294541 38.7817881079997 -143.426500776103 67.1720274114259 39.1040487767831 -143.851080975026 67.73019926304 26.3792654327763 -142.789487472477 72.4764361183529 26.5283054542475 -143.426500776103 72.88592021194 26.7487447344986 -143.851080975026 73.4915721567906 13.3931040612194 -142.789487472477 75.9560675706418 13.4687736632383 -143.426500776103 76.3852112088695 13.5806936189743 -143.851080975026 77.0199408190871 0 1.5707963267949 0.174532925199433 1.5707963267949 0.349065850398866 1.5707963267949 0.523598775598299 1.5707963267949 0.698131700797732 1.5707963267949 0.872664625997165 1.5707963267949 1.0471975511966 1.5707963267949 1.22173047639603 1.5707963267949 1.39626340159546 1.5707963267949 1.5707963267949 1.5707963267949 1.74532925199433 1.5707963267949 1.91986217719376 1.5707963267949 2.0943951023932 1.5707963267949 2.26892802759263 1.5707963267949 2.44346095279206 1.5707963267949 2.61799387799149 1.5707963267949 2.79252680319093 1.5707963267949 2.96705972839036 1.5707963267949 3.14159265358979 1.5707963267949 3.31612557878922 1.5707963267949 3.49065850398866 1.5707963267949 3.66519142918809 1.5707963267949 3.83972435438752 1.5707963267949 4.01425727958696 1.5707963267949 4.18879020478639 1.5707963267949 4.36332312998582 1.5707963267949 4.53785605518525 1.5707963267949 4.71238898038469 1.5707963267949 4.88692190558412 1.5707963267949 5.06145483078355 1.5707963267949 5.23598775598299 1.5707963267949 5.41052068118242 1.5707963267949 5.58505360638185 1.5707963267949 5.75958653158128 1.5707963267949 5.93411945678072 1.5707963267949 6.10865238198015 1.5707963267949 6.28318530717959 1.5707963267949 0 3.12413953542314 0.174532925199433 3.12413953542314 0.349065850398866 3.12413953542314 0.523598775598299 3.12413953542314 0.698131700797732 3.12413953542314 0.872664625997165 3.12413953542314 1.0471975511966 3.12413953542314 1.22173047639603 3.12413953542314 1.39626340159546 3.12413953542314 1.5707963267949 3.12413953542314 1.74532925199433 3.12413953542314 1.91986217719376 3.12413953542314 2.0943951023932 3.12413953542314 2.26892802759263 3.12413953542314 2.44346095279206 3.12413953542314 2.61799387799149 3.12413953542314 2.79252680319093 3.12413953542314 2.96705972839036 3.12413953542314 3.14159265358979 3.12413953542314 3.31612557878922 3.12413953542314 3.49065850398866 3.12413953542314 3.66519142918809 3.12413953542314 3.83972435438752 3.12413953542314 4.01425727958696 3.12413953542314 4.18879020478639 3.12413953542314 4.36332312998582 3.12413953542314 4.53785605518525 3.12413953542314 4.71238898038469 3.12413953542314 4.88692190558412 3.12413953542314 5.06145483078355 3.12413953542314 5.23598775598299 3.12413953542314 5.41052068118242 3.12413953542314 5.58505360638185 3.12413953542314 5.75958653158128 3.12413953542314 5.93411945678072 3.12413953542314 6.10865238198015 3.12413953542314 6.28318530717959 3.12413953542314 0 1.95913212895196 0 2.34746793110902 0 2.73580373326608 6.28318530717959 1.95913212895196 6.28318530717959 2.34746793110902 6.28318530717959 2.73580373326608 6.10865238198015 2.73580373326608 6.10865238198015 2.34746793110902 6.10865238198015 1.95913212895196 5.93411945678072 2.73580373326608 5.93411945678072 2.34746793110902 5.93411945678072 1.95913212895196 5.75958653158128 2.73580373326608 5.75958653158128 2.34746793110902 5.75958653158128 1.95913212895196 5.58505360638185 2.73580373326608 5.58505360638185 2.34746793110902 5.58505360638185 1.95913212895196 5.41052068118242 2.73580373326608 5.41052068118242 2.34746793110902 5.41052068118242 1.95913212895196 5.23598775598299 2.73580373326608 5.23598775598299 2.34746793110902 5.23598775598299 1.95913212895196 5.06145483078355 2.73580373326608 5.06145483078355 2.34746793110902 5.06145483078355 1.95913212895196 4.88692190558412 2.73580373326608 4.88692190558412 2.34746793110902 4.88692190558412 1.95913212895196 4.71238898038469 2.73580373326608 4.71238898038469 2.34746793110902 4.71238898038469 1.95913212895196 4.53785605518525 2.73580373326608 4.53785605518525 2.34746793110902 4.53785605518525 1.95913212895196 4.36332312998582 2.73580373326608 4.36332312998582 2.34746793110902 4.36332312998582 1.95913212895196 4.18879020478639 2.73580373326608 4.18879020478639 2.34746793110902 4.18879020478639 1.95913212895196 4.01425727958696 2.73580373326608 4.01425727958696 2.34746793110902 4.01425727958696 1.95913212895196 3.83972435438752 2.73580373326608 3.83972435438752 2.34746793110902 3.83972435438752 1.95913212895196 3.66519142918809 2.73580373326608 3.66519142918809 2.34746793110902 3.66519142918809 1.95913212895196 3.49065850398866 2.73580373326608 3.49065850398866 2.34746793110902 3.49065850398866 1.95913212895196 3.31612557878922 2.73580373326608 3.31612557878922 2.34746793110902 3.31612557878922 1.95913212895196 3.14159265358979 2.73580373326608 3.14159265358979 2.34746793110902 3.14159265358979 1.95913212895196 2.96705972839036 2.73580373326608 2.96705972839036 2.34746793110902 2.96705972839036 1.95913212895196 2.79252680319093 2.73580373326608 2.79252680319093 2.34746793110902 2.79252680319093 1.95913212895196 2.61799387799149 2.73580373326608 2.61799387799149 2.34746793110902 2.61799387799149 1.95913212895196 2.44346095279206 2.73580373326608 2.44346095279206 2.34746793110902 2.44346095279206 1.95913212895196 2.26892802759263 2.73580373326608 2.26892802759263 2.34746793110902 2.26892802759263 1.95913212895196 2.0943951023932 2.73580373326608 2.0943951023932 2.34746793110902 2.0943951023932 1.95913212895196 1.91986217719376 2.73580373326608 1.91986217719376 2.34746793110902 1.91986217719376 1.95913212895196 1.74532925199433 2.73580373326608 1.74532925199433 2.34746793110902 1.74532925199433 1.95913212895196 1.5707963267949 2.73580373326608 1.5707963267949 2.34746793110902 1.5707963267949 1.95913212895196 1.39626340159546 2.73580373326608 1.39626340159546 2.34746793110902 1.39626340159546 1.95913212895196 1.22173047639603 2.73580373326608 1.22173047639603 2.34746793110902 1.22173047639603 1.95913212895196 1.0471975511966 2.73580373326608 1.0471975511966 2.34746793110902 1.0471975511966 1.95913212895196 0.872664625997165 2.73580373326608 0.872664625997165 2.34746793110902 0.872664625997165 1.95913212895196 0.698131700797732 2.73580373326608 0.698131700797732 2.34746793110902 0.698131700797732 1.95913212895196 0.523598775598299 2.73580373326608 0.523598775598299 2.34746793110902 0.523598775598299 1.95913212895196 0.349065850398866 2.73580373326608 0.349065850398866 2.34746793110902 0.349065850398866 1.95913212895196 0.174532925199433 2.73580373326608 0.174532925199433 2.34746793110902 0.174532925199433 1.95913212895196 1 2 185 1 185 75 185 2 3 185 3 182 75 185 184 182 4 179 176 4 5 7 170 6 5 6 173 167 7 8 4 182 3 185 182 181 76 75 184 182 179 181 176 179 4 178 179 176 184 181 180 184 185 181 178 181 179 181 178 177 176 175 178 76 184 183 173 170 169 170 173 6 167 170 7 170 167 169 175 172 171 172 175 173 169 172 173 172 169 168 167 166 169 173 175 176 176 5 173 178 175 174 8 9 167 9 10 161 11 12 155 12 13 152 10 11 158 14 15 146 15 16 143 17 18 137 18 19 134 16 17 140 13 14 149 166 164 163 161 164 9 158 161 10 160 164 161 155 154 158 161 158 157 152 155 12 152 151 155 158 11 155 166 167 164 148 152 149 146 149 14 143 146 15 145 149 146 139 143 140 137 140 17 134 137 18 136 140 137 143 16 140 142 146 143 152 13 149 136 137 134 19 20 134 164 167 9 169 166 165 77 183 39 77 76 183 180 177 41 180 181 177 177 178 174 177 174 42 184 180 183 183 180 40 165 163 162 160 163 164 157 160 161 159 163 160 171 168 44 171 172 168 168 169 165 168 165 45 160 157 159 171 174 175 166 163 165 174 171 43 38 77 39 39 183 40 41 177 42 42 174 43 180 41 40 44 168 45 44 43 171 159 162 163 47 162 159 46 45 162 47 46 162 47 159 156 165 162 45 159 157 156 154 151 150 151 154 155 156 153 49 153 156 154 150 153 154 153 150 50 151 148 150 154 156 157 148 145 147 145 148 149 142 145 146 147 145 144 139 138 142 145 142 141 136 139 140 135 139 136 142 143 139 148 147 150 151 152 148 150 147 51 156 49 48 144 51 147 153 50 49 50 150 51 52 51 144 144 141 52 141 138 54 138 141 142 135 138 139 138 135 55 54 53 141 55 54 138 55 135 132 141 53 52 144 145 141 135 136 133 156 48 47 157 158 154 133 136 134 20 21 128 20 128 131 128 21 22 128 22 125 131 128 127 131 133 134 125 23 122 119 23 24 26 113 25 24 25 116 113 26 27 23 125 22 128 125 124 131 130 133 122 124 125 131 127 130 133 130 129 127 124 123 127 128 124 121 124 122 124 121 120 122 119 121 130 127 126 119 116 115 116 119 24 113 116 25 116 113 112 118 115 114 115 118 119 112 115 116 115 112 111 112 113 110 119 118 121 122 23 119 121 118 117 113 27 110 131 134 20 110 28 107 30 101 29 28 29 104 31 98 30 28 110 27 95 31 32 92 32 33 86 34 35 83 35 36 89 33 34 78 36 37 107 104 106 104 107 28 101 104 29 106 104 103 107 106 109 101 100 104 98 97 101 109 106 105 101 30 98 107 109 110 94 98 95 92 95 32 89 92 33 91 95 92 85 89 86 83 86 35 78 83 36 82 86 83 89 34 86 88 92 89 98 31 95 79 83 78 110 109 112 112 109 108 132 129 57 132 133 129 126 123 59 126 127 123 123 124 120 123 120 60 130 126 129 129 126 58 118 114 117 117 120 121 115 111 114 117 114 62 111 108 64 111 112 108 108 109 105 108 105 65 103 102 105 114 111 63 105 106 103 120 117 61 56 132 57 57 129 58 59 123 60 60 120 61 126 59 58 114 63 62 62 61 117 111 64 63 64 108 65 66 65 102 102 99 66 65 105 102 103 100 102 132 56 55 100 97 96 97 100 101 94 97 98 97 94 93 99 96 68 96 99 100 93 96 97 96 93 69 94 91 93 100 99 102 91 88 90 88 91 92 85 88 89 90 88 87 82 81 85 88 85 84 79 82 83 80 82 79 85 86 82 91 90 93 94 95 91 93 90 70 99 68 67 87 70 90 96 69 68 69 93 70 71 70 87 87 84 71 84 81 73 81 84 85 80 81 82 81 80 74 73 72 84 74 73 81 84 72 71 87 88 84 99 67 66 103 104 100 133 132 135 
72 72 1 0.711881423331579
0 -144 84.0346051310434 14.5924560419658 -144 82.757930654371 28.7415276912354 -144 78.9666983322991 42.0173025655217 -144 72.7761028404777 54.0164029631356 -144 64.3742422903333 64.3742422903333 -144 54.0164029631356 72.7761028404777 -144 42.0173025655217 78.9666983322991 -144 28.7415276912354 82.757930654371 -144 14.5924560419658 84.0346051310434 -144 5.1456355095672e-15 82.757930654371 -144 -14.5924560419658 78.9666983322991 -144 -28.7415276912354 72.7761028404777 -144 -42.0173025655217 64.3742422903334 -144 -54.0164029631355 54.0164029631356 -144 -64.3742422903333 42.0173025655218 -144 -72.7761028404777 28.7415276912355 -144 -78.9666983322991 14.5924560419659 -144 -82.757930654371 1.22247855197256e-13 -144 -84.0346051310434 -14.5924560419656 -144 -82.757930654371 -28.7415276912353 -144 -78.9666983322991 -42.0173025655215 -144 -72.7761028404778 -54.0164029631354 -144 -64.3742422903335 -64.3742422903332 -144 -54.0164029631357 -72.7761028404776 -144 -42.0173025655218 -78.966698332299 -144 -28.7415276912356 -82.757930654371 -144 -14.592456041966 -84.0346051310434 -144 -2.39350074884944e-13 -82.757930654371 -144 14.5924560419655 -78.9666983322992 -144 28.7415276912352 -72.7761028404778 -144 42.0173025655214 -64.3742422903335 -144 54.0164029631353 -54.0164029631358 -144 64.3742422903331 -42.017302565522 -144 72.7761028404775 -28.7415276912358 -144 78.966698332299 -14.5924560419661 -144 82.7579306543709 0 -144 78.9653948689566 13.7121969177439 -144 77.7657330866189 27.0077556708486 -144 74.203198855804 39.4826974344783 -144 68.3860379763858 50.7579774157703 -144 60.4910019380601 60.4910019380601 -144 50.7579774157703 68.3860379763858 -144 39.4826974344783 74.2031988558039 -144 27.0077556708486 77.7657330866189 -144 13.7121969177439 78.9653948689566 -144 4.83523590348373e-15 77.7657330866189 -144 -13.7121969177439 74.203198855804 -144 -27.0077556708486 68.3860379763858 -144 -39.4826974344783 60.4910019380601 -144 -50.7579774157703 50.7579774157704 -144 -60.49100193806 39.4826974344784 -144 -68.3860379763858 27.0077556708486 -144 -74.2031988558039 13.712196917744 -144 -77.7657330866189 1.14873511245527e-13 -144 -78.9653948689566 -13.7121969177438 -144 -77.7657330866189 -27.0077556708484 -144 -74.203198855804 -39.4826974344782 -144 -68.3860379763859 -50.7579774157702 -144 -60.4910019380602 -60.49100193806 -144 -50.7579774157705 -68.3860379763857 -144 -39.4826974344785 -74.2031988558039 -144 -27.0077556708487 -77.7657330866189 -144 -13.7121969177441 -78.9653948689566 -144 -2.2491178658757e-13 -77.7657330866189 -144 13.7121969177436 -74.203198855804 -144 27.0077556708483 -68.3860379763859 -144 39.4826974344781 -60.4910019380603 -144 50.7579774157701 -50.7579774157706 -144 60.4910019380599 -39.4826974344786 -144 68.3860379763856 -27.0077556708489 -144 74.2031988558038 -13.7121969177442 -144 77.7657330866188 84.0346051310434 0 82.757930654371 14.5924560419658 78.9666983322991 28.7415276912354 72.7761028404777 42.0173025655217 64.3742422903333 54.0164029631356 54.0164029631356 64.3742422903333 42.0173025655217 72.7761028404777 28.7415276912354 78.9666983322991 14.5924560419658 82.757930654371 0 84.0346051310434 -14.5924560419658 82.757930654371 -28.7415276912354 78.9666983322991 -42.0173025655217 72.7761028404777 -54.0164029631355 64.3742422903334 -64.3742422903333 54.0164029631356 -72.7761028404777 42.0173025655218 -78.9666983322991 28.7415276912355 -82.757930654371 14.5924560419659 -84.0346051310434 1.27897692436818e-13 -82.757930654371 -14.5924560419656 -78.9666983322991 -28.7415276912353 -72.7761028404778 -42.0173025655215 -64.3742422903335 -54.0164029631354 -54.0164029631357 -64.3742422903332 -42.0173025655218 -72.7761028404776 -28.7415276912356 -78.966698332299 -14.592456041966 -82.757930654371 -2.41584530158434e-13 -84.0346051310434 14.5924560419655 -82.757930654371 28.7415276912352 -78.9666983322992 42.0173025655214 -72.7761028404778 54.0164029631353 -64.3742422903335 64.3742422903331 -54.0164029631358 72.7761028404775 -42.017302565522 78.966698332299 -28.7415276912358 82.7579306543709 -14.5924560419661 78.9653948689566 -1.4210854715202e-14 77.7657330866189 13.7121969177439 74.2031988558039 27.0077556708486 68.3860379763858 39.4826974344783 60.4910019380601 50.7579774157703 50.7579774157703 60.4910019380601 39.4826974344783 68.3860379763858 27.0077556708486 74.2031988558039 13.7121969177439 77.7657330866189 0 78.9653948689566 -13.7121969177439 77.7657330866189 -27.0077556708486 74.2031988558039 -39.4826974344783 68.3860379763858 -50.7579774157703 60.4910019380601 -60.49100193806 50.7579774157704 -68.3860379763858 39.4826974344784 -74.2031988558039 27.0077556708486 -77.7657330866189 13.712196917744 -78.9653948689566 1.13686837721616e-13 -77.7657330866189 -13.7121969177438 -74.203198855804 -27.0077556708484 -68.3860379763859 -39.4826974344782 -60.4910019380602 -50.7579774157702 -50.7579774157705 -60.49100193806 -39.4826974344785 -68.3860379763857 -27.0077556708488 -74.2031988558039 -13.7121969177441 -77.7657330866189 -2.27373675443232e-13 -78.9653948689566 13.7121969177437 -77.7657330866189 27.0077556708483 -74.203198855804 39.4826974344781 -68.3860379763859 50.7579774157701 -60.4910019380603 60.4910019380599 -50.7579774157706 68.3860379763856 -39.4826974344786 74.2031988558038 -27.0077556708489 77.7657330866188 -13.7121969177442 58 22 23 23 60 59 58 23 59 20 21 57 57 56 20 58 57 21 21 22 58 20 56 55 60 23 24 62 26 27 28 64 27 64 28 29 63 27 64 24 61 60 61 24 25 62 61 25 62 25 26 27 63 62 18 19 54 55 54 19 19 20 55 18 54 53 17 53 52 53 17 18 15 16 51 52 16 17 52 51 16 50 15 51 15 50 14 50 49 14 14 49 13 12 13 48 48 47 11 11 47 46 48 11 12 13 49 48 65 29 66 29 65 64 66 30 67 30 66 29 67 31 68 31 67 30 69 68 33 32 68 31 33 68 32 70 33 34 70 34 71 71 34 35 71 35 72 37 36 1 36 37 72 37 1 38 35 36 72 70 69 33 44 43 7 6 43 42 43 6 7 44 7 8 46 10 11 10 46 9 45 8 9 8 45 44 45 9 46 39 38 2 2 3 39 38 1 2 39 3 4 6 41 5 6 42 41 5 40 4 40 5 41 4 40 39 
74 72 1 0.711881423331579
0 -142.034904464221 76.9656994725581 13.3649534562703 -142.034904464221 75.7964175565828 26.3238195647647 -142.034904464221 72.3240998479887 38.482849736279 -142.034904464221 66.6542509632739 49.4725979918181 -142.034904464221 58.9591463917184 58.9591463917184 -142.034904464221 49.4725979918182 66.6542509632739 -142.034904464221 38.4828497362791 72.3240998479887 -142.034904464221 26.3238195647647 75.7964175565828 -142.034904464221 13.3649534562703 76.9656994725581 -142.034904464221 4.71278987516027e-15 75.7964175565828 -142.034904464221 -13.3649534562703 72.3240998479887 -142.034904464221 -26.3238195647647 66.6542509632739 -142.034904464221 -38.482849736279 58.9591463917184 -142.034904464221 -49.4725979918181 49.4725979918182 -142.034904464221 -58.9591463917184 38.4828497362791 -142.034904464221 -66.6542509632738 26.3238195647647 -142.034904464221 -72.3240998479887 13.3649534562704 -142.034904464221 -75.7964175565828 1.11964489743298e-13 -142.034904464221 -76.9656994725581 -13.3649534562702 -142.034904464221 -75.7964175565828 -26.3238195647645 -142.034904464221 -72.3240998479888 -38.4828497362789 -142.034904464221 -66.654250963274 -49.472597991818 -142.034904464221 -58.9591463917185 -58.9591463917183 -142.034904464221 -49.4725979918183 -66.6542509632738 -142.034904464221 -38.4828497362792 -72.3240998479886 -142.034904464221 -26.3238195647648 -75.7964175565828 -142.034904464221 -13.3649534562705 -76.9656994725581 -142.034904464221 -2.19216189611435e-13 -75.7964175565829 -142.034904464221 13.3649534562701 -72.3240998479888 -142.034904464221 26.3238195647644 -66.654250963274 -142.034904464221 38.4828497362788 -58.9591463917186 -142.034904464221 49.4725979918179 -49.4725979918184 -142.034904464221 58.9591463917182 -38.4828497362793 -142.034904464221 66.6542509632737 -26.323819564765 -142.034904464221 72.3240998479886 -13.3649534562707 -142.034904464221 75.7964175565828 0 -142.034904464221 76.9656994725581 0 -85.7502538685175 75.9832570583521 13.1943541213808 -85.7502538685175 74.8289006501847 25.9878044694487 -85.7502538685175 71.4009059610123 37.991628529176 -85.7502538685175 65.8034308748162 48.841096180736 -85.7502538685175 58.2065518396315 58.2065518396315 -85.7502538685175 48.841096180736 65.8034308748162 -85.7502538685175 37.9916285291761 71.4009059610122 -85.7502538685175 25.9878044694487 74.8289006501847 -85.7502538685175 13.1943541213808 75.9832570583521 -85.7502538685175 4.65263262726507e-15 74.8289006501847 -85.7502538685175 -13.1943541213808 71.4009059610123 -85.7502538685175 -25.9878044694487 65.8034308748162 -85.7502538685175 -37.991628529176 58.2065518396315 -85.7502538685175 -48.841096180736 48.841096180736 -85.7502538685175 -58.2065518396315 37.9916285291761 -85.7502538685175 -65.8034308748161 25.9878044694488 -85.7502538685175 -71.4009059610122 13.1943541213809 -85.7502538685175 -74.8289006501847 1.10535299021163e-13 -85.7502538685175 -75.9832570583521 -13.1943541213806 -85.7502538685175 -74.8289006501847 -25.9878044694486 -85.7502538685175 -71.4009059610123 -37.9916285291759 -85.7502538685175 -65.8034308748163 -48.8410961807359 -85.7502538685175 -58.2065518396316 -58.2065518396314 -85.7502538685175 -48.8410961807361 -65.8034308748161 -85.7502538685175 -37.9916285291762 -71.4009059610122 -85.7502538685175 -25.9878044694489 -74.8289006501847 -85.7502538685175 -13.194354121381 -75.9832570583521 -85.7502538685175 -2.16417965415062e-13 -74.8289006501848 -85.7502538685175 13.1943541213805 -71.4009059610123 -85.7502538685175 25.9878044694485 -65.8034308748163 -85.7502538685175 37.9916285291758 -58.2065518396317 -85.7502538685175 48.8410961807358 -48.8410961807362 -85.7502538685175 58.2065518396313 -37.9916285291763 -85.7502538685175 65.803430874816 -25.987804469449 -85.7502538685175 71.4009059610121 -13.1943541213811 -85.7502538685175 74.8289006501847 0 -85.7502538685175 75.9832570583521 0 1.96539486895662 0.174532925199433 1.96539486895662 0.349065850398866 1.96539486895662 0.523598775598299 1.96539486895662 0.698131700797732 1.96539486895662 0.872664625997165 1.96539486895662 1.0471975511966 1.96539486895662 1.22173047639603 1.96539486895662 1.39626340159546 1.96539486895662 1.5707963267949 1.96539486895662 1.74532925199433 1.96539486895662 1.91986217719376 1.96539486895662 2.0943951023932 1.96539486895662 2.26892802759263 1.96539486895662 2.44346095279206 1.96539486895662 2.61799387799149 1.96539486895662 2.79252680319093 1.96539486895662 2.96705972839036 1.96539486895662 3.14159265358979 1.96539486895662 3.31612557878922 1.96539486895662 3.49065850398866 1.96539486895662 3.66519142918809 1.96539486895662 3.83972435438752 1.96539486895662 4.01425727958696 1.96539486895662 4.18879020478639 1.96539486895662 4.36332312998582 1.96539486895662 4.53785605518525 1.96539486895662 4.71238898038469 1.96539486895662 4.88692190558412 1.96539486895662 5.06145483078355 1.96539486895662 5.23598775598299 1.96539486895662 5.41052068118242 1.96539486895662 5.58505360638185 1.96539486895662 5.75958653158128 1.96539486895662 5.93411945678072 1.96539486895662 6.10865238198015 1.96539486895662 6.28318530717959 1.96539486895662 0 58.2586190240684 0.174532925199433 58.2586190240684 0.349065850398866 58.2586190240684 0.523598775598299 58.2586190240684 0.698131700797732 58.2586190240684 0.872664625997165 58.2586190240684 1.0471975511966 58.2586190240684 1.22173047639603 58.2586190240684 1.39626340159546 58.2586190240684 1.5707963267949 58.2586190240684 1.74532925199433 58.2586190240684 1.91986217719376 58.2586190240684 2.0943951023932 58.2586190240684 2.26892802759263 58.2586190240684 2.44346095279206 58.2586190240684 2.61799387799149 58.2586190240684 2.79252680319093 58.2586190240684 2.96705972839036 58.2586190240684 3.14159265358979 58.2586190240684 3.31612557878922 58.2586190240684 3.49065850398866 58.2586190240684 3.66519142918809 58.2586190240684 3.83972435438752 58.2586190240684 4.01425727958696 58.2586190240684 4.18879020478639 58.2586190240684 4.36332312998582 58.2586190240684 4.53785605518525 58.2586190240684 4.71238898038469 58.2586190240684 4.88692190558412 58.2586190240684 5.06145483078355 58.2586190240684 5.23598775598299 58.2586190240684 5.41052068118242 58.2586190240684 5.58505360638185 58.2586190240684 5.75958653158128 58.2586190240684 5.93411945678072 58.2586190240684 6.10865238198015 58.2586190240684 6.28318530717959 58.2586190240684 1 2 39 3 4 41 2 3 40 5 6 43 7 8 45 8 9 46 6 7 44 4 5 42 10 11 48 12 13 50 11 12 49 14 15 52 16 17 54 17 18 55 15 16 53 13 14 51 9 10 47 38 1 39 40 3 41 2 40 39 42 5 43 44 7 45 45 8 46 6 44 43 4 42 41 47 10 48 12 50 49 49 48 11 13 51 50 46 9 47 51 14 52 53 16 54 54 17 55 15 53 52 19 56 55 19 55 18 20 21 58 22 23 60 21 22 59 24 25 62 26 27 64 27 28 65 25 26 63 23 24 61 29 30 67 31 32 69 30 31 68 33 34 71 35 36 73 36 37 74 34 35 72 32 33 70 28 29 66 57 56 20 59 58 21 57 20 58 61 60 23 63 62 25 64 63 26 61 24 62 59 22 60 66 65 28 68 67 30 69 68 31 66 29 67 71 70 33 73 72 35 74 73 36 71 34 72 69 32 70 64 27 65 20 56 19 

TShapes 7
Ve
1e-07
0 -144 78.9653948689566
0 0

0101100
*
Ed
 1e-07 1 1 0
1  1 0 0 6.28318530717959
2  1 2 0 0 6.28318530717959
2  2 1 0 0 6.28318530717959
4 G1 2 0 1 0
6  1 2 0
6  2 1 0
0

0101100
+7 0 -7 0 *
Ve
1e-07
0 -142.034904464221 76.9656994725581
0 0

0101100
*
Ed
 1e-07 1 1 0
1  2 0 0 6.28318530717959
2  3 1 0 0 6.28318530717959
2  4 3 0 0 6.28318530717959
4 G1 1 0 3 0
6  3 3 0
6  4 1 0
0

0101100
+5 0 -5 0 *
Ed
 1e-07 1 1 0
2  5 4 0 1.5707963267949 3.12413953542314
1  3 0 1.5707963267949 3.12413953542314
3  6 7CN 5 0 1.5707963267949 3.12413953542314
3  8 9CN 6 0 1.5707963267949 3.12413953542314
3  10 11CN 7 0 1.5707963267949 3.12413953542314
3  12 13CN 1 0 1.5707963267949 3.12413953542314
7  5 6 1 0
0

0101000
+7 0 -5 0 *
Wi

0101000
+6 0 -4 0 -3 0 +3 0 *
Fa
0  1e-07 1 0
2  1
0111000
+2 0 *

+1 0 
0

