DBRep_DrawableShape

CASCADE Topology V1, (c) Matra-Datavision
Locations 0
Curve2ds 16
1 0 0 1 0 
1 24.877013946695754 0 0 1 
1 0 0 0 1 
1 0 1 1 0 
1 0 0 0 1 
1 25.56912958443786 0 0 1 
1 0 0 1 0 
1 25.569130384113368 0 0 1 
1 0 0 0 1 
1 0 1 1 0 
1 0 0 1 0 
1 24.877014346541234 0 0 1 
1 0 0 0 1 
1 0 1 1 0 
1 0 0 1 0 
1 0 1 1 0 
Curves 12
1 10 -6.999999880791 32.99999952316 -0.89442717662404203 0.44721362425170419 0 
7 0 0  1 2 2  -12.250677347180002 4.1253396868709995 32.99999952316  -12.250682115549997 4.1253396868709995 -12.598114013669999 
 0 2 1 2
1 9.9999952316280005 -6.999999880791 -12.598114013669999 -0.89442717662402604 0.44721362425173644 0 
7 0 0  1 2 2  10 -6.999999880791 32.99999952316  9.9999952316280005 -6.999999880791 -12.598114013669999 
 0 2 1 2
1 -12.25067734718 4.1253396868710004 32.99999952316 0.44721359083762652 0.89442719333108156 0 
7 0 0  1 2 2  -0.81581473350519929 26.995065212250001 32.99999952316  -0.81581950187679908 26.995065212250001 -12.598114013669999 
 0 2 1 2
1 -12.250682115549999 4.1253396868710004 -12.598114013669999 0.44721359083757645 0.89442719333110654 0 
1 -0.81581473350519995 26.995065212250001 32.99999952316 0.89442716224827401 -0.44721365300323701 0 
7 0 0  1 2 2  21.43486261368 15.86972475052 32.99999952316  21.434857845309999 15.86972475052 -12.598114013669999 
 0 2 1 2
1 -0.81581950187679997 26.995065212250001 -12.598114013669999 0.89442716224828689 -0.44721365300321131 0 
1 21.43486261368 15.86972475052 32.99999952316 -0.44721360482446776 -0.89442718633766094 0 
1 21.434857845309999 15.86972475052 -12.598114013669999 -0.44721360482453026 -0.89442718633762963 0 
Polygon3D 0
PolygonOnTriangulations 0
Surfaces 6
9 0 0 0 0 1 1 2 2 2 2 10 -6.999999880791 32.99999952316  9.9999952316280005 -6.999999880791 -12.598114013669999  
-12.250677347180002 4.1253396868709995 32.99999952316  -12.250682115549997 4.1253396868709995 -12.598114013669999  

0 2
24.877013946695754 2

0 2
1 2

9 0 0 0 0 1 1 2 2 2 2 -12.25067734718 4.1253396868710004 32.99999952316  -12.250682115549999 4.1253396868710004 -12.598114013669999  
-0.81581473350519929 26.995065212250001 32.99999952316  -0.81581950187679908 26.995065212250001 -12.598114013669999  

0 2
25.569130384113368 2

0 2
1 2

9 0 0 0 0 1 1 2 2 2 2 21.43486261368 15.86972475052 32.99999952316  21.434857845309999 15.86972475052 -12.598114013669999  
10 -6.9999998807910018 32.99999952316  9.9999952316280005 -6.9999998807910018 -12.598114013669999  

0 2
25.56912958443786 2

0 2
1 2

9 0 0 0 0 1 1 2 2 2 2 -0.81581473350519995 26.995065212250001 32.99999952316  -0.81581950187679997 26.995065212250001 -12.598114013669999  
21.43486261368 15.86972475052 32.99999952316  21.434857845309999 15.86972475052 -12.598114013669999  

0 2
24.877014346541234 2

0 2
1 2

1 4.5920926332486998 9.9975324422124974 32.99999952316 -1.424334860722119e-16 -1.3290671954873755e-15 1 0 1 1.3290671954873755e-15 -1 1.8930367387748481e-31 -1.424334860722119e-16 
1 4.5920878648777999 9.9975324422124974 -12.598114013669999 -3.7176364060077663e-18 1.665981039866727e-16 1 0 1 -1.665981039866727e-16 -1 -6.1935117655272203e-34 -3.7176364060077663e-18 
Triangulations 0

TShapes 35
Ve
0.003
10 -6.999999880791 32.99999952316
0 0

0101101
*
Ve
0.003
-12.25067734718 4.125339686871 32.99999952316
0 0

0101101
*
Ed
 0.003 1 1 0
1  1 0 0 24.8770139466958
2  1 1 0 0 24.8770139466958
0

0101000
+35 0 -34 0 *
Ve
0.003
-12.25068211555 4.125339686871 -12.59811401367
0 0

0101101
*
Ed
 1e-07 1 1 0
1  2 0 0 1
2  2 1 0 0 1
2  3 2 0 0 1
0

0101000
+34 0 -32 0 *
Ve
0.003
9.999995231628 -6.999999880791 -12.59811401367
0 0

0101101
*
Ed
 0.003 1 1 0
1  3 0 0 24.877013946694
2  4 1 0 0 24.877013946694
0

0101000
+30 0 -32 0 *
Ed
 1e-07 1 1 0
1  4 0 0 1
2  5 1 0 0 1
2  6 3 0 0 1
0

0101000
+35 0 -30 0 *
Wi

0101000
+33 0 +31 0 -29 0 -28 0 *
Fa
0  1e-07 1 0

0111000
+27 0 *
Ve
0.003
-0.8158147335052 26.99506521225 32.99999952316
0 0

0101101
*
Ed
 0.003 1 1 0
1  5 0 0 25.5691303841134
2  7 2 0 0 25.5691303841134
0

0101000
+34 0 -25 0 *
Ve
0.003
-0.8158195018768 26.99506521225 -12.59811401367
0 0

0101101
*
Ed
 1e-07 1 1 0
1  6 0 0 1
2  8 2 0 0 1
2  9 4 0 0 1
0

0101000
+25 0 -23 0 *
Ed
 0.003 1 1 0
1  7 0 0 25.5691303841127
2  10 2 0 0 25.5691303841127
0

0101000
+32 0 -23 0 *
Wi

0101000
+24 0 +22 0 -21 0 -31 0 *
Fa
0  1e-07 2 0

0111000
+20 0 *
Ve
0.003
21.43486261368 15.86972475052 32.99999952316
0 0

0101101
*
Ed
 0.003 1 1 0
1  8 0 0 24.8770143465398
2  11 4 0 0 24.8770143465398
0

0101000
+25 0 -18 0 *
Ve
0.003
21.43485784531 15.86972475052 -12.59811401367
0 0

0101101
*
Ed
 1e-07 1 1 0
1  9 0 0 1
2  12 4 0 0 1
2  13 3 0 0 1
0

0101000
+18 0 -16 0 *
Ed
 0.003 1 1 0
1  10 0 0 24.8770143465412
2  14 4 0 0 24.8770143465412
0

0101000
+23 0 -16 0 *
Wi

0101000
+17 0 +15 0 -14 0 -22 0 *
Fa
0  1e-07 4 0

0101000
+13 0 *
Ed
 0.003 1 1 0
1  11 0 0 25.569129584437
2  15 3 0 0 25.569129584437
0

0101000
+18 0 -35 0 *
Ed
 0.003 1 1 0
1  12 0 0 25.5691295844379
2  16 3 0 0 25.5691295844379
0

0101000
+16 0 -30 0 *
Wi

0101000
+11 0 +28 0 -10 0 -15 0 *
Fa
0  1e-07 3 0

0101000
+9 0 *
Wi

0101100
+33 0 +24 0 +17 0 +11 0 *
Fa
0  0.003 5 0

0101100
-7 0 *
Wi

0101100
+29 0 +21 0 +14 0 +10 0 *
Fa
0  0.003 6 0

0101100
-5 0 *
Sh

0101100
+26 0 +19 0 +12 0 +8 0 +6 0 -4 0 *
So

0100000
+3 0 *
Co

1100000
+2 0 *

+1 0 