DBRep_DrawableShape

CASCADE Topology V1, (c) Matra-Datavision
Locations 0
Curve2ds 12
1 0 0 1 0 
2 0 0 -1 0 0 1 25
1 0 15.412144660949998 1 0 
2 0 0 1 0 -0 1 25
1 6.2831853071795862 0 0 1 
1 0 0 0 1 
2 0 0 1 0 -0 1 15
1 0 0 1 0 
1 0 50 1 0 
2 0 0 1 0 -0 1 15
1 6.2831853071795862 0 0 1 
1 0 0 0 1 
Curves 6
2 0 0 40.412144660949998 0 0 1 0 1 0 -1 0 0 25
2 0 0 25 0 0 1 0 1 0 -1 0 0 25
1 0 25 40.412144660949998 0 0 -1 
2 0 0 25 0 0 1 0 1 0 -1 0 0 15
2 0 0 -25 0 0 1 0 1 0 -1 0 0 15
1 0 15 25 0 0 -1 
Polygon3D 0
PolygonOnTriangulations 0
Surfaces 5
2 0 0 40.412144660949998 -0 -0 -1 0 1 -0 -1 0 -0 25
1 0 0 40.412144660949998 0 0 1 -0 -1 0 -1 0 0 
1 0 0 25 0 0 1 0 1 0 -1 0 0 
2 0 0 25 -0 -0 -1 0 1 -0 -1 0 -0 15
1 0 0 -25 0 0 1 0 1 0 -1 0 0 
Triangulations 0

TShapes 24
Ve
0.003
0 25 40.41214466095
0 0

0101101
*
Ed
 0.003 1 1 0
1  1 0 0 6.28318530717959
2  1 1 0 0 6.28318530717959
2  2 2 0 0 6.28318530717959
0

0101100
+24 0 -24 0 *
Ve
0.003
0 25 25
0 0

0101101
*
Ed
 0.003 1 1 0
1  2 0 0 6.28318530717959
2  3 1 0 0 6.28318530717959
2  4 3 0 0 6.28318530717959
0

0101100
+22 0 -22 0 *
Ed
 0.003 1 1 0
1  3 0 0 15.41214466095
3  5 6CN 1 0 0 15.41214466095
0

0101000
+24 0 -22 0 *
Wi

0101000
+23 0 -21 0 -20 0 +20 0 *
Fa
0  0.003 1 0

0101000
+19 0 *
Wi

0101000
+21 0 *
Ve
0.003
0 15 25
0 0

0101101
*
Ed
 0.003 1 1 0
1  4 0 0 6.28318530717959
2  7 3 0 0 6.28318530717959
2  8 4 0 0 6.28318530717959
0

0101100
+16 0 -16 0 *
Wi

0101000
-15 0 *
Fa
0  0.003 3 0

0101000
+17 0 +14 0 *
Ve
0.003
0 15 -25
0 0

0101101
*
Ed
 0.003 1 1 0
1  5 0 0 6.28318530717959
2  9 4 0 0 6.28318530717959
2  10 5 0 0 6.28318530717959
0

0101100
+12 0 -12 0 *
Ed
 0.003 1 1 0
1  6 0 0 50
3  11 12CN 4 0 0 50
0

0101000
+16 0 -12 0 *
Wi

0101000
+15 0 -11 0 -10 0 +10 0 *
Fa
0  0.003 4 0

0101000
+9 0 *
Wi

0101000
+11 0 *
Fa
0  0.003 5 0

0101000
+7 0 *
Wi

0101000
-23 0 *
Fa
0  0.003 2 0

0101000
+5 0 *
Sh

0101000
-18 0 -13 0 -8 0 -6 0 -4 0 *
So

0100000
+3 0 *
Co

1100000
+2 0 *

+1 0 