DBRep_DrawableShape

CASCADE Topology V1, (c) Matra-Datavision
Locations 0
Curve2ds 15
2 0 0 -1 0 0 1 10
1 0 0 1 0 
1 0 50 1 0 
2 0 0 -1 0 0 1 10
1 6.2831853071795862 0 0 1 
1 0 0 0 1 
2 0 0 -1 0 0 1 25
1 0 0 1 0 
1 0 20.647730827330054 1 0 
1 0 0 1 0 
1 6.2831853071795862 0 0 1 
1 0 0 0 1 
1 0 24.999999105926573 1 0 
1 6.2831853071795862 0 0 1 
1 0 0 0 1 
Curves 8
2 25 0 -25 0 0 -1 -1 0 0 0 1 0 10
2 25 0 25 0 0 -1 -1 0 0 0 1 0 10
1 15 0 -25 0 0 1 
2 25 0 25 0 0 -1 -1 0 0 0 1 0 25
2 25 0 45.647730827330001 0 0 -1 -1 0 0 0 1 0 25.000001490116119
1 0 0 25 -7.2168517298406012e-08 0 0.99999999999999745 
2 25 0 45.647735595699999 0 0 -1 -1 0 0 0 1 0 2.3841900009813344e-06
1 -1.490116119385e-06 0 45.647730827330001 0.99999999999998179 0 1.9073480672207487e-07 
Polygon3D 0
PolygonOnTriangulations 0
Surfaces 5
1 25 0 -25 0 0 -1 1 -0 -0 0 1 0 
2 25 0 -25 -0 -0 1 -1 0 0 0 1 0 10
1 25 0 25 0 0 -1 1 -0 -0 0 1 0 
2 25 0 25 -0 -0 1 -1 0 0 0 1 0 25
3 25 0 45.647730827330001 -0 -0 1 -1 0 0 0 1 0 25.000001490116119
-1.5707961360600899
Triangulations 0

TShapes 27
Ve
0.003
15 0 -25
0 0

0101101
*
Ed
 0.003 1 1 0
1  1 0 0 6.28318530717959
2  1 1 0 0 6.28318530717959
2  2 2 0 0 6.28318530717959
0

0101100
+27 0 -27 0 *
Wi

0101000
-26 0 *
Fa
0  0.003 1 0

0101000
+25 0 *
Ve
0.003
15 0 25
0 0

0101101
*
Ed
 0.003 1 1 0
1  2 0 0 6.28318530717959
2  3 2 0 0 6.28318530717959
2  4 3 0 0 6.28318530717959
0

0101100
+23 0 -23 0 *
Ed
 0.003 1 1 0
1  3 0 0 50
3  5 6CN 2 0 0 50
0

0101000
+27 0 -23 0 *
Wi

0101000
+26 0 -22 0 -21 0 +21 0 *
Fa
0  0.003 2 0

0101000
+20 0 *
Wi

0101000
+22 0 *
Ve
0.003
0 0 25
0 0

0101101
*
Ed
 0.003 1 1 0
1  4 0 0 6.28318530717959
2  7 3 0 0 6.28318530717959
2  8 4 0 0 6.28318530717959
0

0101100
+17 0 -17 0 *
Wi

0101000
-16 0 *
Fa
0  0.003 3 0

0101000
+18 0 +15 0 *
Ve
0.003
-1.490116119385e-06 0 45.64773082733
0 0

0101101
*
Ed
 0.003 1 1 0
1  5 0 0 6.28318530717959
2  9 4 0 0 6.28318530717959
2  10 5 0 0 6.28318530717959
0

0101100
+13 0 -13 0 *
Ed
 0.003 1 1 0
1  6 0 0 20.6477308273301
3  11 12CN 4 0 0 20.6477308273301
0

0101000
+17 0 -13 0 *
Wi

0101000
+16 0 -12 0 -11 0 +11 0 *
Fa
0  0.003 4 0

0101000
+10 0 *
Ve
0.003
24.99999761581 0 45.6477355957
0 0

0101101
*
Ed
 0.003 1 1 0
1  7 0 0 6.28318530717959
2  13 5 0 0 6.28318530717959
0

0101100
+8 0 -8 0 *
Ed
 0.003 1 1 0
1  8 0 0 24.9999991059266
3  14 15CN 5 0 0 24.9999991059266
0

0101000
+13 0 -8 0 *
Wi

0101000
+12 0 -7 0 -6 0 +6 0 *
Fa
0  0.003 5 0

0101000
+5 0 *
Sh

0101000
+24 0 +19 0 +14 0 +9 0 +4 0 *
So

0100000
-3 0 *
Co

1100000
+2 0 *

+1 0 