DBRep_DrawableShape

CASCADE Topology V1, (c) Matra-Datavision
Locations 1
1
              1               0              -0               0 
             -0               1               0   -22.860017721 
              0               0               1              -0 
Curve2ds 7
7 0 0  7 8 2  1.1102230246251565e-16 -7.3274719625260332e-15  0.22439947611355962 9.9826210147363495e-10  0.44877882993216972 0.26130626556767989  0.67324847512059527 0.78413902620897002  0.89754912685486732 1.5357569037329464  1.1220161036927421 2.4521421539780484  1.34639685068134 3.4503447017791005  1.5707963267949001 4.4486105869164003 
 0 8 1.5707963267949001 8
1 5.1697594573205201 3.8100029535000099 -1 1.11022302462516e-16 
1 1.5707963267949001 0 0 1 
1 0 5.1697594573205201 1 0 
1 0 0 0 1 
1 2.7556595544561402 -3.8100029535000002 1 0 
1 0 0 0 1 
Curves 4
7 0 0  6 7 2  60.406816894855808 -32.351881203970095 -22.016716621911495  60.406816893691236 -33.323157709639439 -22.016716621911513  60.041017937001818 -34.294351568245496 -21.711651661806563  59.308855980741612 -35.146218883938616 -21.101051348385127  58.287394274920175 -35.756819197361679 -20.249184032702061  57.122849840599571 -36.061884157470139 -19.277990174080841  55.958206307939399 -36.061884157470097 -18.306713668411483 
 0 7 1.5707963267949001 7
1 60.406816894855801 -36.061884157470097 -18.306713668411501 -1 0 -1.11022302462516e-16 
2 55.237057437535299 -32.351881203970102 -18.306713668411501 -1 -0 -1.11022302462516e-16 1.11022302462516e-16 0 -1 0 -1 0 3.7100029535000001
1 60.406816894855801 -32.351881203970102 -22.016716621911499 -1 0 -1.11022302462516e-16 
Polygon3D 0
PolygonOnTriangulations 0
Surfaces 4
2 60.406816894855801 -32.351881203970102 -18.306713668411501 -1 0 -1.11022302462516e-16 1.11022302462516e-16 0 -1 0 -1 -0 3.7100029535000001
1 55.237057437535299 -13.2018664364701 -14.496710714911501 -0 1 0 1 0 0 0 0 -1 
11 0.10000000000000001
5 55.237057437535299 -32.351881203970102 -14.496710714911501 0 -1 -0 0 0 -1 -1 -0 -0 3.8100029535000002 3.8100029535000002
1 63.162476449312003 -36.161884157470098 -22.016716621911499 -1.11022302462516e-16 -0 1 -1 0 -1.11022302462516e-16 0 -1 -0 
Triangulations 0

TShapes 10
Ve
1e-05
60.4068168948559 -32.3518812039701 -22.0167166219115
0 0

0101100
*
Ve
1e-05
55.9582063079394 -36.0618841574701 -18.306713668411
0 0

0101100
*
Ed
 6.06895221570983e-06 1 1 0
2  1 1 0 0 1.5707963267949
1  1 0 0 1.5707963267949
0

0101000
+10 0 -9 0 *
Ve
1e-07
55.2370574375353 -36.0618841574701 -18.3067136684115
0 0

0101100
*
Ed
 1e-07 1 1 0
2  2 2 1 4.4486105869164 5.16975945732052
1  2 0 4.4486105869164 5.16975945732052
2  3 1 0 4.4486105869164 5.16975945732052
0

0101000
+9 0 -7 0 *
Ve
1e-07
55.2370574375353 -32.3518812039701 -22.0167166219115
0 0

0101100
*
Ed
 1e-07 1 1 0
2  4 1 0 0 1.5707963267949
1  3 0 0 1.5707963267949
2  5 3 0 0 1.5707963267949
0

0101000
+5 0 -7 0 *
Ed
 1e-07 1 1 0
2  6 4 0 -6.12781518057879e-15 5.16975945732052
1  4 0 -6.12781518057879e-15 5.16975945732052
2  7 1 0 -6.12781518057879e-15 5.16975945732052
0

0101000
+10 0 -5 0 *
Wi

0101100
+8 0 +6 0 -4 0 -3 0 *
Fa
0  1e-07 1 0

1111000
+2 0 *

+1 0 
0

