DBRep_DrawableShape

CASCADE Topology V1, (c) Matra-Datavision
Locations 0
Curve2ds 6
7 0 0  11 62 7  -0.65000704653937713 4.7123889803846897  -0.62215080985993809 4.7278024030772059  -0.59466295504968436 4.7445233052406897  -0.56756680172075402 4.7625583717349302  -0.54088956129673671 4.7819134030034682  -0.51466148511929943 4.8025926108594357  -0.48891501255945891 4.8245979142789119  -0.463683919122647 4.8479282351916826  -0.43900246456043374 4.8725787942658139  -0.41490454097648632 4.8985404067063154  -0.39142282093655462 4.9257987780369756  -0.35717044789602104 4.9686013108259051  -0.34591464555981399 4.9831880591433997  -0.3348243722778384 4.998091691182414  -0.32390333996279691 5.0133095271037069  -0.31315509873016806 5.0288385609047177  -0.3025830368975248 5.0446754604010238  -0.29219038098563271 5.0608165672550953  -0.28198019571702465 5.0772578969403419  -0.27195538401749303 5.0939951387772942  -0.2621186870148412 5.111023655904507  -0.24282668106455649 5.1456533146894259  -0.23336985372126395 5.163257597582593  -0.22411751125647672 5.1811193954457506  -0.21502243022270981 5.1993369625090624  -0.206201589043945 5.2176685230012394  -0.19749172614348037 5.2364379593230659  -0.18903249305753408 5.2553819442038883  -0.18077962709007717 5.2745541612834366  -0.17273074852760092 5.2939742400585246  -0.16489998156273628 5.3135957950778883  -0.14966787541674165 5.353242214885511  -0.14226725375300278 5.3732653762067955  -0.13508342437888832 5.3934764400835364  -0.12811715432399398 5.4138636607441546  -0.12136868013138609 5.4344155805612466  -0.11483777121981421 5.4551210149459903  -0.10852379324895912 5.4759690374718373  -0.10242577148101327 5.4969489647310672  -0.096542454145876672 5.5180503414463766  -0.090872375803442207 5.5392629253822712  -0.079955465612118859 5.5818904193879533  -0.074708430957654989 5.6033065431736331  -0.069672372414717937 5.6248072001434934  -0.064842288127089212 5.6464027677336492  -0.060220198857002312 5.668058299191439  -0.055803035361634432 5.6897698118319049  -0.051585063322840664 5.7115502036507193  -0.047566907303595231 5.7333726575450878  -0.043750998928653161 5.7551972871661725  -0.040124970764357233 5.7770745007995075  -0.029820497136838719 5.8427793357783617  -0.023713400244393397 5.8866935178277897  -0.018345919676654335 5.9306829214955448  -0.013696821286714596 5.9747194200277418  -0.0097469156646436492 6.0187817529058183  -0.0064794011535310187 6.0628547817114713  -0.0038802068654833727 6.1069287460046322  -0.0019383356976859143 6.1509985191909351  -0.00064620734839598815 6.1950628643948606  -1.3329943754069709e-09 6.2391236903320451  3.5509789553245241e-15 6.2831853071795907 
 0 12 0.25 10 0.375 10 0.5 10 0.625 10 0.75 10 1 12
2 23.012411854193601 5.42406946968919 -0.70574740904518007 0.7084635450226181 -0.7084635450226181 -0.70574740904518007 7.6200059070000004
1 0 4.7123889803846897 1 0 
7 0 0  11 52 6  2.8885758297310504 4.7123889803846897  2.8570577553736056 4.7285531622750163  2.8260132909050366 4.7461092515169625  2.7954719777237664 4.7650474479723028  2.7654656368410122 4.7853555849875375  2.7360275600185986 4.8070188525430284  2.7071917009411424 4.8300195204545364  2.6789918663374825 4.854336661502475  2.651460907164207 4.8799458746431865  2.6246299097260564 4.9068190081432004  2.5985273868494145 4.9349238827728827  2.5605040101041592 4.9788740810586614  2.548018024940057 4.9938230710785847  2.5357237211033707 5.0090665238332104  2.5236241378945254 5.0245997726616665  2.5117221463314032 5.0404179454573663  2.5000204491609934 5.0565159646270139  2.4885215808424306 5.0728885471425116  2.477227907567304 5.0895302044887094  2.4661416272397361 5.1064352427054436  2.4552647694922047 5.1235977623606974  2.4339336218589325 5.1584255547670166  2.4234801583969476 5.1760891928629746  2.4132355310844722 5.1940067907510077  2.4032150757060537 5.2121452290036814  2.3934051046213791 5.2305273204884823  2.383806283885646 5.2491487767484015  2.374435338831729 5.2679732427567281  2.3652953618425081 5.2869880899065729  2.3563740264629756 5.306209210467058  2.347684117997793 5.3256058468872212  2.3222976780362568 5.3843178498224482  2.3062862850443162 5.4241548115456979  2.2912009448537427 5.4645750923171565  2.2770089504527737 5.5056703959886413  2.2637910567813235 5.5469410824749019  2.251376516609445 5.5891426638940462  2.2399791722517417 5.6311033522017642  2.2293623762276833 5.6738814923768066  2.2196799252568806 5.7166272284094752  2.2108437265128171 5.7596358120584146  2.1948632934257533 5.8459983152195525  2.1877186291539119 5.8893544366275012  2.1814055592308557 5.9328502710474798  2.1759110605920973 5.9764567297124405  2.1712232860641252 6.0201498288214603  2.1673318053799484 6.0639097264448836  2.1642278462200104 6.1077197594470043  2.1619045352224897 6.1515654803884123  2.1603571390236658 6.1954336944483828  2.1595833052742708 6.2393114963303615  2.1595833036713699 6.2831853071795898 
 0 12 0.25 10 0.375 10 0.5 10 0.75 10 1 12
1 3.92891141633626 -78.740061038999997 -1 -0 
1 0 6.2831853071795898 1 0 
Curves 4
7 0 0  6 17 4  177.08241183985203 -35.3002664055496 54.662448809843809  177.2475557397174 -34.583012201718269 54.662448809844079  177.41258249691913 -33.841564803326747 54.678009895679573  177.57831144200622 -33.067508398671343 54.726622897473121  177.74226259689158 -32.26293444130431 54.835046431070936  177.89831029019237 -31.451418355609345 55.040085886400121  178.13134790475016 -30.175950090462674 55.558722483163585  178.21653464900865 -29.692102451319691 55.807061496139426  178.29343650598844 -29.237929737599146 56.102983886793162  178.36077447102531 -28.826011581877488 56.443857927188951  178.41799619444521 -28.466150601191121 56.823044438040036  178.51008549492144 -27.875009009274088 57.621902220097361  178.54582354986113 -27.638701068062794 58.039945892139222  178.57228569870074 -27.459930465687375 58.477880662660297  178.58976522975414 -27.340483554449051 58.928661930443333  178.59851844528731 -27.280721792040779 59.385538150326376  178.59851842118107 -27.280721767841513 59.842452747843815 
 0 7 0.44256398156655602 5 0.72701229495800701 5 1 7
2 169.53017807006799 -36.314295551703097 54.662448809843802 0 -0 1 0.70846354502261766 0.70574740904518063 0 -0.70574740904518063 0.70846354502261766 0 7.6200059070000004
7 0 0  6 17 4  162.95735864208936 -40.169491369025735 54.662448809843802  162.33935633030364 -39.643779652925346 54.662448809844051  161.71970232427606 -39.090764247865451 54.679010127112534  161.0952922197113 -38.505106585611742 54.730476186752682  160.47432031241814 -37.888645842772796 54.844355987587669  159.87687970066349 -37.259689428156143 55.04992856850005  158.95814419774507 -36.24367315337669 55.560829974441639  158.61154637691573 -35.846269241021794 55.809829544677079  158.29394771137473 -35.468758365778754 56.105305034495998  158.01117828118885 -35.121876888870069 56.445123116779328  157.7671424415116 -34.815051611920644 56.823720954757441  157.3717005479769 -34.308855992197806 57.620693059124186  157.21600168055693 -34.104520225251612 58.036545131820567  157.09883073643277 -33.947924697260426 58.473729906130266  157.02070021026427 -33.842480278278082 58.925261274148447  156.98159611571103 -33.789747479893158 59.383896869584191  156.98159612387576 -33.789747439308314 59.842452747843815 
 0 7 0.43499776408850799 5 0.72485894988595201 5 1 7
2 169.53017807006799 -36.314295551703097 59.842452747843801 0 -0 1 0.70846354502261766 0.70574740904518063 0 -0.70574740904518063 0.70846354502261766 0 12.800009845
Polygon3D 0
PolygonOnTriangulations 0
Surfaces 3
5 169.53017807006799 -36.314295551703097 59.842452747843801 0 -0 1 0.70846354502261766 0.70574740904518063 0 -0.70574740904518063 0.70846354502261766 0 7.6200059070000004 5.1800039379999996
1 164.106108600379 -13.3018836975096 54.662448809843802 0 0 1 -1.11022302462516e-16 -1 0 1 -1.11022302462516e-16 0 
2 169.53017807006799 -36.314295551703097 138.582513786844 -0 -0 1 1.11022302462516e-16 -1 0 -1 -1.11022302462516e-16 -0 12.800009845
Triangulations 0

TShapes 10
Ve
1e-05
177.082411839852 -35.3002664055499 54.6624488098438
0 0

0101100
*
Ve
1e-05
178.598518421181 -27.2807217678415 59.842452747844
0 0

0101100
*
Ed
 4.12333890764103e-06 1 1 0
2  1 1 0 0 1
1  1 0 0 1
0

0101000
+10 0 -9 0 *
Ve
1e-05
162.95735864209 -40.1694913690258 54.6624488098438
0 0

0101100
*
Ed
 1e-07 1 1 0
2  2 2 0 -0.650007046539377 2.88857582973105
1  2 0 -0.650007046539377 2.88857582973105
2  3 1 0 -0.650007046539377 2.88857582973105
0

0101000
+10 0 -7 0 *
Ve
1e-05
156.981596123876 -33.7897474393083 59.842452747844
0 0

0101100
*
Ed
 4.89477499068507e-06 1 1 0
2  4 1 0 0 1
1  3 0 0 1
0

0101000
+7 0 -5 0 *
Ed
 1e-07 1 1 0
2  5 3 0 -1.77635683940025e-15 2.15958330367137
1  4 0 -1.77635683940025e-15 2.15958330367137
2  6 1 0 -1.77635683940025e-15 2.15958330367137
0

0101000
+9 0 -5 0 *
Wi

0101100
-8 0 +6 0 +4 0 -3 0 *
Fa
0  1e-07 1 0

1111000
+2 0 *

-1 0 
0

