DBRep_DrawableShape

CASCADE Topology V1, (c) Matra-Datavision
Locations 0
Curve2ds 12
1 0 0 1 0 
2 0 0 -1 0 0 1 15
1 0 20 1 0 
2 0 0 1 0 -0 1 15
1 6.2831853071795862 0 0 1 
1 0 0 0 1 
2 0 0 -1 0 0 1 7.3609566688539996
1 0 0 1 0 
1 0 25 1 0 
2 0 0 -1 0 0 1 7.3609566688539996
1 6.2831853071795862 0 0 1 
1 0 0 0 1 
Curves 6
2 0 0 25 0 0 1 -1 0 0 0 -1 0 15
2 0 0 45 0 0 1 -1 0 0 0 -1 0 15
1 -15 0 25 0 0 1 
2 0 0 0 0 0 1 -1 0 0 0 -1 0 7.3609566688539996
2 0 0 25 0 0 1 -1 0 0 0 -1 0 7.3609566688539996
1 -7.3609566688539996 0 0 0 0 1 
Polygon3D 0
PolygonOnTriangulations 0
Surfaces 5
2 0 0 25 0 0 1 -1 0 0 0 -1 0 15
1 0 0 25 0 0 1 1 -0 -0 0 -1 0 
1 0 0 45 0 0 1 -1 0 0 0 -1 0 
1 0 0 0 0 0 1 1 -0 -0 0 -1 0 
2 0 0 0 0 0 1 -1 0 0 0 -1 0 7.3609566688539996
Triangulations 0

TShapes 24
Ve
0.003
-15 0 25
0 0

0101101
*
Ed
 0.003 1 1 0
1  1 0 0 6.28318530717959
2  1 1 0 0 6.28318530717959
2  2 2 0 0 6.28318530717959
0

0101100
+24 0 -24 0 *
Ve
0.003
-15 0 45
0 0

0101101
*
Ed
 0.003 1 1 0
1  2 0 0 6.28318530717959
2  3 1 0 0 6.28318530717959
2  4 3 0 0 6.28318530717959
0

0101100
+22 0 -22 0 *
Ed
 0.003 1 1 0
1  3 0 0 20
3  5 6CN 1 0 0 20
0

0101000
+24 0 -22 0 *
Wi

0101000
+23 0 -21 0 -20 0 +20 0 *
Fa
0  0.003 1 0

0101000
+19 0 *
Wi

0101000
+21 0 *
Fa
0  0.003 3 0

0101000
+17 0 *
Ve
0.003
-7.360956668854 0 0
0 0

0101101
*
Ed
 0.003 1 1 0
1  4 0 0 6.28318530717959
2  7 4 0 0 6.28318530717959
2  8 5 0 0 6.28318530717959
0

0101100
+15 0 -15 0 *
Wi

0101000
-14 0 *
Fa
0  0.003 4 0

0101000
+13 0 *
Ve
0.003
-7.360956668854 0 25
0 0

0101101
*
Ed
 0.003 1 1 0
1  5 0 0 6.28318530717959
2  9 5 0 0 6.28318530717959
2  10 2 0 0 6.28318530717959
0

0101100
+11 0 -11 0 *
Ed
 0.003 1 1 0
1  6 0 0 25
3  11 12CN 5 0 0 25
0

0101000
+15 0 -11 0 *
Wi

0101000
+14 0 -10 0 -9 0 +9 0 *
Fa
0  0.003 5 0

0101000
+8 0 *
Wi

0101000
+10 0 *
Wi

0101000
-23 0 *
Fa
0  0.003 2 0

0101000
+6 0 +5 0 *
Sh

0101000
+18 0 +16 0 +12 0 +7 0 +4 0 *
So

0100000
+3 0 *
Co

1100000
+2 0 *

+1 0 