DBRep_DrawableShape

CASCADE Topology V1, (c) Matra-Datavision
Locations 0
Curve2ds 16
1 0 0 1 0 
6 0 1 16.124516161976107 0  16.124516161976107 43.634773492809998  
6 0 1 0 0  0 43.634773492809998  
1 0 43.634773492809998 1 0 
6 0 1 0 0  0 43.634773492809998  
6 0 1 38.525586829769445 0  38.525586829769445 43.634773492809998  
1 0 0 1 0 
6 0 1 38.525588160519014 0  38.525588160519014 43.634773492809998  
6 0 1 0 0  0 43.634773492809998  
1 0 43.634773492809998 1 0 
1 0 0 1 0 
6 0 1 16.124516235898668 0  16.124516235898668 43.634773492809998  
6 0 1 0 0  0 43.634773492809998  
1 0 43.634773492809998 1 0 
1 0 0 1 0 
1 0 43.634773492809998 1 0 
Curves 12
1 -3.000000119209 5 32.99999952316 -0.86824312847569241 0.49613896224217474 0 
6 0 1 -17.00000047684 13.000000715260001 32.99999952316  -17.00000047684 13.000000715260001 -10.63477396965  
1 -3.000000119209 5 -10.63477396965 -0.86824312847569241 0.49613896224217474 0 
6 0 1 -3.000000119209 5 32.99999952316  -3.000000119209 5 -10.63477396965  
1 -17.00000047684 13.000000715260001 32.99999952316 0.49613885838142896 0.86824318782468568 0 
6 0 1 2.1140408515929998 46.449580192569996 32.99999952316  2.1140408515929998 46.449580192569996 -10.63477396965  
1 -17.00000047684 13.000000715260001 -10.63477396965 0.49613885838142896 0.86824318782468568 0 
1 2.1140408515929998 46.449580192569996 32.99999952316 0.86824308752954904 -0.49613903389791419 0 
6 0 1 16.114040613170001 38.449578285219999 32.99999952316  16.114040613170001 38.449578285219999 -10.63477396965  
1 2.1140408515929998 46.449580192569996 -10.63477396965 0.86824308752954904 -0.49613903389791419 0 
1 16.114040613170001 38.449578285219999 32.99999952316 -0.49613886004740165 -0.86824318687270152 0 
1 16.114040613170001 38.449578285219999 -10.63477396965 -0.49613886004740165 -0.86824318687270152 0 
Polygon3D 0
PolygonOnTriangulations 0
Surfaces 6
10 0 16.124516161976107 0 43.634773492809998
1 -3.000000119209 5 32.99999952316 -0.4961389622421748 -0.86824312847569252 -0 -0.86824312847569252 0.4961389622421748 0 0 0 -1 
10 0 38.525588160519014 0 43.634773492809998
1 -17.00000047684 13.000000715260001 32.99999952316 -0.86824318782468568 0.49613885838142896 0 0.49613885838142896 0.86824318782468568 0 0 0 -1 
10 0 38.525586829769445 0 43.634773492809998
1 16.114040613170001 38.449578285219999 32.99999952316 0.86824318687270152 -0.49613886004740165 0 -0.49613886004740165 -0.86824318687270152 0 0 -0 -1 
10 0 16.124516235898668 0 43.634773492809998
1 2.1140408515929998 46.449580192569996 32.99999952316 0.49613903389791425 0.86824308752954915 0 0.86824308752954915 -0.49613903389791425 0 0 0 -1 
1 -0.44297978282149914 25.724789798262503 32.99999952316 7.0154367362105899e-16 -3.1276668570243878e-16 1 1 0 -7.0154367362105899e-16 2.1941948967397206e-31 1 3.1276668570243878e-16 
1 -0.44297978282149914 25.724789798262503 -10.63477396965 3.0468546409672242e-16 -3.1794123540728038e-16 1 0 1 3.1794123540728038e-16 -1 -9.6872072865552495e-32 3.0468546409672242e-16 
Triangulations 0

TShapes 35
Ve
0.003
-3.000000119209 5 32.99999952316
0 0

0101101
*
Ve
0.003
-17.00000047684 13.00000071526 32.99999952316
0 0

0101101
*
Ed
 0.003 1 1 0
1  1 0 0 16.1245161619761
2  1 1 0 0 16.1245161619761
0

0101000
+35 0 -34 0 *
Ve
0.003
-17.00000047684 13.00000071526 -10.63477396965
0 0

0101101
*
Ed
 1e-07 1 1 0
1  2 0 0 1
2  2 1 0 0 1
2  3 2 0 0 1
0

0101000
+34 0 -32 0 *
Ve
0.003
-3.000000119209 5 -10.63477396965
0 0

0101101
*
Ed
 0.003 1 1 0
1  3 0 0 16.1245161619761
2  4 1 0 0 16.1245161619761
0

0101000
+30 0 -32 0 *
Ed
 1e-07 1 1 0
1  4 0 0 1
2  5 1 0 0 1
2  6 3 0 0 1
0

0101000
+35 0 -30 0 *
Wi

0101000
+33 0 +31 0 -29 0 -28 0 *
Fa
0  1e-07 1 0

0111000
+27 0 *
Ve
0.003
2.114040851593 46.44958019257 32.99999952316
0 0

0101101
*
Ed
 0.003 1 1 0
1  5 0 0 38.525588160519
2  7 2 0 0 38.525588160519
0

0101000
+34 0 -25 0 *
Ve
0.003
2.114040851593 46.44958019257 -10.63477396965
0 0

0101101
*
Ed
 1e-07 1 1 0
1  6 0 0 1
2  8 2 0 0 1
2  9 4 0 0 1
0

0101000
+25 0 -23 0 *
Ed
 0.003 1 1 0
1  7 0 0 38.525588160519
2  10 2 0 0 38.525588160519
0

0101000
+32 0 -23 0 *
Wi

0101000
+24 0 +22 0 -21 0 -31 0 *
Fa
0  1e-07 2 0

0111000
+20 0 *
Ve
0.003
16.11404061317 38.44957828522 32.99999952316
0 0

0101101
*
Ed
 0.003 1 1 0
1  8 0 0 16.1245162358987
2  11 4 0 0 16.1245162358987
0

0101000
+25 0 -18 0 *
Ve
0.003
16.11404061317 38.44957828522 -10.63477396965
0 0

0101101
*
Ed
 1e-07 1 1 0
1  9 0 0 1
2  12 4 0 0 1
2  13 3 0 0 1
0

0101000
+18 0 -16 0 *
Ed
 0.003 1 1 0
1  10 0 0 16.1245162358987
2  14 4 0 0 16.1245162358987
0

0101000
+23 0 -16 0 *
Wi

0101000
+17 0 +15 0 -14 0 -22 0 *
Fa
0  1e-07 4 0

0111000
+13 0 *
Ed
 0.003 1 1 0
1  11 0 0 38.5255868297694
2  15 3 0 0 38.5255868297694
0

0101000
+18 0 -35 0 *
Ed
 0.003 1 1 0
1  12 0 0 38.5255868297694
2  16 3 0 0 38.5255868297694
0

0101000
+16 0 -30 0 *
Wi

0101000
+11 0 +28 0 -10 0 -15 0 *
Fa
0  1e-07 3 0

0111000
+9 0 *
Wi

0101100
+33 0 +24 0 +17 0 +11 0 *
Fa
0  0.003 5 0

0101100
-7 0 *
Wi

0101100
+29 0 +21 0 +14 0 +10 0 *
Fa
0  0.003 6 0

0101100
-5 0 *
Sh

0101100
+26 0 +19 0 +12 0 +8 0 +6 0 -4 0 *
So

0100000
+3 0 *
Co

1100000
+2 0 *

+1 0 