DBRep_DrawableShape

CASCADE Topology V1, (c) Matra-Datavision
Locations 0
Curve2ds 24
1 0 0 1 0 
1 0 0 1 0 
1 9.0000009536699999 0 0 -1 
1 0 0 0 1 
1 0 -10.606603622440002 1 0 
1 0 0 1 0 
1 0 0 0 -1 
1 0 0 0 1 
1 0 0 1 0 
1 0 10.606608390809999 1 0 
1 9.0000009536699999 0 0 -1 
1 10.606608390809999 0 0 1 
1 0 -10.606603622440002 1 0 
1 0 10.606608390809999 1 0 
1 0 0 0 -1 
1 10.606608390809999 0 0 1 
1 0 0 0 1 
1 0 0 1 0 
1 9.0000009536699999 0 0 1 
1 0 0 1 0 
1 0 0 0 1 
1 0 10.606603622440002 1 0 
1 9.0000009536699999 0 0 1 
1 0 10.606603622440002 1 0 
Curves 12
1 10 10 15.99999904633 0 0 1 
1 10 10 25 -0 1 0 
1 10 20.606603622440002 15.99999904633 0 0 1 
1 10 10 15.99999904633 -0 1 0 
1 20.606608390809999 10 15.99999904633 0 0 1 
1 20.606608390809999 10 25 0 1 0 
1 20.606608390809999 20.606603622440002 15.99999904633 0 0 1 
1 20.606608390809999 10 15.99999904633 -0 1 0 
1 10 10 15.99999904633 1 0 -0 
1 10 10 25 1 0 -0 
1 10 20.606603622440002 15.99999904633 1 0 -0 
1 10 20.606603622440002 25 1 0 -0 
Polygon3D 0
PolygonOnTriangulations 0
Surfaces 6
1 10 10 15.99999904633 1 0 -0 0 0 1 0 -1 0 
1 10 10 15.99999904633 -0 1 0 0 0 1 1 0 -0 
1 10 10 25 0 0 1 1 0 -0 -0 1 0 
1 10 20.606603622440002 15.99999904633 -0 1 0 0 0 1 1 0 -0 
1 10 10 15.99999904633 0 0 1 1 0 -0 -0 1 0 
1 20.606608390809999 10 15.99999904633 1 0 -0 0 0 1 0 -1 0 
Triangulations 0

TShapes 35
Ve
1e-07
10 10 25
0 0

0101101
*
Ve
1e-07
10 10 15.99999904633
0 0

0101101
*
Ed
 1e-07 1 1 0
1  1 0 0 9.00000095367
2  1 1 0 0 9.00000095367
2  2 2 0 0 9.00000095367
0

0101000
-35 0 +34 0 *
Ve
1e-07
10 20.60660362244 25
0 0

0101101
*
Ed
 1e-07 1 1 0
1  2 0 0 10.60660362244
2  3 1 0 0 10.60660362244
2  4 3 0 0 10.60660362244
0

0101000
-32 0 +35 0 *
Ve
1e-07
10 20.60660362244 15.99999904633
0 0

0101101
*
Ed
 1e-07 1 1 0
1  3 0 0 9.00000095367
2  5 1 0 0 9.00000095367
2  6 4 0 0 9.00000095367
0

0101000
-32 0 +30 0 *
Ed
 1e-07 1 1 0
1  4 0 0 10.60660362244
2  7 1 0 0 10.60660362244
2  8 5 0 0 10.60660362244
0

0101000
-30 0 +34 0 *
Wi

0101000
-33 0 -31 0 +29 0 +28 0 *
Fa
0  1e-07 1 0

0111000
+27 0 *
Ve
1e-07
20.60660839081 10 25
0 0

0101101
*
Ve
1e-07
20.60660839081 10 15.99999904633
0 0

0101101
*
Ed
 1e-07 1 1 0
1  5 0 0 9.00000095367
2  9 6 0 0 9.00000095367
2  10 2 0 0 9.00000095367
0

0101000
-25 0 +24 0 *
Ve
1e-07
20.60660839081 20.60660362244 25
0 0

0101101
*
Ed
 1e-07 1 1 0
1  6 0 0 10.60660362244
2  11 6 0 0 10.60660362244
2  12 3 0 0 10.60660362244
0

0101000
-22 0 +25 0 *
Ve
1e-07
20.60660839081 20.60660362244 15.99999904633
0 0

0101101
*
Ed
 1e-07 1 1 0
1  7 0 0 9.00000095367
2  13 6 0 0 9.00000095367
2  14 4 0 0 9.00000095367
0

0101000
-22 0 +20 0 *
Ed
 1e-07 1 1 0
1  8 0 0 10.60660362244
2  15 6 0 0 10.60660362244
2  16 5 0 0 10.60660362244
0

0101000
-20 0 +24 0 *
Wi

0101000
-23 0 -21 0 +19 0 +18 0 *
Fa
0  1e-07 6 0

0111000
+17 0 *
Ed
 1e-07 1 1 0
1  9 0 0 10.60660839081
2  17 2 0 0 10.60660839081
2  18 5 0 0 10.60660839081
0

0101000
-24 0 +34 0 *
Ed
 1e-07 1 1 0
1  10 0 0 10.60660839081
2  19 2 0 0 10.60660839081
2  20 3 0 0 10.60660839081
0

0101000
-25 0 +35 0 *
Wi

0101000
-15 0 -23 0 +14 0 +33 0 *
Fa
0  1e-07 2 0

0111000
+13 0 *
Ed
 1e-07 1 1 0
1  11 0 0 10.60660839081
2  21 4 0 0 10.60660839081
2  22 5 0 0 10.60660839081
0

0101000
-20 0 +30 0 *
Ed
 1e-07 1 1 0
1  12 0 0 10.60660839081
2  23 4 0 0 10.60660839081
2  24 3 0 0 10.60660839081
0

0101000
-22 0 +32 0 *
Wi

0101000
-11 0 -19 0 +10 0 +29 0 *
Fa
0  1e-07 4 0

0111000
+9 0 *
Wi

0101000
-28 0 -11 0 +18 0 +15 0 *
Fa
0  1e-07 5 0

0111000
+7 0 *
Wi

0101000
-31 0 -10 0 +21 0 +14 0 *
Fa
0  1e-07 3 0

0111000
+5 0 *
Sh

0101100
-26 0 +16 0 -12 0 +8 0 -6 0 +4 0 *
So

0100000
+3 0 *
Co

1100000
+2 0 *

+1 0 