DBRep_DrawableShape

CASCADE Topology V1, (c) Matra-Datavision
Locations 0
Curve2ds 6
1 0 9.0000009536699999 1 0 
2 0 0 1 0 -0 1 15.000007152559999
1 6.2831853071795862 -0 0 1 
1 0 -0 0 1 
1 0 0 1 0 
2 0 0 1 0 -0 1 15.000007152559999
Curves 3
2 10 10 25 0 0 1 1 0 -0 -0 1 0 15.000007152559999
1 25.000007152560002 9.9999999999999964 15.99999904633 0 0 1 
2 10 10 15.99999904633 0 0 1 1 0 -0 -0 1 0 15.000007152559999
Polygon3D 0
PolygonOnTriangulations 0
Surfaces 3
2 10 10 15.99999904633 0 0 1 1 0 -0 -0 1 0 15.000007152559999
1 10 10 25 0 0 1 1 0 -0 -0 1 0 
1 10 10 15.99999904633 0 0 1 1 0 -0 -0 1 0 
Triangulations 0

TShapes 14
Ve
1e-07
25.00000715256 10 25
0 0

0101101
*
Ed
 1e-07 1 1 0
1  1 0 0 6.28318530717959
2  1 1 0 0 6.28318530717959
2  2 2 0 0 6.28318530717959
0

0101100
+14 0 -14 0 *
Ve
1e-07
25.00000715256 10 15.99999904633
0 0

0101101
*
Ed
 1e-07 1 1 0
1  2 0 0 9.00000095367
3  3 4CN 1 0 0 9.00000095367
0

0101000
-14 0 +12 0 *
Ed
 1e-07 1 1 0
1  3 0 0 6.28318530717959
2  5 1 0 0 6.28318530717959
2  6 3 0 0 6.28318530717959
0

0101100
+12 0 -12 0 *
Wi

0101000
-13 0 +11 0 +10 0 -11 0 *
Fa
0  1e-07 1 0

0111000
+9 0 *
Wi

0101000
+13 0 *
Fa
0  1e-07 2 0

0111000
+7 0 *
Wi

0101000
-10 0 *
Fa
0  1e-07 3 0

0111000
-5 0 *
Sh

0101100
+8 0 +6 0 -4 0 *
So

0100100
+3 0 *
Co

1100000
+2 0 *

+1 0 