DBRep_DrawableShape

CASCADE Topology V1, (c) Matra-Datavision
Locations 0
Curve2ds 16
1 0 0 1 0 
6 0 1 38.470769021969978 0  38.470769021969978 50  
1 0 0 0 1 
1 0 50 1 0 
6 0 1 0 0  0 50  
6 0 1 48.202169198745956 0  48.202169198745956 50  
1 0 0 1 0 
1 48.202167835318157 0 0 1 
1 0 0 0 1 
7 0 0  1 2 2  0 1  48.202167835318157 1 
 0 2 48.202167556435555 2
7 0 0  1 2 2  0 0  38.470770850197262 0 
 0 2 38.470770323418996 2
1 38.470770850197262 0 0 1 
6 0 1 0 0  0 50  
1 0 1 1 0 
1 0 0 1 0 
1 0 50 1 0 
Curves 12
1 16.00000023842 -8.000000119209 25 -0.88378792049265242 0.46788771258847245 0 
6 0 1 -18.000000715260001 10 25  -18.000000715260001 10 -25  
1 16.00000023842 -8.000000119209 -25 -0.88378792049265242 0.46788771258847245 0 
6 0 1 16.00000023842 -8.000000119209 25  16.00000023842 -8.000000119209 -25  
1 -18.000000715260001 10 25 0.46788772212354879 0.88378791544467095 0 
7 0 0  1 2 2  4.5532017946240018 52.600493431090001 25  4.5532011985780017 52.600493431090001 -25 
 0 2 1 2
1 -18.000000715260001 10 -25 0.46788771246505667 0.88378792055799027 0 
1 4.553201794624 52.600493431090001 25 0.88378793707488024 -0.46788768126648456 0 
7 0 0  1 2 2  38.553204536439999 34.600493907930002 25  38.553204536439999 34.600493907930002 -25 
 0 2 1 2
1 4.5532011985779999 52.600493431090001 -25 0.88378794046669484 -0.46788767485972282 0 
1 38.553204536439999 34.600493907930002 25 -0.46788774598564642 -0.8837879028117952 0 
1 38.553204536439999 34.600493907930002 -25 -0.46788774598564642 -0.8837879028117952 0 
Polygon3D 0
PolygonOnTriangulations 0
Surfaces 6
10 0 38.470769021969978 0 50
1 16.00000023842 -8.000000119209 25 -0.4678877125884725 -0.88378792049265253 -0 -0.88378792049265253 0.4678877125884725 0 0 0 -1 
9 0 0 0 0 1 1 2 2 2 2 -18.000000715260001 10 25  -18.000000715260001 10 -25  
4.5532017946240018 52.600493431090001 25  4.5532011985780017 52.600493431090001 -25  

0 2
48.202167835318157 2

0 2
1 2

10 0 48.202169198745956 0 50
1 38.553204536439999 34.600493907930002 25 0.88378790281179531 -0.46788774598564647 0 -0.46788774598564647 -0.88378790281179531 0 0 -0 -1 
9 0 0 0 0 1 1 2 2 2 2 4.553201794624 52.600493431090001 25  4.5532011985779999 52.600493431090001 -25  
38.553204536439999 34.600493907930002 25  38.553204536439999 34.600493907930002 -25  

0 2
38.470770850197262 2

0 2
1 2

1 10.276601463556 22.300246804952746 25 2.213706072396443e-16 -4.3895397356638172e-16 1 0 1 4.3895397356638172e-16 -1 -9.7171507678644687e-32 2.213706072396443e-16 
1 10.2766013145445 22.300246804952749 -25 -1.7767449826630596e-16 2.3040101101124343e-16 1 0 1 -2.3040101101124343e-16 -1 -4.0936384031472309e-32 -1.7767449826630596e-16 
Triangulations 0

TShapes 35
Ve
0.003
16.00000023842 -8.000000119209 25
0 0

0101101
*
Ve
0.003
-18.00000071526 10 25
0 0

0101101
*
Ed
 0.003 1 1 0
1  1 0 0 38.47076902197
2  1 1 0 0 38.47076902197
0

0101000
+35 0 -34 0 *
Ve
0.003
-18.00000071526 10 -25
0 0

0101101
*
Ed
 1e-07 1 1 0
1  2 0 0 1
2  2 1 0 0 1
2  3 2 0 0 1
0

0101000
+34 0 -32 0 *
Ve
0.003
16.00000023842 -8.000000119209 -25
0 0

0101101
*
Ed
 0.003 1 1 0
1  3 0 0 38.47076902197
2  4 1 0 0 38.47076902197
0

0101000
+30 0 -32 0 *
Ed
 1e-07 1 1 0
1  4 0 0 1
2  5 1 0 0 1
2  6 3 0 0 1
0

0101000
+35 0 -30 0 *
Wi

0101000
+33 0 +31 0 -29 0 -28 0 *
Fa
0  1e-07 1 0

0111000
+27 0 *
Ve
0.003
4.553201794624 52.60049343109 25
0 0

0101101
*
Ed
 0.003 1 1 0
1  5 0 0 48.2021678353182
2  7 2 0 0 48.2021678353182
0

0101000
+34 0 -25 0 *
Ve
0.003
4.553201198578 52.60049343109 -25
0 0

0101101
*
Ed
 1e-07 1 1 0
1  6 0 0 1
2  8 2 0 0 1
2  9 4 0 0 1
0

0101000
+25 0 -23 0 *
Ed
 0.003 1 1 0
1  7 0 0 48.2021675564356
2  10 2 0 0 48.2021675564356
0

0101000
+32 0 -23 0 *
Wi

0101000
+24 0 +22 0 -21 0 -31 0 *
Fa
0  1e-07 2 0

0111000
+20 0 *
Ve
0.003
38.55320453644 34.60049390793 25
0 0

0101101
*
Ed
 0.003 1 1 0
1  8 0 0 38.470770323419
2  11 4 0 0 38.470770323419
0

0101000
+25 0 -18 0 *
Ve
0.003
38.55320453644 34.60049390793 -25
0 0

0101101
*
Ed
 1e-07 1 1 0
1  9 0 0 1
2  12 4 0 0 1
2  13 3 0 0 1
0

0101000
+18 0 -16 0 *
Ed
 0.003 1 1 0
1  10 0 0 38.4707708501973
2  14 4 0 0 38.4707708501973
0

0101000
+23 0 -16 0 *
Wi

0101000
+17 0 +15 0 -14 0 -22 0 *
Fa
0  1e-07 4 0

0101000
+13 0 *
Ed
 0.003 1 1 0
1  11 0 0 48.202169198746
2  15 3 0 0 48.202169198746
0

0101000
+18 0 -35 0 *
Ed
 0.003 1 1 0
1  12 0 0 48.202169198746
2  16 3 0 0 48.202169198746
0

0101000
+16 0 -30 0 *
Wi

0101000
+11 0 +28 0 -10 0 -15 0 *
Fa
0  1e-07 3 0

0111000
+9 0 *
Wi

0101100
+33 0 +24 0 +17 0 +11 0 *
Fa
0  0.003 5 0

0111100
-7 0 *
Wi

0101100
+29 0 +21 0 +14 0 +10 0 *
Fa
0  0.003 6 0

0111100
-5 0 *
Sh

0101100
+26 0 +19 0 +12 0 +8 0 +6 0 -4 0 *
So

0100000
+3 0 *
Co

1100000
+2 0 *

+1 0 