DBRep_DrawableShape

CASCADE Topology V1, (c) Matra-Datavision
Locations 0
Curve2ds 10
6 0 1 1 1  0 1  
6 0 1 0 0  0 1  
6 0 1 1 0  1 1  
6 0 1 1 0.5  1 1  
6 0 1 1 1  1 0  
6 0 1 1 0  1 0.5  
6 0 1 0 0  1 0  
6 0 1 0 1  0 0  
6 0 1 0 0  0 1  
6 0 1 0 0  0 1  
Curves 5
6 0 1 -20 -30 183.20508075688801  -20 -30 10  
6 0 1 18 -30 183.20508075688801  -20 -30 183.20508075688801  
6 0 1 56 -30 183.20508075688801  18 -30 183.20508075688801  
6 0 1 56 -30 10  56 -30 183.20508075688801  
6 0 1 56 -30 10  -20 -30 10  
Polygon3D 0
PolygonOnTriangulations 0
Surfaces 6
8 0 0 1 1 56 -30 10  -20 -30 10  
56 -30 183.20508075688801  -20 -30 183.20508075688801  

8 0 0 1 1 -20 -30 183.20508075688801  -20 -30 10  
-20 70 10  -20 70 10  

8 0 0 1 1 17.999999999999901 70 10  -20 70 10  
17.999999999999901 -30 183.20508075688801  -20 -30 183.20508075688801  

8 0 0 1 1 18 70 10  56 70 10  
18 -30 183.20508075688801  56 -30 183.20508075688801  

8 0 0 1 1 56 -30 183.20508075688801  56 -30 10  
56 70 10  56 70 10  

8 0 0 1 1 56 -30 10  -20 -30 10  
56 70 10  -20 70 10  

Triangulations 0

TShapes 12
Ve
0.0011
-20 -30 183.205080756888
0 0

0101100
*
Ve
0.0011
-20 -30 10
0 0

0101100
*
Ed
 1e-07 1 1 0
1  1 0 0 1
2  1 1 0 0 1
2  2 2 0 0 1
0

0101000
+12 0 -11 0 *
Ve
0.0011
18 -30 183.205080756888
0 0

0101100
*
Ed
 1e-07 1 1 0
1  2 0 0 1
2  3 3 0 0 1
2  4 1 0 0 1
0

0101000
+9 0 -12 0 *
Ve
0.0011
56 -30 183.205080756888
0 0

0101100
*
Ed
 1e-07 1 1 0
1  3 0 0 1
2  5 4 0 0 1
2  6 1 0 0 1
0

0101000
+7 0 -9 0 *
Ve
0.0011
56 -30 10
0 0

0101100
*
Ed
 1e-07 1 1 0
1  4 0 0 1
2  7 1 0 0 1
2  8 5 0 0 1
0

0101000
+5 0 -7 0 *
Ed
 1e-07 1 1 0
1  5 0 0 1
2  9 1 0 0 1
2  10 6 0 0 1
0

0101000
+5 0 -11 0 *
Wi

0101100
-10 0 -8 0 -6 0 -4 0 +3 0 *
Fa
0  1e-07 1 0

0111000
-2 0 *

-1 0 
0

