DBRep_DrawableShape

CASCADE Topology V1, (c) Matra-Datavision
Locations 0
Curve2ds 16
7 0 0  1 2 2  0 0  27.952769426215699 0 
 0 2 27.952768310056605 2
1 27.952769426215699 0 0 1 
1 0 0 0 1 
1 0 1 1 0 
1 0 0 0 1 
1 59.974107367339847 0 0 1 
7 0 0  1 2 2  0 0  59.974109390333275 0 
 0 2 59.974108971683769 2
1 59.974109390333275 0 0 1 
1 0 0 0 1 
1 0 1 1 0 
7 0 0  1 2 2  0 0  27.952768030837127 0 
 0 2 27.952765798519831 2
1 27.952768030837127 0 0 1 
1 0 0 0 1 
1 0 1 1 0 
1 0 0 1 0 
1 0 1 1 0 
Curves 12
1 -12.595421075819999 32.885987758639999 49.574408531190002 0.93630437940037425 0.35118956293671372 0 
7 0 0  1 2 2  13.576878309249999 42.70270824432 49.574408531190002  13.576867580410001 42.70270824432 -11.943676471710001 
 0 2 1 2
1 -12.59543299675 32.885987758639999 -11.943676471710001 0.93630438466015209 0.35118954891365151 0 
7 0 0  1 2 2  -12.595421075819999 32.885987758639999 49.574408531190002  -12.59543299675 32.885987758639999 -11.943676471710001 
 0 2 1 2
1 13.57687830925 42.70270824432 49.574408531190002 0.35118950354751194 -0.93630440167610673 0 
7 0 0  1 2 2  34.639155864720003 -13.451313972469997 49.574408531190002  34.639146327970003 -13.451313972469997 -11.943676471710001 
 0 2 1 2
1 13.576867580409999 42.70270824432 -11.943676471710001 0.35118952097277589 -0.93630439514023023 0 
1 34.639155864720003 -13.45131397247 49.574408531190002 -0.9363043995568372 -0.35118950919768449 0 
7 0 0  1 2 2  8.4668582677839979 -23.268032073970002 49.574408531190002  8.4668463468550001 -23.268032073970002 -11.943676471710001 
 0 2 1 2
1 34.639146327970003 -13.45131397247 -11.943676471710001 -0.93630441007638543 -0.35118948115157422 0 
1 8.4668582677839996 -23.268032073970002 49.574408531190002 -0.35118954275714698 0.93630438696933704 0 
1 8.4668463468550001 -23.268032073970002 -11.943676471710001 -0.35118954275716163 0.93630438696933149 0 
Polygon3D 0
PolygonOnTriangulations 0
Surfaces 6
9 0 0 0 0 1 1 2 2 2 2 -12.595421075819999 32.885987758639999 49.574408531190002  -12.59543299675 32.885987758639999 -11.943676471710001  
13.576878309249999 42.70270824432 49.574408531190002  13.576867580410001 42.70270824432 -11.943676471710001  

0 2
27.952769426215699 2

0 2
1 2

9 0 0 0 0 1 1 2 2 2 2 13.57687830925 42.70270824432 49.574408531190002  13.576867580409999 42.70270824432 -11.943676471710001  
34.639155864720003 -13.451313972469997 49.574408531190002  34.639146327970003 -13.451313972469997 -11.943676471710001  

0 2
59.974109390333275 2

0 2
1 2

9 0 0 0 0 1 1 2 2 2 2 8.4668582677839996 -23.268032073970002 49.574408531190002  8.4668463468550001 -23.268032073970002 -11.943676471710001  
-12.595421075819997 32.885987758639999 49.574408531190002  -12.595432996749999 32.885987758639999 -11.943676471710001  

0 2
59.974107367339847 2

0 2
1 2

9 0 0 0 0 1 1 2 2 2 2 34.639155864720003 -13.45131397247 49.574408531190002  34.639146327970003 -13.45131397247 -11.943676471710001  
8.4668582677839979 -23.268032073970002 49.574408531190002  8.4668463468550001 -23.268032073970002 -11.943676471710001  

0 2
27.952768030837127 2

0 2
1 2

1 11.0218678414835 9.7173374891300011 49.574408531189995 -1.7782383629058143e-15 -7.7175559899879612e-16 1 1 0 1.7782383629058143e-15 -1.3723654129270153e-30 1 7.7175559899879612e-16 
1 11.02185681462125 9.7173374891300028 -11.943676471710004 -3.0192892671306244e-16 -2.5173359327201265e-16 1 1 0 3.0192892671306244e-16 -7.6005653634241377e-32 1 2.5173359327201265e-16 
Triangulations 0

TShapes 35
Ve
0.003
-12.59542107582 32.88598775864 49.57440853119
0 0

0101101
*
Ve
0.003
13.57687830925 42.70270824432 49.57440853119
0 0

0101101
*
Ed
 0.003 1 1 0
1  1 0 0 27.9527683100566
2  1 1 0 0 27.9527683100566
0

0101000
+35 0 -34 0 *
Ve
0.003
13.57686758041 42.70270824432 -11.94367647171
0 0

0101101
*
Ed
 1e-07 1 1 0
1  2 0 0 1
2  2 1 0 0 1
2  3 2 0 0 1
0

0101000
+34 0 -32 0 *
Ve
0.003
-12.59543299675 32.88598775864 -11.94367647171
0 0

0101101
*
Ed
 0.003 1 1 0
1  3 0 0 27.9527694262157
2  4 1 0 0 27.9527694262157
0

0101000
+30 0 -32 0 *
Ed
 1e-07 1 1 0
1  4 0 0 1
2  5 1 0 0 1
2  6 3 0 0 1
0

0101000
+35 0 -30 0 *
Wi

0101000
+33 0 +31 0 -29 0 -28 0 *
Fa
0  1e-07 1 0

0111000
+27 0 *
Ve
0.003
34.63915586472 -13.45131397247 49.57440853119
0 0

0101101
*
Ed
 0.003 1 1 0
1  5 0 0 59.9741089716838
2  7 2 0 0 59.9741089716838
0

0101000
+34 0 -25 0 *
Ve
0.003
34.63914632797 -13.45131397247 -11.94367647171
0 0

0101101
*
Ed
 1e-07 1 1 0
1  6 0 0 1
2  8 2 0 0 1
2  9 4 0 0 1
0

0101000
+25 0 -23 0 *
Ed
 0.003 1 1 0
1  7 0 0 59.9741093903333
2  10 2 0 0 59.9741093903333
0

0101000
+32 0 -23 0 *
Wi

0101000
+24 0 +22 0 -21 0 -31 0 *
Fa
0  1e-07 2 0

0111000
+20 0 *
Ve
0.003
8.466858267784 -23.26803207397 49.57440853119
0 0

0101101
*
Ed
 0.003 1 1 0
1  8 0 0 27.9527657985198
2  11 4 0 0 27.9527657985198
0

0101000
+25 0 -18 0 *
Ve
0.003
8.466846346855 -23.26803207397 -11.94367647171
0 0

0101101
*
Ed
 1e-07 1 1 0
1  9 0 0 1
2  12 4 0 0 1
2  13 3 0 0 1
0

0101000
+18 0 -16 0 *
Ed
 0.003 1 1 0
1  10 0 0 27.9527680308371
2  14 4 0 0 27.9527680308371
0

0101000
+23 0 -16 0 *
Wi

0101000
+17 0 +15 0 -14 0 -22 0 *
Fa
0  1e-07 4 0

0101000
+13 0 *
Ed
 0.003 1 1 0
1  11 0 0 59.9741073673395
2  15 3 0 0 59.9741073673395
0

0101000
+18 0 -35 0 *
Ed
 0.003 1 1 0
1  12 0 0 59.9741073673398
2  16 3 0 0 59.9741073673398
0

0101000
+16 0 -30 0 *
Wi

0101000
+11 0 +28 0 -10 0 -15 0 *
Fa
0  1e-07 3 0

0101000
+9 0 *
Wi

0101100
+33 0 +24 0 +17 0 +11 0 *
Fa
0  0.003 5 0

0101100
-7 0 *
Wi

0101100
+29 0 +21 0 +14 0 +10 0 *
Fa
0  0.003 6 0

0101100
-5 0 *
Sh

0101100
+26 0 +19 0 +12 0 +8 0 +6 0 -4 0 *
So

0100000
+3 0 *
Co

1100000
+2 0 *

+1 0 