DBRep_DrawableShape

CASCADE Topology V1, (c) Matra-Datavision
Locations 0
Curve2ds 12
1 0 0 1 0 
1 46.032583362886839 0 0 1 
1 0 0 0 1 
7 0 0  1 2 2  0 1  46.032583362886839 1 
 0 2 23.358628789667524 2
1 0 0 0 1 
1 117.05956482935014 0 0 1 
7 0 0  1 2 2  0 0  105.49664374979436 0 
 0 2 81.069297001353078 2
1 105.49664374979436 0 0 1 
1 0 0 0 1 
1 0 1 1 0 
7 0 0  1 2 2  0 0  117.05956482935014 0 
 0 2 111.55288551750922 2
1 0 1 1 0 
Curves 9
1 30.588877201079999 -54.155545234679998 0 0.54013227937682973 0.7677208071027477 -0.34476351767073027 
7 0 0  1 2 2  55.452561378479999 -18.8153731823 -15.87035536766  -44.656491279599997 -20.778713226320001 -4.7447547316550001 
 0 2 1 2
1 -53.16248416901 -41.066589355470001 3.1086334586139999 0.36414778307417389 0.86853883041816893 -0.33620929811354655 
7 0 0  1 2 2  30.588877201079999 -54.155545234679998 0  -53.16248416901 -41.066589355470001 3.1086334586139999 
 0 2 1 2
1 55.452561378479999 -18.8153731823 -15.87035536766 -0.1452772551848257 0.92028715305394571 0.36327135181545323 
7 0 0  1 2 2  43.675036430360002 55.79165935516 13.57979774475  -71.483101844789999 62.990593910219992 53.501086235050003 
 0 2 1 2
1 -44.656491279599997 -20.778713226320001 -4.7447547316550001 -0.25428875850130817 0.79404712945385314 0.55211084349608552 
1 43.675036430360002 55.79165935516 13.57979774475 -0.11730901597544076 -0.98560610135524285 -0.12173416834312661 
1 -71.483101844789999 62.990593910219999 53.501086235050003 0.15650679807743914 -0.88892508200748011 -0.43048556390841114 
Polygon3D 0
PolygonOnTriangulations 0
Surfaces 5
9 0 0 0 0 1 1 2 2 2 2 30.588877201079999 -54.155545234679998 0  -53.16248416901 -41.066589355470001 3.1086334586139999  
55.452561378479999 -18.8153731823 -15.87035536766  -44.656491279599997 -20.778713226320001 -4.7447547316550001  

0 2
46.032583362886839 2

0 2
1 2

9 0 0 0 0 1 1 2 2 2 2 55.452561378479999 -18.8153731823 -15.87035536766  -44.656491279599997 -20.778713226320001 -4.7447547316550001  
43.675036430360002 55.79165935516 13.57979774475  -71.483101844789999 62.990593910219992 53.501086235050003  

0 2
105.49664374979436 2

0 2
1 2

9 0 0 0 0 1 1 2 2 2 2 43.675036430360002 55.79165935516 13.57979774475  -71.483101844789999 62.990593910219999 53.501086235050003  
30.588877201079999 -54.155545234679998 0  -53.16248416901 -41.066589355470001 3.1086334586140012  

0 2
117.05956482935014 2

0 2
1 2

1 43.238825003306673 -5.7264196872733333 -0.76351920763666625 0.68969839370454755 -0.16905251233268684 0.70408619770264913 0.71436806477890513 -1.3877787807814454e-17 -0.69977015371051821 0.11829790254019353 0.98560704546690758 0.12076571608111344 
1 -56.434025764466668 0.38176377614332718 17.288321654003003 0.81903066608771002 -0.12678392281653431 0.55956644370724484 -0.56411867898222867 0 0.82569371804764591 -0.10468468861904998 -0.99193035890391579 -0.071521179055448178 
Triangulations 0

TShapes 28
Ve
0.003
30.58887720108 -54.15554523468 0
0 0

0101101
*
Ve
0.003
55.45256137848 -18.8153731823 -15.87035536766
0 0

0101101
*
Ed
 0.003 1 1 0
1  1 0 0 46.0325833628868
2  1 1 0 0 46.0325833628868
0

0101000
+28 0 -27 0 *
Ve
0.003
-44.6564912796 -20.77871322632 -4.744754731655
0 0

0101101
*
Ed
 1e-07 1 1 0
1  2 0 0 1
2  2 1 0 0 1
2  3 2 0 0 1
0

0101000
+27 0 -25 0 *
Ve
0.003
-53.16248416901 -41.06658935547 3.108633458614
0 0

0101101
*
Ed
 0.003 1 1 0
1  3 0 0 23.3586287896675
2  4 1 0 0 23.3586287896675
0

0101000
+23 0 -25 0 *
Ed
 1e-07 1 1 0
1  4 0 0 1
2  5 1 0 0 1
2  6 3 0 0 1
0

0101000
+28 0 -23 0 *
Wi

0101000
+26 0 +24 0 -22 0 -21 0 *
Fa
0  1e-07 1 0

0111000
+20 0 *
Ve
0.003
43.67503643036 55.79165935516 13.57979774475
0 0

0101101
*
Ed
 0.003 1 1 0
1  5 0 0 81.0692970013531
2  7 2 0 0 81.0692970013531
0

0101000
+27 0 -18 0 *
Ve
0.003
-71.48310184479 62.99059391022 53.50108623505
0 0

0101101
*
Ed
 1e-07 1 1 0
1  6 0 0 1
2  8 2 0 0 1
2  9 3 0 0 1
0

0101000
+18 0 -16 0 *
Ed
 0.003 1 1 0
1  7 0 0 105.496643749794
2  10 2 0 0 105.496643749794
0

0101000
+25 0 -16 0 *
Wi

0101000
+17 0 +15 0 -14 0 -24 0 *
Fa
0  1e-07 2 0

0111000
+13 0 *
Ed
 0.003 1 1 0
1  8 0 0 111.552885517509
2  11 3 0 0 111.552885517509
0

0101000
+18 0 -28 0 *
Ed
 0.003 1 1 0
1  9 0 0 117.05956482935
2  12 3 0 0 117.05956482935
0

0101000
+16 0 -23 0 *
Wi

0101000
+11 0 +21 0 -10 0 -15 0 *
Fa
0  1e-07 3 0

0101000
+9 0 *
Wi

0101100
+26 0 +17 0 +11 0 *
Fa
0  0.003 4 0

0111100
+7 0 *
Wi

0101100
+22 0 +14 0 +10 0 *
Fa
0  0.003 5 0

0111100
+5 0 *
Sh

0101100
+19 0 +12 0 +8 0 -6 0 +4 0 *
So

0100000
-3 0 *
Co

1100000
+2 0 *

+1 0 