DBRep_DrawableShape

CASCADE Topology V1, (c) Matra-Datavision
Locations 25
1
              1               0              -0              -0 
             -0               1               0              -0 
              0               0               1            -100 
1
              1               0              -0               0 
             -0               1               0               0 
              0               0               1             200 
2  1 1 2 1 0
1
              1               0              -0               0 
             -0               1               0               0 
              0               0               1             0.1 
2  4 -1 0
1
              1               0              -0               0 
             -0               1               0               0 
              0               0               1             0.5 
2  6 -1 0
1
              1               0              -0              -0 
             -0               1               0              -0 
              0               0               1           -0.25 
2  8 -1 0
1
              1               0              -0               0 
             -0               1               0               0 
              0               0               1             0.5 
2  10 -1 8 -1 0
1
              1               0              -0              -0 
             -0               1               0              -0 
              0               0               1           -0.25 
2  12 -1 0
1
              1               0              -0               0 
             -0               1               0               0 
              0               0               1             0.5 
2  14 -1 12 -1 0
1
              1               0              -0              -0 
             -0               1               0              -0 
              0               0               1           -0.25 
2  16 -1 0
1
              1               0              -0               0 
             -0               1               0               0 
              0               0               1             0.5 
2  18 -1 16 -1 0
1
              1               0              -0              -0 
             -0               1               0              -0 
              0               0               1            -100 
2  20 -1 0
1
              1               0              -0               0 
             -0               1               0               0 
              0               0               1             200 
2  22 -1 20 -1 0
2  1 -1 0
2  2 -1 1 -1 0
Curve2ds 16
1 0 0 0 -1 
1 1 0 0 -1 
1 0 0 1 0 
1 0 -0.10000000000000001 1 0 
1 0 0 1 0 
1 0 -0.5 1 0 
1 0 0 1 0 
1 0 -0.5 1 0 
1 0 0 1 0 
1 0 -0.5 1 0 
1 0 0 1 0 
1 0 -0.5 1 0 
1 0 0 1 0 
1 0 -200 1 0 
1 0 0 1 0 
1 0 -200 1 0 
Curves 3
1 -0.32114538550376898 -0.0045304810628294901 -100 0 0 1 
1 0.21189427375793499 -0.085558876395225497 -100 0 0 1 
7 0 0  3 6 4  -0.32114538550376898 -0.0045304810628294901 0  -0.26750010573173499 -0.071013550013165394 0  -0.10479757454944599 -0.21123461040394401 0  0.021910218913859799 0.030909515144858998 0  0.161508058433805 -0.046266146055854503 0  0.21189427375793499 -0.085558876395225497 0 
 0 4 0.42039236121596901 1 0.68556449867963998 1 1 4
Polygon3D 0
PolygonOnTriangulations 0
Surfaces 7
6 -0 -0 -1 
7 0 0  3 6 4  -0.32114538550376898 -0.0045304810628294901 -100  -0.26750010573173499 -0.071013550013165394 -100  -0.10479757454944599 -0.21123461040394401 -100  0.021910218913859799 0.030909515144858998 -100  0.161508058433805 -0.046266146055854503 -100  0.21189427375793499 -0.085558876395225497 -100 
 0 4 0.42039236121596901 1 0.68556449867963998 1 1 4
6 -0 -0 -1 
7 0 0  3 6 4  -0.32114538550376898 -0.0045304810628294901 0  -0.26750010573173499 -0.071013550013165394 0  -0.10479757454944599 -0.21123461040394401 0  0.021910218913859799 0.030909515144858998 0  0.161508058433805 -0.046266146055854503 0  0.21189427375793499 -0.085558876395225497 0 
 0 4 0.42039236121596901 1 0.68556449867963998 1 1 4
6 -0 -0 -1 
7 0 0  3 6 4  -0.32114538550376898 -0.0045304810628294901 0  -0.26750010573173499 -0.071013550013165394 0  -0.10479757454944599 -0.21123461040394401 0  0.021910218913859799 0.030909515144858998 0  0.161508058433805 -0.046266146055854503 0  0.21189427375793499 -0.085558876395225497 0 
 0 4 0.42039236121596901 1 0.68556449867963998 1 1 4
6 -0 -0 -1 
7 0 0  3 6 4  -0.32114538550376898 -0.0045304810628294901 -0.25  -0.26750010573173499 -0.071013550013165394 -0.25  -0.10479757454944599 -0.21123461040394401 -0.25  0.021910218913859799 0.030909515144858998 -0.25  0.161508058433805 -0.046266146055854503 -0.25  0.21189427375793499 -0.085558876395225497 -0.25 
 0 4 0.42039236121596901 1 0.68556449867963998 1 1 4
6 -0 -0 -1 
7 0 0  3 6 4  -0.32114538550376898 -0.0045304810628294901 -0.25  -0.26750010573173499 -0.071013550013165394 -0.25  -0.10479757454944599 -0.21123461040394401 -0.25  0.021910218913859799 0.030909515144858998 -0.25  0.161508058433805 -0.046266146055854503 -0.25  0.21189427375793499 -0.085558876395225497 -0.25 
 0 4 0.42039236121596901 1 0.68556449867963998 1 1 4
6 -0 -0 -1 
7 0 0  3 6 4  -0.32114538550376898 -0.0045304810628294901 -0.25  -0.26750010573173499 -0.071013550013165394 -0.25  -0.10479757454944599 -0.21123461040394401 -0.25  0.021910218913859799 0.030909515144858998 -0.25  0.161508058433805 -0.046266146055854503 -0.25  0.21189427375793499 -0.085558876395225497 -0.25 
 0 4 0.42039236121596901 1 0.68556449867963998 1 1 4
6 -0 -0 -1 
7 0 0  3 6 4  -0.32114538550376898 -0.0045304810628294901 -100  -0.26750010573173499 -0.071013550013165394 -100  -0.10479757454944599 -0.21123461040394401 -100  0.021910218913859799 0.030909515144858998 -100  0.161508058433805 -0.046266146055854503 -100  0.21189427375793499 -0.085558876395225497 -100 
 0 4 0.42039236121596901 1 0.68556449867963998 1 1 4
Triangulations 0

TShapes 7
Ve
1e-07
-0.321145385503769 -0.00453048106282949 0
0 0

0101100
*
Ed
 1e-07 1 1 0
1  1 0 0 200
2  1 1 0 0 200
0

0101000
+7 1 -7 3 *
Ve
1e-07
0.211894273757935 -0.0855588763952255 0
0 0

0101100
*
Ed
 1e-07 1 1 0
1  2 0 0 200
2  2 1 0 0 200
0

0101000
+5 1 -5 3 *
Ed
 1e-07 1 1 0
1  3 0 0 1
2  3 2 0 0 1
2  4 2 5 0 1
2  5 3 0 0 1
2  6 3 7 0 1
2  7 4 9 0 1
2  8 4 11 0 1
2  9 5 13 0 1
2  10 5 15 0 1
2  11 6 17 0 1
2  12 6 19 0 1
2  13 7 21 0 1
2  14 7 23 0 1
2  15 1 24 0 1
2  16 1 25 0 1
0

0101000
+7 0 -5 0 *
Wi

0101000
+6 0 -4 0 -3 1 +3 3 *
Fa
0  1e-07 1 0

0111000
+2 0 *

+1 0 
0

