DBRep_DrawableShape

CASCADE Topology V1, (c) Matra-Datavision
Locations 0
Curve2ds 36
7 0 0  1 2 2  0 0  25.248671575652551 0 
 0 2 25.006146124323649 2
1 25.248671575652551 0 0 1 
1 0 0 0 1 
1 0 1 1 0 
1 0 0 0 1 
1 0.97978677582180451 0 0 1 
7 0 0  1 2 2  0 0  33.539717558607606 0 
 0 2 25.009597873162285 2
1 33.539717558607606 0 0 1 
1 0 0 0 1 
1 0 1 1 0 
7 0 0  1 2 2  0 0  24.736063980541878 0 
 0 2 24.307189941410002 2
1 24.736063980541878 0 0 1 
1 0 0 0 1 
1 0 1 1 0 
7 0 0  1 2 2  0 0  28.850766600936218 0 
 0 2 25.006146124323649 2
1 28.850766600936218 0 0 1 
1 0 0 0 1 
1 0 1 1 0 
7 0 0  1 2 2  0 0  25.880498819715303 0 
 0 2 25.006146124323649 2
1 25.880498819715303 0 0 1 
1 0 0 0 1 
1 0 1 1 0 
7 0 0  1 2 2  0 0  33.762984821792116 0 
 0 2 25 2
1 33.762984821792116 0 0 1 
1 0 0 0 1 
1 0 1 1 0 
1 0 0 1 0 
1 25 0 0 1 
1 0 0 0 1 
7 0 0  1 2 2  0 1  25 1 
 0 2 21.582051127555701 2
7 0 0  1 2 2  0 0  32.008617473720683 0 
 0 2 25 2
1 32.008617473720683 0 0 1 
1 0 0 0 1 
1 0 1 1 0 
7 0 0  1 2 2  0 0  0.97978677582180451 0 
 0 2 0.55438613892000177 2
1 0 1 1 0 
Curves 27
1 -25 25 -24.445613861079998 0 -0.99975421545194965 -0.022169995174936077 
7 0 0  1 2 2  -25 0 -25  -40.496746063229999 4.3736433982850009 25 
 0 2 1 2
1 -25 24.307189941410002 25 -0.6137648080532524 -0.78948892354190392 0 
7 0 0  1 2 2  -25 25 -24.445613861079998  -25 24.307189941410002 25 
 0 2 1 2
1 -25 0 -25 0.027701767221673342 -0.99961623240761566 0 
7 0 0  1 2 2  -24.307189941410002 -25 -25  -24.307189941410002 -25 25 
 0 2 1 2
1 -40.496746063229999 4.373643398285 25 0.48269804578795933 -0.87578684426776199 0 
1 -24.307189941410002 -25 -25 1 0 0 
7 0 0  1 2 2  0 -25 -25  -2.2677886486049985 -13.76889801025 25 
 0 2 1 2
1 -24.307189941410002 -25 25 0.89098254718866554 0.4540375541793843 0 
1 0 -25 -25 0.99975421545194965 0 0.022169995174936077 
7 0 0  1 2 2  25 -25 -24.445613861079998  24.307182312009999 -25 25 
 0 2 1 2
1 -2.2677886486049998 -13.76889801025 25 0.92111836500568511 -0.38928261924886065 0 
1 25 -25 -24.445613861079998 0 0.99975421545194965 -0.022169995174936077 
7 0 0  1 2 2  25 0 -25  41.144748687739998 -5.3455710411070001 25 
 0 2 1 2
1 24.307182312009999 -25 25 0.65058894316609694 0.7594300672412313 0 
1 25 0 -25 0 1 0 
7 0 0  1 2 2  25 25 -25  25 24.307189941410002 25 
 0 2 1 2
1 41.144748687739998 -5.3455710411070001 25 -0.47817895168200492 0.87826242670872523 0 
1 25 25 -25 -1 0 0 
7 0 0  1 2 2  0 25 -25  6.1555366516110013 34.827224731450002 25 
 0 2 1 2
1 25 24.307189941410002 25 -0.87315442063468274 0.48744369698059642 0 
1 0 25 -25 -1 0 0 
7 0 0  1 2 2  -25 25 -25  -24.307182312009999 25 25 
 0 2 1 2
1 6.1555366516110004 34.827224731450002 25 -0.95170367756842744 -0.30701809409663594 0 
1 -25 25 -25 0 0 1 
1 -24.307182312009999 25 25 -0.70711067457395926 -0.70710288777769836 0 
Polygon3D 0
PolygonOnTriangulations 0
Surfaces 11
9 0 0 0 0 1 1 2 2 2 2 -25 25 -24.445613861079998  -25 24.307189941410002 25  
-25 0 -25  -40.496746063229999 4.3736433982850009 25  

0 2
25.248671575652551 2

0 2
1 2

9 0 0 0 0 1 1 2 2 2 2 -25 0 -25  -40.496746063229999 4.373643398285 25  
-24.307189941410002 -25 -25  -24.307189941410002 -25 25  

0 2
33.539717558607606 2

0 2
1 2

9 0 0 0 0 1 1 2 2 2 2 -25 25 -25  -24.307182312009999 25 25  
-25 25 -24.445613861079998  -25 24.307189941410002 25  

0 2
0.97978677582180451 2

0 2
1 2

9 0 0 0 0 1 1 2 2 2 2 -24.307189941410002 -25 -25  -24.307189941410002 -25 25  
0 -25 -25  -2.2677886486049985 -13.76889801025 25  

0 2
24.736063980541878 2

0 2
1 2

9 0 0 0 0 1 1 2 2 2 2 0 -25 -25  -2.2677886486049998 -13.76889801025 25  
25 -25 -24.445613861079998  24.307182312009999 -25 25  

0 2
28.850766600936218 2

0 2
1 2

9 0 0 0 0 1 1 2 2 2 2 25 -25 -24.445613861079998  24.307182312009999 -25 25  
25 0 -25  41.144748687739998 -5.3455710411070001 25  

0 2
25.880498819715303 2

0 2
1 2

9 0 0 0 0 1 1 2 2 2 2 25 0 -25  41.144748687739998 -5.3455710411070001 25  
25 25 -25  25 24.307189941410002 25  

0 2
33.762984821792116 2

0 2
1 2

9 0 0 0 0 1 1 2 2 2 2 25 25 -25  25 24.307189941410002 25  
0 25 -25  6.1555366516110013 34.827224731450002 25  

0 2
25 2

0 2
1 2

9 0 0 0 0 1 1 2 2 2 2 0 25 -25  6.1555366516110004 34.827224731450002 25  
-25 25 -25  -24.307182312009999 25 25  

0 2
32.008617473720683 2

0 2
1 2

1 -2.7007988823788884 2.7777777777777781 -24.876803080239998 -0.00035310717599410337 0.0007023606000778435 0.99999969100240715 0 0.99999975334473257 -0.00070236064386465014 -0.99999993765765927 -2.4800858348444684e-07 -0.00035310708889835847 
1 -2.1968265904326683 4.8556421067997766 25 -2.5085030961719195e-16 -1.586790756795568e-16 1 1 0 2.5085030961719195e-16 -3.9804695263986657e-32 1 1.586790756795568e-16 
Triangulations 0

TShapes 70
Ve
1.07497453071497
-25 25 -24.44561386108
0 0

0101101
*
Ve
0.6820066607883
-25 0 -25
0 0

0101101
*
Ed
 0.6820066607883 1 1 0
1  1 0 0 25.0061461243236
2  1 1 0 0 25.0061461243236
0

0101000
+70 0 -69 0 *
Ve
0.003
-40.49674606323 4.373643398285 25
0 0

0101101
*
Ed
 1e-07 1 1 0
1  2 0 0 1
2  2 1 0 0 1
2  3 2 0 0 1
0

0101000
+69 0 -67 0 *
Ve
0.003
-25 24.30718994141 25
0 0

0101101
*
Ed
 0.003 1 1 0
1  3 0 0 25.2486715756526
2  4 1 0 0 25.2486715756526
0

0101000
+65 0 -67 0 *
Ed
 1e-07 1 1 0
1  4 0 0 1
2  5 1 0 0 1
2  6 3 0 0 1
0

0101000
+70 0 -65 0 *
Wi

0101000
+68 0 +66 0 -64 0 -63 0 *
Fa
0  1e-07 1 0

0111000
+62 0 *
Ve
0.215490854753336
-24.30718994141 -25 -25
0 0

0101101
*
Ed
 0.20261629016947 1 1 0
1  5 0 0 25.0095978731623
2  7 2 0 0 25.0095978731623
0

0101000
+69 0 -60 0 *
Ve
0.003
-24.30718994141 -25 25
0 0

0101101
*
Ed
 1e-07 1 1 0
1  6 0 0 1
2  8 2 0 0 1
2  9 4 0 0 1
0

0101000
+60 0 -58 0 *
Ed
 0.003 1 1 0
1  7 0 0 33.5397175586076
2  10 2 0 0 33.5397175586076
0

0101000
+67 0 -58 0 *
Wi

0101000
+59 0 +57 0 -56 0 -66 0 *
Fa
0  1e-07 2 0

0111000
+55 0 *
Ve
0.602912682901056
0 -25 -25
0 0

0101101
*
Ed
 0.215490854753336 1 1 0
1  8 0 0 24.30718994141
2  11 4 0 0 24.30718994141
0

0101000
+60 0 -53 0 *
Ve
0.003
-2.267788648605 -13.76889801025 25
0 0

0101101
*
Ed
 1e-07 1 1 0
1  9 0 0 1
2  12 4 0 0 1
2  13 5 0 0 1
0

0101000
+53 0 -51 0 *
Ed
 0.003 1 1 0
1  10 0 0 24.7360639805419
2  14 4 0 0 24.7360639805419
0

0101000
+58 0 -51 0 *
Wi

0101000
+52 0 +50 0 -49 0 -57 0 *
Fa
0  1e-07 4 0

0101000
+48 0 *
Ve
0.602912682901056
25 -25 -24.44561386108
0 0

0101101
*
Ed
 0.602912682901056 1 1 0
1  11 0 0 25.0061461243236
2  15 5 0 0 25.0061461243236
0

0101000
+53 0 -46 0 *
Ve
0.003
24.30718231201 -25 25
0 0

0101101
*
Ed
 1e-07 1 1 0
1  12 0 0 1
2  16 5 0 0 1
2  17 6 0 0 1
0

0101000
+46 0 -44 0 *
Ed
 0.003 1 1 0
1  13 0 0 28.8507666009362
2  18 5 0 0 28.8507666009362
0

0101000
+51 0 -44 0 *
Wi

0101000
+45 0 +43 0 -42 0 -50 0 *
Fa
0  1e-07 5 0

0101000
+41 0 *
Ve
0.602846577582902
25 0 -25
0 0

0101101
*
Ed
 0.602846577582902 1 1 0
1  14 0 0 25.0061461243236
2  19 6 0 0 25.0061461243236
0

0101000
+46 0 -39 0 *
Ve
0.003
41.14474868774 -5.345571041107 25
0 0

0101101
*
Ed
 1e-07 1 1 0
1  15 0 0 1
2  20 6 0 0 1
2  21 7 0 0 1
0

0101000
+39 0 -37 0 *
Ed
 0.003 1 1 0
1  16 0 0 25.8804988197153
2  22 6 0 0 25.8804988197153
0

0101000
+44 0 -37 0 *
Wi

0101000
+38 0 +36 0 -35 0 -43 0 *
Fa
0  1e-07 6 0

0101000
+34 0 *
Ve
0.202393851338208
25 25 -25
0 0

0101101
*
Ed
 0.202393851338208 1 1 0
1  17 0 0 25
2  23 7 0 0 25
0

0101000
+39 0 -32 0 *
Ve
0.003
25 24.30718994141 25
0 0

0101101
*
Ed
 1e-07 1 1 0
1  18 0 0 1
2  24 7 0 0 1
2  25 8 0 0 1
0

0101000
+32 0 -30 0 *
Ed
 0.003 1 1 0
1  19 0 0 33.7629848217921
2  26 7 0 0 33.7629848217921
0

0101000
+37 0 -30 0 *
Wi

0101000
+31 0 +29 0 -28 0 -36 0 *
Fa
0  1e-07 7 0

0101000
+27 0 *
Ve
0.176055328835288
0 25 -25
0 0

0101101
*
Ed
 0.176055328835288 1 1 0
1  20 0 0 25
2  27 8 0 0 25
0

0101000
+32 0 -25 0 *
Ve
0.003
6.155536651611 34.82722473145 25
0 0

0101101
*
Ed
 1e-07 1 1 0
1  21 0 0 1
2  28 8 0 0 1
2  29 9 0 0 1
0

0101000
+25 0 -23 0 *
Ed
 0.003 1 1 0
1  22 0 0 21.5820511275557
2  30 8 0 0 21.5820511275557
0

0101000
+30 0 -23 0 *
Wi

0101000
+24 0 +22 0 -21 0 -29 0 *
Fa
0  1e-07 8 0

0101000
+20 0 *
Ve
1.07497453071497
-25 25 -25
0 0

0101101
*
Ed
 0.162813809735506 1 1 0
1  23 0 0 25
2  31 9 0 0 25
0

0101000
+25 0 -18 0 *
Ve
0.003
-24.30718231201 25 25
0 0

0101101
*
Ed
 1e-07 1 1 0
1  24 0 0 1
2  32 9 0 0 1
2  33 3 0 0 1
0

0101000
+18 0 -16 0 *
Ed
 0.003 1 1 0
1  25 0 0 32.0086174737207
2  34 9 0 0 32.0086174737207
0

0101000
+23 0 -16 0 *
Wi

0101000
+17 0 +15 0 -14 0 -22 0 *
Fa
0  1e-07 9 0

0101000
+13 0 *
Ed
 1.07497453071497 1 1 0
1  26 0 0 0.554386138920002
2  35 3 0 0 0.554386138920002
0

0101100
+18 0 -70 0 *
Ed
 0.003 1 1 0
1  27 0 0 0.979786775821805
2  36 3 0 0 0.979786775821805
0

0101000
+16 0 -65 0 *
Wi

0101000
+11 0 +63 0 -10 0 -15 0 *
Fa
0  1e-07 3 0

0101000
+9 0 *
Wi

0101100
+68 0 +59 0 +52 0 +45 0 +38 0 +31 0 +24 0 +17 0 +11 0 *
Fa
0  0.003 10 0

0111100
+7 0 *
Wi

0101100
+64 0 +56 0 +49 0 +42 0 +35 0 +28 0 +21 0 +14 0 +10 0 *
Fa
0  0.003 11 0

0111100
+5 0 *
Sh

0101100
+61 0 +54 0 +47 0 +40 0 +33 0 +26 0 +19 0 +12 0 +8 0 -6 0 
+4 0 *
So

0100000
+3 0 *
Co

1100000
+2 0 *

+1 0 