DBRep_DrawableShape

CASCADE Topology V1, (c) Matra-Datavision
Locations 0
Curve2ds 12
7 0 0  1 2 2  0 0  47.451153759504074 0 
 0 2 42.360169117983745 2
1 47.451153759504074 0 0 1 
1 0 0 0 1 
1 0 1 1 0 
1 0 0 0 1 
1 0 0 1 0 
1 66.135171923983961 0 0 1 
1 0 0 0 1 
7 0 0  1 2 2  0 1  66.135171923983961 1 
 0 2 39.151318323250749 2
1 0 0 1 0 
1 122.79774796377524 0 0 1 
7 0 0  1 2 2  0 1  122.79774796377524 1 
 0 2 76.800310900984243 2
Curves 10
1 -46.32827758789 -34.503247737880002 33.855309486389999 0.81069692868862109 0.32121963017242233 -0.48947772064388084 
7 0 0  1 2 2  -11.987018585210002 -20.896329879759996 13.120950460430002  67.062668800349996 -18.304541110990005 -32.235436439510003 
 0 2 1 2
1 42.440648078919999 -42.926578521730001 0 0.51889192929262362 0.51889228100820217 -0.67933936027959096 
7 0 0  1 2 2  -46.32827758789 -34.503247737880002 33.855309486389999  42.440648078919999 -42.926578521730001 0 
 0 2 1 2
1 -11.98701858521 -20.89632987976 13.12095046043 0.59763727140847267 0.6270292831376364 -0.49966385691916648 
7 0 0  1 2 2  27.537825107570001 20.572359561919999 -19.924404621119997  66.414728164669995 16.036719083790004 -13.444913625719998 
 0 2 1 2
1 67.062668800349996 -18.304541110990002 -32.235436439510003 -0.016549650520841071 0.87714186049223786 0.4799461070160414 
1 27.537825107570001 20.572359561919999 -19.924404621120001 -0.094977869922993632 0.61735629526238212 0.78092919584607512 
7 0 0  1 2 2  15.87475657463 96.382322311400003 75.971941947939996  86.501121521000002 60.097212791440001 46.166305541989999 
 0 2 1 2
1 66.414728164669995 16.03671908379 -13.44491362572 0.26154052139485007 0.57370202269695936 0.77618460743686968 
Polygon3D 0
PolygonOnTriangulations 0
Surfaces 3
9 0 0 0 0 1 1 2 2 2 2 -46.32827758789 -34.503247737880002 33.855309486389999  42.440648078919999 -42.926578521730001 0  
-11.987018585210002 -20.896329879759996 13.120950460430002  67.062668800349996 -18.304541110990005 -32.235436439510003  

0 2
47.451153759504074 2

0 2
1 2

9 0 0 0 0 1 1 2 2 2 2 -11.98701858521 -20.89632987976 13.12095046043  67.062668800349996 -18.304541110990002 -32.235436439510003  
27.537825107570001 20.572359561919999 -19.924404621119997  66.414728164669995 16.036719083790004 -13.444913625719998  

0 2
66.135171923983961 2

0 2
1 2

9 0 0 0 0 1 1 2 2 2 2 27.537825107570001 20.572359561919999 -19.924404621120001  66.414728164669995 16.03671908379 -13.44491362572  
15.87475657463 96.382322311400003 75.971941947939996  86.501121521000002 60.097212791440001 46.166305541989999  

0 2
122.79774796377524 2

0 2
1 2

Triangulations 0

TShapes 26
Ve
0.003
-46.32827758789 -34.50324773788 33.85530948639
0 0

0101101
*
Ve
0.003
-11.98701858521 -20.89632987976 13.12095046043
0 0

0101101
*
Ed
 1e-07 1 1 0
1  1 0 0 42.3601691179837
2  1 1 0 0 42.3601691179837
0

0101000
+26 0 -25 0 *
Ve
0.003
67.06266880035 -18.30454111099 -32.23543643951
0 0

0101101
*
Ed
 1e-07 1 1 0
1  2 0 0 1
2  2 1 0 0 1
2  3 2 0 0 1
0

0101000
+25 0 -23 0 *
Ve
0.003
42.44064807892 -42.92657852173 0
0 0

0101101
*
Ed
 1e-07 1 1 0
1  3 0 0 47.4511537595041
2  4 1 0 0 47.4511537595041
0

0101000
+21 0 -23 0 *
Ed
 1e-07 1 1 0
1  4 0 0 1
2  5 1 0 0 1
0

0101000
+26 0 -21 0 *
Wi

0101000
+24 0 +22 0 -20 0 -19 0 *
Fa
0  1e-07 1 0

0101000
+18 0 *
Ve
0.003
27.53782510757 20.57235956192 -19.92440462112
0 0

0101101
*
Ed
 1e-07 1 1 0
1  5 0 0 66.135171923984
2  6 2 0 0 66.135171923984
0

0101000
+25 0 -16 0 *
Ve
0.003
66.41472816467 16.03671908379 -13.44491362572
0 0

0101101
*
Ed
 1e-07 1 1 0
1  6 0 0 1
2  7 2 0 0 1
2  8 3 0 0 1
0

0101000
+16 0 -14 0 *
Ed
 1e-07 1 1 0
1  7 0 0 39.1513183232507
2  9 2 0 0 39.1513183232507
0

0101000
+23 0 -14 0 *
Wi

0101000
+15 0 +13 0 -12 0 -22 0 *
Fa
0  1e-07 2 0

0101000
+11 0 *
Ve
0.003
15.87475657463 96.3823223114 75.97194194794
0 0

0101101
*
Ed
 1e-07 1 1 0
1  8 0 0 122.797747963775
2  10 3 0 0 122.797747963775
0

0101000
+16 0 -9 0 *
Ve
0.003
86.501121521 60.09721279144 46.16630554199
0 0

0101101
*
Ed
 1e-07 1 1 0
1  9 0 0 1
2  11 3 0 0 1
0

0101000
+9 0 -7 0 *
Ed
 1e-07 1 1 0
1  10 0 0 76.8003109009842
2  12 3 0 0 76.8003109009842
0

0101000
+14 0 -7 0 *
Wi

0101000
+8 0 +6 0 -5 0 -13 0 *
Fa
0  1e-07 3 0

0101000
+4 0 *
Sh

0101000
+17 0 +10 0 +3 0 *
Co

1100000
+2 0 *

+1 0 