DBRep_DrawableShape

CASCADE Topology V1, (c) Matra-Datavision
Locations 0
Curve2ds 16
7 0 0  1 2 2  0 0  50.00000099874773 0 
 0 2 49.999999987219219 2
1 50.00000099874773 0 0 1 
1 0 0 0 1 
1 0 1 1 0 
1 0 0 0 1 
1 74.970010812249996 0 0 1 
1 0 0 1 0 
1 74.970009969308478 0 0 1 
1 0 0 0 1 
7 0 0  1 2 2  0 1  74.970009969308478 1 
 0 2 74.970007271909623 2
1 0 0 1 0 
1 50.000003358973053 0 0 1 
1 0 0 0 1 
7 0 0  1 2 2  0 1  50.000003358973053 1 
 0 2 50.00000083016127 2
7 0 0  1 2 2  0 0  74.970010812249996 0 
 0 2 74.970009969307853 2
1 0 1 1 0 
Curves 12
1 35.355339050289999 0 25 -0.70710678118654746 0.70710678118654746 0 
7 0 0  1 2 2  0 35.355339050289999 25  -3.8146973224684189e-06 35.355339050289999 -25 
 0 2 1 2
1 35.355336666109999 0 -25 -0.70710679549172029 0.70710676688137442 0 
7 0 0  1 2 2  35.355339050289999 0 25  35.355336666109999 0 -25 
 0 2 1 2
1 0 35.355339050289999 25 -0.70710692429495725 -0.70710663807810858 0 
7 0 0  1 2 2  -53.011813163760003 -17.656452655790005 25  -53.011813163760003 -17.656452655789998 -25 
 0 2 1 2
1 -3.8146973224679996e-06 35.355339050289999 -25 -0.70710689885347766 -0.70710666351959783 0 
1 -53.011813163760003 -17.656452655790002 25 0.70710678118654757 -0.70710678118654746 0 
7 0 0  1 2 2  -17.65647172928 -53.011794090270001 25  -17.656475305560001 -53.011794090270001 -25 
 0 2 1 2
1 -53.011813163760003 -17.656452655790002 -25 0.70710674542374741 -0.70710681694934607 0 
1 -17.65647172928 -53.011794090270001 25 0.70710689249304659 0.70710666988003101 0 
1 -17.656475305560001 -53.011794090270001 -25 0.70710690044355629 0.70710666192951843 0 
Polygon3D 0
PolygonOnTriangulations 0
Surfaces 6
9 0 0 0 0 1 1 2 2 2 2 35.355339050289999 0 25  35.355336666109999 0 -25  
0 35.355339050289999 25  -3.8146973224684189e-06 35.355339050289999 -25  

0 2
50.00000099874773 2

0 2
1 2

9 0 0 0 0 1 1 2 2 2 2 0 35.355339050289999 25  -3.8146973224679996e-06 35.355339050289999 -25  
-53.011813163760003 -17.656452655790005 25  -53.011813163760003 -17.656452655789998 -25  

0 2
74.970009969308478 2

0 2
1 2

9 0 0 0 0 1 1 2 2 2 2 -17.65647172928 -53.011794090270001 25  -17.656475305560001 -53.011794090270001 -25  
35.355339050289999 0 25  35.355336666109999 0 -25  

0 2
74.970010812249996 2

0 2
1 2

9 0 0 0 0 1 1 2 2 2 2 -53.011813163760003 -17.656452655790002 25  -53.011813163760003 -17.656452655790002 -25  
-17.65647172928 -53.011794090270001 25  -17.656475305560001 -53.011794090270001 -25  

0 2
50.000003358973053 2

0 2
1 2

1 -8.8282364606874992 -8.828226923942502 25 1.2448777675832563e-16 -4.7837492622805687e-17 1 1 0 -1.2448777675832563e-16 5.9551831023058837e-33 1 4.7837492622805687e-17 
1 -8.8282389044768337 -8.828226923942502 -25 1.0056903647058701e-16 1.4406425224948148e-17 1 1 0 -1.0056903647058701e-16 -1.448840303858595e-33 1 -1.4406425224948148e-17 
Triangulations 0

TShapes 35
Ve
0.003
35.35533905029 0 25
0 0

0101101
*
Ve
0.003
0 35.35533905029 25
0 0

0101101
*
Ed
 0.003 1 1 0
1  1 0 0 49.9999999872192
2  1 1 0 0 49.9999999872192
0

0101000
+35 0 -34 0 *
Ve
0.003
-3.814697322468e-06 35.35533905029 -25
0 0

0101101
*
Ed
 1e-07 1 1 0
1  2 0 0 1
2  2 1 0 0 1
2  3 2 0 0 1
0

0101000
+34 0 -32 0 *
Ve
0.003
35.35533666611 0 -25
0 0

0101101
*
Ed
 0.003 1 1 0
1  3 0 0 50.0000009987477
2  4 1 0 0 50.0000009987477
0

0101000
+30 0 -32 0 *
Ed
 1e-07 1 1 0
1  4 0 0 1
2  5 1 0 0 1
2  6 3 0 0 1
0

0101000
+35 0 -30 0 *
Wi

0101000
+33 0 +31 0 -29 0 -28 0 *
Fa
0  1e-07 1 0

0111000
+27 0 *
Ve
0.003
-53.01181316376 -17.65645265579 25
0 0

0101101
*
Ed
 0.003 1 1 0
1  5 0 0 74.9700099693085
2  7 2 0 0 74.9700099693085
0

0101000
+34 0 -25 0 *
Ve
0.003
-53.01181316376 -17.65645265579 -25
0 0

0101101
*
Ed
 1e-07 1 1 0
1  6 0 0 1
2  8 2 0 0 1
2  9 4 0 0 1
0

0101000
+25 0 -23 0 *
Ed
 0.003 1 1 0
1  7 0 0 74.9700072719096
2  10 2 0 0 74.9700072719096
0

0101000
+32 0 -23 0 *
Wi

0101000
+24 0 +22 0 -21 0 -31 0 *
Fa
0  1e-07 2 0

0111000
+20 0 *
Ve
0.003
-17.65647172928 -53.01179409027 25
0 0

0101101
*
Ed
 0.003 1 1 0
1  8 0 0 50.0000033589731
2  11 4 0 0 50.0000033589731
0

0101000
+25 0 -18 0 *
Ve
0.003
-17.65647530556 -53.01179409027 -25
0 0

0101101
*
Ed
 1e-07 1 1 0
1  9 0 0 1
2  12 4 0 0 1
2  13 3 0 0 1
0

0101000
+18 0 -16 0 *
Ed
 0.003 1 1 0
1  10 0 0 50.0000008301613
2  14 4 0 0 50.0000008301613
0

0101000
+23 0 -16 0 *
Wi

0101000
+17 0 +15 0 -14 0 -22 0 *
Fa
0  1e-07 4 0

0101000
+13 0 *
Ed
 0.003 1 1 0
1  11 0 0 74.9700099693079
2  15 3 0 0 74.9700099693079
0

0101000
+18 0 -35 0 *
Ed
 0.003 1 1 0
1  12 0 0 74.97001081225
2  16 3 0 0 74.97001081225
0

0101000
+16 0 -30 0 *
Wi

0101000
+11 0 +28 0 -10 0 -15 0 *
Fa
0  1e-07 3 0

0101000
+9 0 *
Wi

0101100
+33 0 +24 0 +17 0 +11 0 *
Fa
0  0.003 5 0

0101100
+7 0 *
Wi

0101100
+29 0 +21 0 +14 0 +10 0 *
Fa
0  0.003 6 0

0101100
+5 0 *
Sh

0101100
+26 0 +19 0 +12 0 +8 0 -6 0 +4 0 *
So

0100000
-3 0 *
Co

1100000
+2 0 *

+1 0 