DBRep_DrawableShape

CASCADE Topology V1, (c) Matra-Datavision
Locations 0
Curve2ds 12
1 0 0 1 0 
1 47.451153759504074 0 0 1 
1 0 0 0 1 
7 0 0  1 2 2  0 1  47.451153759504074 1 
 0 2 45.871814340495767 2
1 0 0 0 1 
1 0 0 1 0 
1 39.151318323250749 0 0 1 
1 0 0 0 1 
7 0 0  1 2 2  0 1  39.151318323250749 1 
 0 2 30.979800236218736 2
7 0 0  1 2 2  0 0  81.086784402882984 0 
 0 2 76.800310900984243 2
1 81.086784402882984 0 0 1 
1 0 1 1 0 
Curves 10
1 42.440648078919999 -42.926578521730001 0 0.51889192929262362 0.51889228100820217 -0.67933936027959096 
7 0 0  1 2 2  67.062668800349996 -18.304541110990005 -32.235436439510003  -80.021591186519998 -24.136075973509996 43.574519157410002 
 0 2 1 2
1 -103.34773063660001 -53.941693305969999 17.656576633450001 0.50850701646408658 0.6497588499818181 0.56500800974596654 
7 0 0  1 2 2  42.440648078919999 -42.926578521730001 0  -103.34773063660001 -53.941693305969999 17.656576633450001 
 0 2 1 2
1 67.062668800349996 -18.304541110990002 -32.235436439510003 -0.016549650520841071 0.87714186049223786 0.4799461070160414 
7 0 0  1 2 2  66.414728164669995 16.036719083790004 -13.444913625719998  -66.414675712589997 1.1339141428470008 31.911437511439999 
 0 2 1 2
1 -80.021591186519998 -24.13607597351 43.574519157410002 0.4392189546148863 0.81569248102554415 -0.37647375247870707 
1 66.414728164669995 16.03671908379 -13.44491362572 0.26154052139485007 0.57370202269695936 0.77618460743686968 
7 0 0  1 2 2  86.501121521000002 60.097212791440001 46.166305541989999  -70.302376747129998 82.127447128300005 31.911437511439999 
 0 2 1 2
1 -66.414675712589997 1.1339141428470001 31.911437511439999 -0.047944940265775005 0.99884998007854575 0 
Polygon3D 0
PolygonOnTriangulations 0
Surfaces 3
9 0 0 0 0 1 1 2 2 2 2 42.440648078919999 -42.926578521730001 0  -103.34773063660001 -53.941693305969999 17.656576633450001  
67.062668800349996 -18.304541110990005 -32.235436439510003  -80.021591186519998 -24.136075973509996 43.574519157410002  

0 2
47.451153759504074 2

0 2
1 2

9 0 0 0 0 1 1 2 2 2 2 67.062668800349996 -18.304541110990002 -32.235436439510003  -80.021591186519998 -24.13607597351 43.574519157410002  
66.414728164669995 16.036719083790004 -13.444913625719998  -66.414675712589997 1.1339141428470008 31.911437511439999  

0 2
39.151318323250749 2

0 2
1 2

9 0 0 0 0 1 1 2 2 2 2 66.414728164669995 16.03671908379 -13.44491362572  -66.414675712589997 1.1339141428470001 31.911437511439999  
86.501121521000002 60.097212791440001 46.166305541989999  -70.302376747129998 82.127447128300005 31.911437511439999  

0 2
81.086784402882984 2

0 2
1 2

Triangulations 0

TShapes 26
Ve
0.003
42.44064807892 -42.92657852173 0
0 0

0101101
*
Ve
0.003
67.06266880035 -18.30454111099 -32.23543643951
0 0

0101101
*
Ed
 1e-07 1 1 0
1  1 0 0 47.4511537595041
2  1 1 0 0 47.4511537595041
0

0101000
+26 0 -25 0 *
Ve
0.003
-80.02159118652 -24.13607597351 43.57451915741
0 0

0101101
*
Ed
 1e-07 1 1 0
1  2 0 0 1
2  2 1 0 0 1
2  3 2 0 0 1
0

0101000
+25 0 -23 0 *
Ve
0.003
-103.3477306366 -53.94169330597 17.65657663345
0 0

0101101
*
Ed
 1e-07 1 1 0
1  3 0 0 45.8718143404958
2  4 1 0 0 45.8718143404958
0

0101000
+21 0 -23 0 *
Ed
 1e-07 1 1 0
1  4 0 0 1
2  5 1 0 0 1
0

0101000
+26 0 -21 0 *
Wi

0101000
+24 0 +22 0 -20 0 -19 0 *
Fa
0  1e-07 1 0

0101000
+18 0 *
Ve
0.003
66.41472816467 16.03671908379 -13.44491362572
0 0

0101101
*
Ed
 1e-07 1 1 0
1  5 0 0 39.1513183232507
2  6 2 0 0 39.1513183232507
0

0101000
+25 0 -16 0 *
Ve
0.003
-66.41467571259 1.133914142847 31.91143751144
0 0

0101101
*
Ed
 1e-07 1 1 0
1  6 0 0 1
2  7 2 0 0 1
2  8 3 0 0 1
0

0101000
+16 0 -14 0 *
Ed
 1e-07 1 1 0
1  7 0 0 30.9798002362187
2  9 2 0 0 30.9798002362187
0

0101000
+23 0 -14 0 *
Wi

0101000
+15 0 +13 0 -12 0 -22 0 *
Fa
0  1e-07 2 0

0101000
+11 0 *
Ve
0.003
86.501121521 60.09721279144 46.16630554199
0 0

0101101
*
Ed
 1e-07 1 1 0
1  8 0 0 76.8003109009842
2  10 3 0 0 76.8003109009842
0

0101000
+16 0 -9 0 *
Ve
0.003
-70.30237674713 82.1274471283 31.91143751144
0 0

0101101
*
Ed
 1e-07 1 1 0
1  9 0 0 1
2  11 3 0 0 1
0

0101000
+9 0 -7 0 *
Ed
 1e-07 1 1 0
1  10 0 0 81.086784402883
2  12 3 0 0 81.086784402883
0

0101000
+14 0 -7 0 *
Wi

0101000
+8 0 +6 0 -5 0 -13 0 *
Fa
0  1e-07 3 0

0101000
+4 0 *
Sh

0101000
+17 0 +10 0 +3 0 *
Co

1100000
+2 0 *

+1 0 