DBRep_DrawableShape

CASCADE Topology V1, (c) Matra-Datavision
Locations 0
Curve2ds 6
1 0 6.2482787221397 1 0 
1 0 7.4095285122990999 1 0 
1 0 83 1 0 
2 0 0 1 0 -0 1 79.5
1 6.2831853071795898 0 0 1 
1 0 0 0 1 
Curves 3
2 110 -75.544423814856799 45 0 -1 0 0 0 -1 1 0 0 76.861930589574499
2 110 0 45 0 -1 0 0 0 -1 1 0 0 79.5
1 110 -82.949438642584994 -31.603341773692499 0 0.99939082701909576 -0.034899496702500594 
Polygon3D 0
PolygonOnTriangulations 6
73 68 70 71 72 73 74 75 76 77 78 79 80 81 82 83 84 85 86 87 88 89 90 91 92 93 94 95 96 97 98 99 100 101 102 103 104 105 106 107 108 109 110 111 112 113 114 115 116 117 118 119 120 121 122 123 124 125 126 127 128 129 130 131 132 133 134 135 136 137 138 139 140 69 
p 1.66389508539142 1 0 0.0872664625997165 0.174532925199433 0.261799387799149 0.349065850398866 0.436332312998582 0.523598775598299 0.610865238198015 0.698131700797732 0.785398163397448 0.872664625997165 0.959931088596881 1.0471975511966 1.13446401379631 1.22173047639603 1.30899693899575 1.39626340159546 1.48352986419518 1.5707963267949 1.65806278939461 1.74532925199433 1.83259571459405 1.91986217719376 2.00712863979348 2.09439510239319 2.18166156499291 2.26892802759263 2.35619449019234 2.44346095279206 2.53072741539178 2.61799387799149 2.70526034059121 2.79252680319093 2.87979326579064 2.96705972839036 3.05432619099007 3.14159265358979 3.22885911618951 3.31612557878922 3.40339204138894 3.49065850398866 3.57792496658837 3.66519142918809 3.75245789178781 3.83972435438752 3.92699081698724 4.01425727958696 4.10152374218667 4.18879020478639 4.2760566673861 4.36332312998582 4.45058959258554 4.53785605518525 4.62512251778497 4.71238898038469 4.7996554429844 4.88692190558412 4.97418836818384 5.06145483078355 5.14872129338327 5.23598775598298 5.3232542185827 5.41052068118242 5.49778714378213 5.58505360638185 5.67232006898157 5.75958653158128 5.846852994181 5.93411945678072 6.02138591938043 6.10865238198015 6.19591884457986 6.28318530717959 
73 1 2 3 4 5 6 7 8 9 10 11 12 13 14 15 16 17 18 19 20 21 22 23 24 25 26 27 28 29 30 31 32 33 34 35 36 37 38 39 40 41 42 43 44 45 46 47 48 49 50 51 52 53 54 55 56 57 58 59 60 61 62 63 64 65 66 67 68 69 70 71 72 73 
p 1.66389508539142 1 0 0.0872664625997165 0.174532925199433 0.261799387799149 0.349065850398866 0.436332312998582 0.523598775598299 0.610865238198015 0.698131700797732 0.785398163397448 0.872664625997165 0.959931088596881 1.0471975511966 1.13446401379631 1.22173047639603 1.30899693899575 1.39626340159546 1.48352986419518 1.5707963267949 1.65806278939461 1.74532925199433 1.83259571459405 1.91986217719376 2.00712863979348 2.09439510239319 2.18166156499291 2.26892802759263 2.35619449019234 2.44346095279206 2.53072741539178 2.61799387799149 2.70526034059121 2.79252680319093 2.87979326579064 2.96705972839036 3.05432619099007 3.14159265358979 3.22885911618951 3.31612557878922 3.40339204138894 3.49065850398866 3.57792496658837 3.66519142918809 3.75245789178781 3.83972435438752 3.92699081698724 4.01425727958696 4.10152374218667 4.18879020478639 4.2760566673861 4.36332312998582 4.45058959258554 4.53785605518525 4.62512251778497 4.71238898038469 4.7996554429844 4.88692190558412 4.97418836818384 5.06145483078355 5.14872129338327 5.23598775598298 5.3232542185827 5.41052068118242 5.49778714378213 5.58505360638185 5.67232006898157 5.75958653158128 5.846852994181 5.93411945678072 6.02138591938043 6.10865238198015 6.19591884457986 6.28318530717959 
73 74 76 77 78 79 80 81 82 83 84 85 86 87 88 89 90 91 92 93 94 95 96 97 98 99 100 101 102 103 104 105 106 107 108 109 110 111 112 113 114 115 116 117 118 119 120 121 122 123 124 125 126 127 128 129 130 131 132 133 134 135 136 137 138 139 140 141 142 143 144 145 146 75 
p 1.72100360046491 1 0 0.0872664625997165 0.174532925199433 0.261799387799149 0.349065850398866 0.436332312998582 0.523598775598299 0.610865238198015 0.698131700797732 0.785398163397448 0.872664625997165 0.959931088596881 1.0471975511966 1.13446401379631 1.22173047639603 1.30899693899575 1.39626340159546 1.48352986419518 1.5707963267949 1.65806278939461 1.74532925199433 1.83259571459405 1.91986217719376 2.00712863979348 2.09439510239319 2.18166156499291 2.26892802759263 2.35619449019234 2.44346095279206 2.53072741539178 2.61799387799149 2.70526034059121 2.79252680319093 2.87979326579064 2.96705972839036 3.05432619099007 3.14159265358979 3.22885911618951 3.31612557878922 3.40339204138894 3.49065850398866 3.57792496658837 3.66519142918809 3.75245789178781 3.83972435438752 3.92699081698724 4.01425727958696 4.10152374218667 4.18879020478639 4.2760566673861 4.36332312998582 4.45058959258554 4.53785605518525 4.62512251778497 4.71238898038469 4.7996554429844 4.88692190558412 4.97418836818384 5.06145483078355 5.14872129338327 5.23598775598298 5.3232542185827 5.41052068118242 5.49778714378213 5.58505360638185 5.67232006898157 5.75958653158128 5.846852994181 5.93411945678072 6.02138591938043 6.10865238198015 6.19591884457986 6.28318530717959 
73 1 2 3 4 5 6 7 8 9 10 11 12 13 14 15 16 17 18 19 20 21 22 23 24 25 26 27 28 29 30 31 32 33 34 35 36 37 38 39 40 41 42 43 44 45 46 47 48 49 50 51 52 53 54 55 56 57 58 59 60 61 62 63 64 65 66 67 68 69 70 71 72 1 
p 1.72100360046491 1 0 0.0872664625997165 0.174532925199433 0.261799387799149 0.349065850398866 0.436332312998582 0.523598775598299 0.610865238198015 0.698131700797732 0.785398163397448 0.872664625997165 0.959931088596881 1.0471975511966 1.13446401379631 1.22173047639603 1.30899693899575 1.39626340159546 1.48352986419518 1.5707963267949 1.65806278939461 1.74532925199433 1.83259571459405 1.91986217719376 2.00712863979348 2.09439510239319 2.18166156499291 2.26892802759263 2.35619449019234 2.44346095279206 2.53072741539178 2.61799387799149 2.70526034059121 2.79252680319093 2.87979326579064 2.96705972839036 3.05432619099007 3.14159265358979 3.22885911618951 3.31612557878922 3.40339204138894 3.49065850398866 3.57792496658837 3.66519142918809 3.75245789178781 3.83972435438752 3.92699081698724 4.01425727958696 4.10152374218667 4.18879020478639 4.2760566673861 4.36332312998582 4.45058959258554 4.53785605518525 4.62512251778497 4.71238898038469 4.7996554429844 4.88692190558412 4.97418836818384 5.06145483078355 5.14872129338327 5.23598775598298 5.3232542185827 5.41052068118242 5.49778714378213 5.58505360638185 5.67232006898157 5.75958653158128 5.846852994181 5.93411945678072 6.02138591938043 6.10865238198015 6.19591884457986 6.28318530717959 
2 73 75 
p 1.62953985793788 1 7.4095285122991 83 
2 1 74 
p 1.62953985793788 1 7.4095285122991 83 
Surfaces 3
3 110 -82.949438642584994 45 0 1 0 0 0 -1 1 -0 -0 76.603341773692406
0.034906585039886202
5 110 -75.265227841236793 45 0 1 0 0 0 -1 1 -0 -0 68.866803973421796 8
1 110 0 45 0 -1 0 0 0 -1 1 0 0 
Triangulations 3
146 144 1 1.66099460043302
110 -75.5444238148568 -31.8619305895745 116.698958649553 -75.5444238148568 -31.5694477384299 123.346934178842 -75.5444238148568 -30.6942251560992 129.89333147993 -75.5444238148568 -29.2429238149078 136.288328516534 -75.5444238148568 -27.2265889943819 142.4832554998 -75.5444238148568 -24.6605662200019 148.430965294787 -75.5444238148568 -21.5643844744878 154.08619223863 -75.5444238148568 -17.9616075704486 159.405896639565 -75.5444238148568 -13.8796548155401 164.349592334978 -75.5444238148568 -9.34959233497786 168.87965481554 -75.5444238148568 -4.40589663956529 172.961607570449 -75.5444238148568 0.913807761370393 176.564384474488 -75.5444238148568 6.56903470521274 179.660566220002 -75.5444238148568 12.5167445001997 182.226588994382 -75.5444238148568 18.7116714834661 184.242923814908 -75.5444238148568 25.1066685200701 185.694225156099 -75.5444238148568 31.6530658211583 186.56944773843 -75.5444238148568 38.3010413504466 186.861930589575 -75.5444238148568 45 186.56944773843 -75.5444238148568 51.6989586495533 185.694225156099 -75.5444238148568 58.3469341788416 184.242923814908 -75.5444238148568 64.8933314799298 182.226588994382 -75.5444238148568 71.2883285165338 179.660566220002 -75.5444238148568 77.4832554998002 176.564384474488 -75.5444238148568 83.4309652947872 172.961607570449 -75.5444238148568 89.0861922386295 168.87965481554 -75.5444238148568 94.4058966395652 164.349592334978 -75.5444238148568 99.3495923349778 159.405896639565 -75.5444238148568 103.87965481554 154.08619223863 -75.5444238148568 107.961607570448 148.430965294787 -75.5444238148568 111.564384474488 142.4832554998 -75.5444238148568 114.660566220002 136.288328516534 -75.5444238148568 117.226588994382 129.89333147993 -75.5444238148568 119.242923814908 123.346934178842 -75.5444238148568 120.694225156099 116.698958649553 -75.5444238148568 121.56944773843 110 -75.5444238148568 121.861930589575 103.301041350447 -75.5444238148568 121.56944773843 96.6530658211585 -75.5444238148568 120.694225156099 90.1066685200703 -75.5444238148568 119.242923814908 83.7116714834663 -75.5444238148568 117.226588994382 77.5167445001999 -75.5444238148568 114.660566220002 71.5690347052129 -75.5444238148568 111.564384474488 65.9138077613706 -75.5444238148568 107.961607570449 60.5941033604349 -75.5444238148568 103.87965481554 55.6504076650223 -75.5444238148568 99.349592334978 51.12034518446 -75.5444238148568 94.4058966395655 47.0383924295516 -75.5444238148568 89.0861922386298 43.4356155255123 -75.5444238148568 83.4309652947875 40.3394337799982 -75.5444238148568 77.4832554998005 37.7734110056182 -75.5444238148568 71.2883285165341 35.7570761850923 -75.5444238148568 64.8933314799301 34.3057748439009 -75.5444238148568 58.346934178842 33.4305522615701 -75.5444238148568 51.6989586495536 33.1380694104255 -75.5444238148568 45.0000000000003 33.4305522615701 -75.5444238148568 38.301041350447 34.3057748439008 -75.5444238148568 31.6530658211586 35.7570761850921 -75.5444238148568 25.1066685200704 37.773411005618 -75.5444238148568 18.7116714834664 40.339433779998 -75.5444238148568 12.5167445002 43.4356155255121 -75.5444238148568 6.56903470521302 47.0383924295513 -75.5444238148568 0.913807761370663 51.1203451844596 -75.5444238148568 -4.40589663956504 55.6504076650219 -75.5444238148568 -9.34959233497762 60.5941033604344 -75.5444238148568 -13.8796548155399 65.9138077613701 -75.5444238148568 -17.9616075704484 71.5690347052124 -75.5444238148568 -21.5643844744876 77.5167445001994 -75.5444238148568 -24.6605662200017 83.7116714834658 -75.5444238148568 -27.2265889943817 90.1066685200697 -75.5444238148568 -29.2429238149077 96.6530658211579 -75.5444238148568 -30.6942251560991 103.301041350446 -75.5444238148568 -31.5694477384298 110 -75.5444238148568 -31.8619305895745 110 0 -34.5 110 0 -34.5 116.928881548439 0 -34.1974784982938 123.805030124521 0 -33.2922163644705 130.57611408565 0 -31.7911031899809 137.190601394391 0 -29.7055633524797 143.598151808386 0 -27.0514690694137 149.75 0 -23.8490196008629 155.599326689908 0 -20.1225875209748 161.10161497008 0 -15.9005332279588 166.214989104331 0 -11.2149891043305 170.900533227959 0 -6.10161497007987 175.122587520975 0 -0.59932668990816 178.849019600863 0 5.24999999999999 182.051469069414 0 11.4018481916144 184.70556335248 0 17.8093986056093 186.791103189981 0 24.4238859143496 188.292216364471 0 31.194969875479 189.197478498294 0 38.0711184515611 189.5 0 45 189.197478498294 0 51.9288815484388 188.292216364471 0 58.8050301245209 186.791103189981 0 65.5761140856503 184.70556335248 0 72.1906013943906 182.051469069414 0 78.5981518083855 178.849019600863 0 84.7499999999999 175.122587520975 0 90.5993266899081 170.900533227959 0 96.1016149700798 166.214989104331 0 101.21498910433 161.10161497008 0 105.900533227959 155.599326689908 0 110.122587520975 149.75 0 113.849019600863 143.598151808386 0 117.051469069414 137.190601394391 0 119.70556335248 130.576114085651 0 121.791103189981 123.805030124521 0 123.292216364471 116.928881548439 0 124.197478498294 110 0 124.5 103.071118451561 0 124.197478498294 96.1949698754792 0 123.292216364471 89.4238859143498 0 121.791103189981 82.8093986056095 0 119.70556335248 76.4018481916146 0 117.051469069414 70.2500000000002 0 113.849019600863 64.400673310092 0 110.122587520975 58.8983850299203 0 105.900533227959 53.7850108956696 0 101.214989104331 49.0994667720414 0 96.10161497008 44.8774124790253 0 90.5993266899084 41.1509803991372 0 84.7500000000002 37.9485309305864 0 78.5981518083858 35.2944366475204 0 72.1906013943909 33.2088968100191 0 65.5761140856507 31.7077836355295 0 58.8050301245212 30.8025215017063 0 51.9288815484391 30.5 0 45.0000000000003 30.8025215017062 0 38.0711184515615 31.7077836355294 0 31.1949698754793 33.208896810019 0 24.4238859143499 35.2944366475202 0 17.8093986056096 37.9485309305862 0 11.4018481916147 41.150980399137 0 5.25000000000028 44.877412479025 0 -0.59932668990789 49.099466772041 0 -6.10161497007962 53.7850108956692 0 -11.2149891043303 58.8983850299198 0 -15.9005332279585 64.4006733100915 0 -20.1225875209746 70.2499999999997 0 -23.8490196008627 76.4018481916141 0 -27.0514690694135 82.809398605609 0 -29.7055633524796 89.4238859143492 0 -31.7911031899808 96.1949698754786 0 -33.2922163644705 103.071118451561 0 -34.1974784982937 0 7.4095285122991 0.0872664625997165 7.4095285122991 0.174532925199433 7.4095285122991 0.261799387799149 7.4095285122991 0.349065850398866 7.4095285122991 0.436332312998582 7.4095285122991 0.523598775598299 7.4095285122991 0.610865238198015 7.4095285122991 0.698131700797732 7.4095285122991 0.785398163397448 7.4095285122991 0.872664625997165 7.4095285122991 0.959931088596881 7.4095285122991 1.0471975511966 7.4095285122991 1.13446401379631 7.4095285122991 1.22173047639603 7.4095285122991 1.30899693899575 7.4095285122991 1.39626340159546 7.4095285122991 1.48352986419518 7.4095285122991 1.5707963267949 7.4095285122991 1.65806278939461 7.4095285122991 1.74532925199433 7.4095285122991 1.83259571459405 7.4095285122991 1.91986217719376 7.4095285122991 2.00712863979348 7.4095285122991 2.09439510239319 7.4095285122991 2.18166156499291 7.4095285122991 2.26892802759263 7.4095285122991 2.35619449019234 7.4095285122991 2.44346095279206 7.4095285122991 2.53072741539178 7.4095285122991 2.61799387799149 7.4095285122991 2.70526034059121 7.4095285122991 2.79252680319093 7.4095285122991 2.87979326579064 7.4095285122991 2.96705972839036 7.4095285122991 3.05432619099007 7.4095285122991 3.14159265358979 7.4095285122991 3.22885911618951 7.4095285122991 3.31612557878922 7.4095285122991 3.40339204138894 7.4095285122991 3.49065850398866 7.4095285122991 3.57792496658837 7.4095285122991 3.66519142918809 7.4095285122991 3.75245789178781 7.4095285122991 3.83972435438752 7.4095285122991 3.92699081698724 7.4095285122991 4.01425727958696 7.4095285122991 4.10152374218667 7.4095285122991 4.18879020478639 7.4095285122991 4.2760566673861 7.4095285122991 4.36332312998582 7.4095285122991 4.45058959258554 7.4095285122991 4.53785605518525 7.4095285122991 4.62512251778497 7.4095285122991 4.71238898038469 7.4095285122991 4.7996554429844 7.4095285122991 4.88692190558412 7.4095285122991 4.97418836818384 7.4095285122991 5.06145483078355 7.4095285122991 5.14872129338327 7.4095285122991 5.23598775598298 7.4095285122991 5.3232542185827 7.4095285122991 5.41052068118242 7.4095285122991 5.49778714378213 7.4095285122991 5.58505360638185 7.4095285122991 5.67232006898157 7.4095285122991 5.75958653158128 7.4095285122991 5.846852994181 7.4095285122991 5.93411945678072 7.4095285122991 6.02138591938043 7.4095285122991 6.10865238198015 7.4095285122991 6.19591884457986 7.4095285122991 6.28318530717959 7.4095285122991 0 83 6.28318530717959 83 0.0872664625997165 83 0.174532925199433 83 0.261799387799149 83 0.349065850398866 83 0.436332312998582 83 0.523598775598299 83 0.610865238198015 83 0.698131700797732 83 0.785398163397448 83 0.872664625997165 83 0.959931088596881 83 1.0471975511966 83 1.13446401379631 83 1.22173047639603 83 1.30899693899575 83 1.39626340159546 83 1.48352986419518 83 1.5707963267949 83 1.65806278939461 83 1.74532925199433 83 1.83259571459405 83 1.91986217719376 83 2.00712863979348 83 2.09439510239319 83 2.18166156499291 83 2.26892802759263 83 2.35619449019234 83 2.44346095279206 83 2.53072741539178 83 2.61799387799149 83 2.70526034059121 83 2.79252680319093 83 2.87979326579064 83 2.96705972839036 83 3.05432619099007 83 3.14159265358979 83 3.22885911618951 83 3.31612557878922 83 3.40339204138894 83 3.49065850398866 83 3.57792496658837 83 3.66519142918809 83 3.75245789178781 83 3.83972435438752 83 3.92699081698724 83 4.01425727958696 83 4.10152374218667 83 4.18879020478639 83 4.2760566673861 83 4.36332312998582 83 4.45058959258554 83 4.53785605518525 83 4.62512251778497 83 4.71238898038469 83 4.7996554429844 83 4.88692190558412 83 4.97418836818384 83 5.06145483078355 83 5.14872129338327 83 5.23598775598298 83 5.3232542185827 83 5.41052068118242 83 5.49778714378213 83 5.58505360638185 83 5.67232006898157 83 5.75958653158128 83 5.846852994181 83 5.93411945678072 83 6.02138591938043 83 6.10865238198015 83 6.19591884457986 83 1 2 76 3 4 78 2 3 77 5 6 80 7 8 82 8 9 83 6 7 81 4 5 79 10 11 85 12 13 87 11 12 86 14 15 89 16 17 91 17 18 92 15 16 90 13 14 88 9 10 84 19 20 94 21 22 96 20 21 95 23 24 98 25 26 100 26 27 101 24 25 99 22 23 97 28 29 103 30 31 105 29 30 104 32 33 107 34 35 109 35 36 110 33 34 108 31 32 106 27 28 102 18 19 93 74 1 76 77 3 78 2 77 76 79 5 80 81 7 82 82 8 83 6 81 80 4 79 78 84 10 85 86 12 87 11 86 85 88 14 89 90 16 91 91 17 92 15 90 89 13 88 87 9 84 83 93 19 94 95 21 96 20 95 94 23 98 97 97 96 22 98 24 99 99 25 100 101 100 26 92 18 93 101 27 102 103 29 104 104 30 105 28 103 102 106 32 107 108 34 109 109 35 110 33 108 107 31 106 105 37 111 110 37 110 36 38 39 113 40 41 115 39 40 114 42 43 117 44 45 119 45 46 120 43 44 118 41 42 116 47 48 122 49 50 124 48 49 123 51 52 126 53 54 128 54 55 129 52 53 127 50 51 125 46 47 121 56 57 131 58 59 133 57 58 132 60 61 135 62 63 137 63 64 138 61 62 136 59 60 134 65 66 140 67 68 142 66 67 141 69 70 144 71 72 146 72 73 75 70 71 145 68 69 143 64 65 139 55 56 130 112 111 38 114 113 39 112 38 113 116 115 41 118 117 43 119 118 44 116 42 117 114 40 115 121 120 46 123 122 48 121 47 122 125 124 50 127 126 52 128 127 53 125 51 126 123 49 124 119 45 120 130 129 55 132 131 57 130 56 131 134 133 59 136 135 61 137 136 62 134 60 135 132 58 133 139 138 64 141 140 66 142 141 67 139 65 140 144 143 69 146 145 71 75 146 72 144 70 145 142 68 143 137 63 138 128 54 129 38 111 37 
539 930 1 0.990852074153402
110 -83.2603544573895 -24.1459999470418 110 -83.2603544573895 -24.1459999470418 116.572745165277 -83.2603544573895 -23.8329015055201 123.085966532523 -83.2603544573895 -22.8964416489259 129.480679360437 -83.2603544573895 -21.345101102735 135.698972139406 -83.2603544573895 -19.1929290471646 141.684531047097 -83.2603544573895 -16.4594158856222 147.383149935153 -83.2603544573895 -13.1693167365936 152.743221228473 -83.2603544573895 -9.3524272474568 157.716203291397 -83.2603544573895 -5.0433137604855 162.257060028276 -83.2603544573895 -0.281000274700411 166.324668737334 -83.2603544573895 4.89138496150872 169.882192524216 -83.2603544573895 10.4270000264791 172.897413902611 -83.2603544573895 16.2757135329712 175.343026560799 -83.2603544573895 22.3845586257745 177.196882651834 -83.2603544573895 28.6982126577505 178.44219336788 -83.2603544573895 35.1594982002922 179.06768098225 -83.2603544573895 41.7099008509714 179.06768098225 -83.2603544573895 48.2900991490287 178.44219336788 -83.2603544573895 54.8405017997079 177.196882651834 -83.2603544573895 61.3017873422495 175.343026560799 -83.2603544573895 67.6154413742255 172.897413902611 -83.2603544573895 73.7242864670288 169.882192524216 -83.2603544573895 79.5729999735209 166.324668737334 -83.2603544573895 85.1086150384913 162.257060028276 -83.2603544573895 90.2810002747005 157.716203291397 -83.2603544573895 95.0433137604855 152.743221228473 -83.2603544573895 99.3524272474568 147.383149935153 -83.2603544573895 103.169316736594 141.684531047097 -83.2603544573895 106.459415885622 135.698972139406 -83.2603544573895 109.192929047165 129.480679360437 -83.2603544573895 111.345101102735 123.085966532522 -83.2603544573895 112.896441648926 116.572745165277 -83.2603544573895 113.83290150552 110 -83.2603544573895 114.145999947042 103.427254834723 -83.2603544573895 113.83290150552 96.9140334674774 -83.2603544573895 112.896441648926 90.5193206395624 -83.2603544573895 111.345101102735 84.3010278605935 -83.2603544573895 109.192929047165 78.3154689529032 -83.2603544573895 106.459415885622 72.6168500648465 -83.2603544573895 103.169316736593 67.2567787715265 -83.2603544573895 99.3524272474567 62.2837967086031 -83.2603544573895 95.0433137604854 57.7429399717235 -83.2603544573895 90.2810002747003 53.6753312626659 -83.2603544573895 85.1086150384911 50.1178074757843 -83.2603544573895 79.5729999735207 47.1025860973889 -83.2603544573895 73.7242864670287 44.6569734392011 -83.2603544573895 67.6154413742254 42.8031173481658 -83.2603544573895 61.3017873422494 41.5578066321202 -83.2603544573895 54.8405017997078 40.93231901775 -83.2603544573895 48.2900991490286 40.93231901775 -83.2603544573895 41.7099008509714 41.5578066321202 -83.2603544573895 35.1594982002922 42.8031173481658 -83.2603544573895 28.6982126577506 44.6569734392011 -83.2603544573895 22.3845586257746 47.102586097389 -83.2603544573895 16.2757135329713 50.1178074757843 -83.2603544573895 10.4270000264792 53.6753312626659 -83.2603544573895 4.89138496150883 57.7429399717235 -83.2603544573895 -0.281000274700297 62.2837967086031 -83.2603544573895 -5.04331376048538 67.2567787715265 -83.2603544573895 -9.35242724745667 72.6168500648464 -83.2603544573895 -13.1693167365934 78.3154689529031 -83.2603544573895 -16.4594158856221 84.3010278605933 -83.2603544573895 -19.1929290471645 90.5193206395623 -83.2603544573895 -21.3451011027349 96.9140334674772 -83.2603544573895 -22.8964416489258 103.427254834723 -83.2603544573895 -23.83290150552 110 -75.5444238148568 -31.8619305895745 110 -75.5444238148568 -31.8619305895745 116.698958649553 -75.5444238148568 -31.5694477384299 123.346934178842 -75.5444238148568 -30.6942251560992 129.89333147993 -75.5444238148568 -29.2429238149078 136.288328516534 -75.5444238148568 -27.2265889943819 142.4832554998 -75.5444238148568 -24.6605662200019 148.430965294787 -75.5444238148568 -21.5643844744878 154.08619223863 -75.5444238148568 -17.9616075704486 159.405896639565 -75.5444238148568 -13.8796548155401 164.349592334978 -75.5444238148568 -9.34959233497786 168.87965481554 -75.5444238148568 -4.40589663956529 172.961607570449 -75.5444238148568 0.913807761370393 176.564384474488 -75.5444238148568 6.56903470521274 179.660566220002 -75.5444238148568 12.5167445001997 182.226588994382 -75.5444238148568 18.7116714834661 184.242923814908 -75.5444238148568 25.1066685200701 185.694225156099 -75.5444238148568 31.6530658211583 186.56944773843 -75.5444238148568 38.3010413504466 186.861930589575 -75.5444238148568 45 186.56944773843 -75.5444238148568 51.6989586495533 185.694225156099 -75.5444238148568 58.3469341788416 184.242923814908 -75.5444238148568 64.8933314799298 182.226588994382 -75.5444238148568 71.2883285165338 179.660566220002 -75.5444238148568 77.4832554998002 176.564384474488 -75.5444238148568 83.4309652947872 172.961607570449 -75.5444238148568 89.0861922386295 168.87965481554 -75.5444238148568 94.4058966395652 164.349592334978 -75.5444238148568 99.3495923349778 159.405896639565 -75.5444238148568 103.87965481554 154.08619223863 -75.5444238148568 107.961607570448 148.430965294787 -75.5444238148568 111.564384474488 142.4832554998 -75.5444238148568 114.660566220002 136.288328516534 -75.5444238148568 117.226588994382 129.89333147993 -75.5444238148568 119.242923814908 123.346934178842 -75.5444238148568 120.694225156099 116.698958649553 -75.5444238148568 121.56944773843 110 -75.5444238148568 121.861930589575 103.301041350447 -75.5444238148568 121.56944773843 96.6530658211585 -75.5444238148568 120.694225156099 90.1066685200703 -75.5444238148568 119.242923814908 83.7116714834663 -75.5444238148568 117.226588994382 77.5167445001999 -75.5444238148568 114.660566220002 71.5690347052129 -75.5444238148568 111.564384474488 65.9138077613706 -75.5444238148568 107.961607570449 60.5941033604349 -75.5444238148568 103.87965481554 55.6504076650223 -75.5444238148568 99.349592334978 51.12034518446 -75.5444238148568 94.4058966395655 47.0383924295516 -75.5444238148568 89.0861922386298 43.4356155255123 -75.5444238148568 83.4309652947875 40.3394337799982 -75.5444238148568 77.4832554998005 37.7734110056182 -75.5444238148568 71.2883285165341 35.7570761850923 -75.5444238148568 64.8933314799301 34.3057748439009 -75.5444238148568 58.346934178842 33.4305522615701 -75.5444238148568 51.6989586495536 33.1380694104255 -75.5444238148568 45.0000000000003 33.4305522615701 -75.5444238148568 38.301041350447 34.3057748439008 -75.5444238148568 31.6530658211586 35.7570761850921 -75.5444238148568 25.1066685200704 37.773411005618 -75.5444238148568 18.7116714834664 40.339433779998 -75.5444238148568 12.5167445002 43.4356155255121 -75.5444238148568 6.56903470521302 47.0383924295513 -75.5444238148568 0.913807761370663 51.1203451844596 -75.5444238148568 -4.40589663956504 55.6504076650219 -75.5444238148568 -9.34959233497762 60.5941033604344 -75.5444238148568 -13.8796548155399 65.9138077613701 -75.5444238148568 -17.9616075704484 71.5690347052124 -75.5444238148568 -21.5643844744876 77.5167445001994 -75.5444238148568 -24.6605662200017 83.7116714834658 -75.5444238148568 -27.2265889943817 90.1066685200697 -75.5444238148568 -29.2429238149077 96.6530658211579 -75.5444238148568 -30.6942251560991 103.301041350446 -75.5444238148568 -31.5694477384298 110 -82.6017084363178 -27.0567965248237 110 -80.9220820907292 -29.5236582229141 110 -78.4552203926388 -31.2032845685027 110 -82.6017084363178 -27.0567965248237 110 -80.9220820907292 -29.5236582229141 110 -78.4552203926388 -31.2032845685027 40.936369797796 -78.4552203926388 12.7951003367278 42.4586282341149 -80.9220820907292 13.5049411032743 44.6943642006367 -82.6017084363178 14.547481906076 33.8830279060541 -78.4552203926388 41.3741017281688 35.5607518046939 -80.9220820907292 41.4540215675599 38.0248193851979 -82.6017084363178 41.5713995732273 102.756417282135 -78.4552203926388 -30.8582301957913 102.916075916776 -80.9220820907292 -29.1862093283438 103.150566029175 -82.6017084363178 -26.7305177710238 51.6248973088841 -78.4552203926388 -3.98252713805077 52.9115657374385 -80.9220820907292 -2.90288413420333 54.8012914332037 -82.6017084363178 -1.31721599986054 116.641553866379 -78.4552203926388 -30.913308064319 116.495164784691 -80.9220820907292 -29.2400732040684 116.280163621138 -82.6017084363178 -26.7825986595051 182.012166305982 -78.4552203926388 20.0763469180819 180.424918034266 -80.9220820907292 20.6256988860679 178.093731709915 -82.6017084363178 21.432530317448 66.2915915989532 -78.4552203926388 -17.4220763358246 67.2549856926573 -80.9220820907292 -16.046206981194 68.6699194344189 -82.6017084363178 -14.0254721782251 179.063630202204 -78.4552203926388 77.2048996632724 177.541371765885 -80.9220820907292 76.4950588967259 175.305635799363 -82.6017084363178 75.4525180939242 83.9369416899936 -78.4552203926388 -26.6076641886706 84.5114077334454 -80.9220820907292 -25.0293317060434 85.3551241249909 -82.6017084363178 -22.7112399718484 117.243582717864 -78.4552203926388 120.858230195791 117.083924083223 -80.9220820907292 119.186209328344 116.849433970824 -82.6017084363178 116.730517771024 181.607664188671 -78.4552203926388 71.0630583100059 180.029331706044 -80.9220820907292 70.4885922665542 177.711239971849 -82.6017084363178 69.6448758750087 103.358446133621 -78.4552203926388 -30.9133080643189 103.504835215309 -80.9220820907292 -29.2400732040683 103.719836378862 -82.6017084363178 -26.7825986595051 168.375102691116 -78.4552203926388 93.982527138051 167.088434262561 -80.9220820907292 92.9028841342035 165.198708566796 -82.6017084363178 91.3172159998607 37.987833694018 -78.4552203926388 69.923653081918 39.575081965734 -80.9220820907292 69.374301113932 41.9062682900853 -82.6017084363178 68.5674696825518 163.883859267076 -78.4552203926388 -8.88385926707647 162.696184088251 -80.9220820907292 -7.69618408825119 160.951849453282 -82.6017084363178 -5.9518494532821 75.0816339679707 -78.4552203926388 -22.7321806284238 75.8512833061115 -80.9220820907292 -21.2392691919699 76.98166476161 -82.6017084363178 -19.0466350677781 179.316945794615 -78.4552203926388 13.344011550189 177.789103930428 -80.9220820907292 14.04175355038 175.54516760173 -82.6017084363178 15.0665249347661 153.708408401047 -78.4552203926388 107.422076335825 152.745014307343 -80.9220820907292 106.046206981194 151.330080565581 -82.6017084363178 104.025472178225 131.468946201199 -78.4552203926388 118.116516109824 130.995740776318 -80.9220820907292 116.504926432934 130.300745522741 -82.6017084363178 114.137989966738 144.918366032029 -78.4552203926388 -22.7321806284239 144.148716693888 -80.9220820907292 -21.2392691919701 143.01833523839 -82.6017084363178 -19.0466350677782 52.4094001229575 -78.4552203926388 -4.902538861571 53.6787770187103 -80.9220820907292 -3.802617520145 55.543106697033 -82.6017084363178 -2.18716665799202 136.063058310006 -78.4552203926388 116.607664188671 135.488592266554 -80.9220820907292 115.029331706043 134.644875875009 -82.6017084363178 112.711239971848 175.993980288138 -78.4552203926388 6.89835771574862 174.539381203993 -80.9220820907292 7.73817088854293 172.403016305824 -82.6017084363178 8.97160173758813 124.42156642894 -78.4552203926388 -29.8261919434892 124.103695052976 -80.9220820907292 -28.1769186340773 123.636838406948 -82.6017084363178 -25.7546363405441 116.641553866379 -78.4552203926388 120.913308064319 116.495164784691 -80.9220820907292 119.240073204068 116.280163621138 -82.6017084363178 116.782598659505 144.918366032029 -78.4552203926388 112.732180628424 144.148716693888 -80.9220820907292 111.23926919197 143.01833523839 -82.6017084363178 109.046635067778 37.987833694018 -78.4552203926388 20.076346918082 39.575081965734 -80.9220820907292 20.6256988860679 41.9062682900853 -82.6017084363178 21.4325303174481 96.7674385024452 -78.4552203926388 120.045585448057 97.059102556518 -80.9220820907292 118.391476400758 97.4874685949477 -82.6017084363178 115.96209187487 183.606720612772 -78.4552203926388 25.2771386543044 181.984326147052 -80.9220820907292 25.7118579411987 179.601520722984 -82.6017084363178 26.3503287302985 142.204899663272 -78.4552203926388 -24.0636302022038 141.495058896726 -80.9220820907292 -22.5413717658849 140.452518093924 -82.6017084363178 -20.3056357993632 77.7951003367277 -78.4552203926388 114.063630202204 78.5049411032742 -80.9220820907292 112.541371765885 79.5474819060759 -82.6017084363178 110.305635799363 123.232561497555 -78.4552203926388 -30.0455854480571 122.940897443482 -80.9220820907292 -28.3914764007578 122.512531405052 -82.6017084363178 -25.9620918748695 157.105745135546 -78.4552203926388 104.899827664637 156.067469016527 -80.9220820907292 103.579552177675 154.542556290089 -82.6017084363178 101.640467905589 57.4137127132774 -78.4552203926388 100.150910857632 58.5727876015005 -80.9220820907292 98.9353081000316 60.2751170835818 -82.6017084363178 97.1499563218259 51.6248973088844 -78.4552203926388 93.9825271380512 52.9115657374388 -80.9220820907292 92.9028841342037 54.801291433204 -82.6017084363178 91.3172159998609 33.8830279060541 -78.4552203926388 48.6258982718311 35.5607518046939 -80.9220820907292 48.54597843244 38.0248193851979 -82.6017084363178 48.4286004267726 95.5784335710601 -78.4552203926388 -29.8261919434891 95.8963049470233 -80.9220820907292 -28.1769186340772 96.3631615930519 -82.6017084363178 -25.754636340544 61.0174728619492 -78.4552203926388 103.375102691116 62.0971158657966 -80.9220820907292 102.088434262561 63.6827840001394 -82.6017084363178 100.198708566796 40.9363697977963 -78.4552203926388 77.2048996632727 42.4586282341152 -80.9220820907292 76.4950588967262 44.6943642006369 -82.6017084363178 75.4525180939245 34.954414551943 -78.4552203926388 58.2325614975553 36.6085235992422 -80.9220820907292 57.9408974434824 39.0379081251305 -82.6017084363178 57.5125314050527 186.203284568503 -78.4552203926388 45 184.523658222914 -80.9220820907292 45 182.056796524824 -82.6017084363178 45 34.086691935681 -78.4552203926388 38.3584461336213 35.7599267959316 -80.9220820907292 38.5048352153096 38.2174013404949 -82.6017084363178 38.7198363788624 153.708408401046 -78.4552203926388 -17.4220763358248 152.745014307342 -80.9220820907292 -16.0462069811942 151.330080565581 -82.6017084363178 -14.0254721782253 167.590599877042 -78.4552203926388 94.9025388615712 166.32122298129 -80.9220820907292 93.8026175201452 164.456893302967 -82.6017084363178 92.1871666579922 68.801393938083 -78.4552203926388 109.106282356593 69.709468498582 -80.9220820907292 107.69329075953 71.0431546235875 -82.6017084363178 105.618034641005 38.3923358113292 -78.4552203926388 18.9369416899943 39.9706682939564 -80.9220820907292 19.511407733446 42.2887600281514 -82.6017084363178 20.3551241249915 40.6830542053846 -78.4552203926388 76.6559884498109 42.2108960695724 -80.9220820907292 75.9582464496199 44.45483239827 -82.6017084363178 74.9334750652338 68.801393938083 -78.4552203926388 -19.1062823565926 69.7094684985819 -80.9220820907292 -17.6932907595299 71.0431546235874 -82.6017084363178 -15.6180346410054 172.073363076751 -78.4552203926388 0.797758254019719 170.705179847204 -80.9220820907292 1.77203712127622 168.695733630906 -82.6017084363178 3.20295729421009 47.577923664175 -78.4552203926388 1.2915915989538 48.9537930188056 -80.9220820907292 2.25498569265785 50.9745278217746 -82.6017084363178 3.66991943441942 61.0174728619487 -78.4552203926388 -13.3751026911155 62.0971158657962 -80.9220820907292 -12.0884342625611 63.682784000139 -82.6017084363178 -10.1987085667959 183.606720612772 -78.4552203926388 64.7228613456955 181.984326147052 -80.9220820907292 64.2881420588012 179.601520722984 -82.6017084363178 63.6496712697014 77.7951003367272 -78.4552203926388 -24.0636302022037 78.5049411032737 -80.9220820907292 -22.5413717658848 79.5474819060754 -82.6017084363178 -20.305635799363 175.993980288138 -78.4552203926388 83.1016422842514 174.539381203993 -80.9220820907292 82.2618291114571 172.403016305824 -82.6017084363178 81.0283982624119 138.321899872112 -78.4552203926388 -25.7446857838965 137.697645819919 -80.9220820907292 -24.185374545203 136.780805943433 -82.6017084363178 -21.8952192495103 81.6781001278874 -78.4552203926388 115.744685783896 82.3023541800806 -80.9220820907292 114.185374545203 83.2191940565673 -82.6017084363178 111.89521924951 96.7674385024446 -78.4552203926388 -30.045585448057 97.0591025565174 -80.9220820907292 -28.3914764007578 97.4874685949472 -82.6017084363178 -25.9620918748695 47.9266369232491 -78.4552203926388 0.79775825401984 49.2948201527958 -80.9220820907292 1.77203712127633 51.3042663690943 -82.6017084363178 3.2029572942102 163.883859267077 -78.4552203926388 98.8838592670764 162.696184088251 -80.9220820907292 97.6961840882511 160.951849453282 -82.6017084363178 95.951849453282 148.101642284251 -78.4552203926388 110.993980288138 147.261829111457 -80.9220820907292 109.539381203993 146.028398262412 -82.6017084363178 107.403016305824 168.375102691116 -78.4552203926388 -3.98252713805102 167.088434262561 -80.9220820907292 -2.90288413420357 165.198708566796 -82.6017084363178 -1.31721599986077 95.5784335710603 -78.4552203926388 119.826191943489 95.8963049470234 -80.9220820907292 118.176918634077 96.3631615930521 -82.6017084363178 115.754636340544 136.063058310006 -78.4552203926388 -26.6076641886707 135.488592266554 -80.9220820907292 -25.0293317060435 134.644875875009 -82.6017084363178 -22.7112399718485 35.9447665120782 -78.4552203926388 27.0343947478079 37.5770468251822 -80.9220820907292 27.4303816670974 39.9743715608407 -82.6017084363178 28.0119663550882 167.590599877042 -78.4552203926388 -4.90253886157112 166.32122298129 -80.9220820907292 -3.80261752014512 164.456893302967 -82.6017084363178 -2.18716665799213 129.722861345696 -78.4552203926388 118.606720612772 129.288142058801 -80.9220820907292 116.984326147052 128.649671269702 -82.6017084363178 114.601520722984 179.316945794615 -78.4552203926388 76.6559884498111 177.789103930428 -80.9220820907292 75.9582464496201 175.54516760173 -82.6017084363178 74.933475065234 110 -78.4552203926388 121.203284568503 110 -80.9220820907292 119.523658222914 110 -82.6017084363178 117.056796524824 181.607664188671 -78.4552203926388 18.936941689994 180.029331706043 -80.9220820907292 19.5114077334457 177.711239971849 -82.6017084363178 20.3551241249912 34.5723549923416 -78.4552203926388 55.8448581192595 36.2348851635533 -80.9220820907292 55.6058223675275 38.676637766478 -82.6017084363178 55.2547513439212 88.5310537988003 -78.4552203926388 -28.1165161098243 89.0042592236813 -80.9220820907292 -26.5049264329343 89.6992544772585 -82.6017084363178 -24.1379899667378 90.2771386543047 -78.4552203926388 118.606720612772 90.7118579411989 -80.9220820907292 116.984326147052 91.3503287302987 -82.6017084363178 114.601520722984 182.012166305982 -78.4552203926388 69.9236530819182 180.424918034266 -80.9220820907292 69.3743011139322 178.093731709915 -82.6017084363178 68.567469682552 124.421566428939 -78.4552203926388 119.826191943489 124.103695052976 -80.9220820907292 118.176918634077 123.636838406948 -82.6017084363178 115.754636340544 71.8983577157488 -78.4552203926388 110.993980288138 72.7381708885431 -80.9220820907292 109.539381203993 73.9716017375883 -82.6017084363178 107.403016305824 44.0060197118621 -78.4552203926388 83.1016422842516 45.4606187960074 -80.9220820907292 82.2618291114572 47.5969836941765 -82.6017084363178 81.0283982624121 185.913308064319 -78.4552203926388 38.3584461336209 184.240073204068 -80.9220820907292 38.5048352153093 181.782598659505 -82.6017084363178 38.7198363788621 162.586287286722 -78.4552203926388 -10.1509108576323 161.427212398499 -80.9220820907292 -8.93530810003175 159.724882916418 -82.6017084363178 -7.14995632182606 62.8942548644539 -78.4552203926388 -14.8998276646367 63.9325309834724 -80.9220820907292 -13.5795521776753 65.4574437099104 -82.6017084363178 -11.6404679055889 56.1161407329237 -78.4552203926388 98.8838592670766 57.303815911749 -80.9220820907292 97.6961840882514 59.048150546718 -82.6017084363178 95.9518494532823 36.393279387228 -78.4552203926388 64.7228613456958 38.0156738529476 -80.9220820907292 64.2881420588015 40.3984792770164 -82.6017084363178 63.6496712697017 184.055233487922 -78.4552203926388 62.9656052521922 182.422953174818 -80.9220820907292 62.5696183329027 180.025628439159 -82.6017084363178 61.9880336449119 33.7967154314973 -78.4552203926388 45.0000000000003 35.4763417770859 -80.9220820907292 45.0000000000003 37.9432034751763 -82.6017084363178 45.0000000000003 131.468946201199 -78.4552203926388 -28.1165161098244 130.995740776318 -80.9220820907292 -26.5049264329344 130.300745522741 -82.6017084363178 -24.1379899667379 138.321899872112 -78.4552203926388 115.744685783897 137.697645819919 -80.9220820907292 114.185374545203 136.780805943432 -82.6017084363178 111.89521924951 36.3932793872279 -78.4552203926388 25.2771386543047 38.0156738529475 -80.9220820907292 25.711857941199 40.3984792770163 -82.6017084363178 26.3503287302988 44.0060197118618 -78.4552203926388 6.89835771574891 45.4606187960071 -80.9220820907292 7.73817088854321 47.5969836941763 -82.6017084363178 8.9716017375884 185.045585448057 -78.4552203926388 58.232561497555 183.391476400758 -80.9220820907292 57.9408974434821 180.96209187487 -82.6017084363178 57.5125314050524 56.1161407329233 -78.4552203926388 -8.88385926707624 57.3038159117486 -80.9220820907292 -7.69618408825095 59.0481505467177 -82.6017084363178 -5.95184945328188 158.982527138051 -78.4552203926388 -13.3751026911157 157.902884134204 -80.9220820907292 -12.0884342625613 156.317215999861 -82.6017084363178 -10.1987085667961 185.427645007658 -78.4552203926388 55.8448581192596 183.765114836447 -80.9220820907292 55.6058223675276 181.323362233522 -82.6017084363178 55.2547513439213 71.8983577157483 -78.4552203926388 -20.9939802881379 72.7381708885426 -80.9220820907292 -19.5393812039925 73.9716017375878 -82.6017084363178 -17.4030163058234 129.722861345696 -78.4552203926388 -28.606720612772 129.288142058801 -80.9220820907292 -26.9843261470524 128.649671269702 -82.6017084363178 -24.6015207229836 151.198606061917 -78.4552203926388 109.106282356593 150.290531501418 -80.9220820907292 107.69329075953 148.956845376412 -82.6017084363178 105.618034641006 52.4094001229575 -78.4552203926388 94.902538861571 53.6787770187103 -80.9220820907292 93.802617520145 55.5431066970329 -82.6017084363178 92.187166657992 90.2771386543041 -78.4552203926388 -28.6067206127719 90.7118579411984 -80.9220820907292 -26.9843261470523 91.3503287302981 -82.6017084363178 -24.6015207229835 172.422076335825 -78.4552203926388 88.7084084010464 171.046206981194 -80.9220820907292 87.7450143073423 169.025472178225 -82.6017084363178 86.3300805655808 157.105745135546 -78.4552203926388 -14.8998276646369 156.067469016527 -80.9220820907292 -13.5795521776754 154.542556290089 -82.6017084363178 -11.640467905589 34.5723549923416 -78.4552203926388 34.1551418807404 36.2348851635533 -80.9220820907292 34.3941776324724 38.676637766478 -82.6017084363178 34.7452486560787 158.982527138051 -78.4552203926388 103.375102691116 157.902884134204 -80.9220820907292 102.088434262561 156.317215999861 -82.6017084363178 100.198708566796 186.116972093946 -78.4552203926388 48.6258982718312 184.439248195306 -80.9220820907292 48.5459784324401 181.975180614802 -82.6017084363178 48.4286004267727 162.586287286722 -78.4552203926388 100.150910857632 161.427212398499 -80.9220820907292 98.9353081000318 159.724882916418 -82.6017084363178 97.1499563218261 62.8942548644539 -78.4552203926388 104.899827664637 63.9325309834724 -80.9220820907292 103.579552177675 65.4574437099104 -82.6017084363178 101.640467905589 142.204899663273 -78.4552203926388 114.063630202204 141.495058896726 -80.9220820907292 112.541371765885 140.452518093924 -82.6017084363178 110.305635799363 35.9447665120782 -78.4552203926388 62.9656052521921 37.5770468251822 -80.9220820907292 62.5696183329025 39.9743715608407 -82.6017084363178 61.9880336449117 81.6781001278872 -78.4552203926388 -25.7446857838964 82.3023541800805 -80.9220820907292 -24.1853745452029 83.2191940565672 -82.6017084363178 -21.8952192495102 123.232561497555 -78.4552203926388 120.045585448057 122.940897443482 -80.9220820907292 118.391476400758 122.512531405053 -82.6017084363178 115.96209187487 186.116972093946 -78.4552203926388 41.3741017281689 184.439248195306 -80.9220820907292 41.45402156756 181.975180614802 -82.6017084363178 41.5713995732273 172.422076335825 -78.4552203926388 1.29159159895354 171.046206981194 -80.9220820907292 2.25498569265759 169.025472178225 -82.6017084363178 3.66991943441917 179.063630202204 -78.4552203926388 12.7951003367275 177.541371765885 -80.9220820907292 13.504941103274 175.305635799363 -82.6017084363178 14.5474819060757 172.073363076751 -78.4552203926388 89.2022417459803 170.705179847204 -80.9220820907292 88.2279628787238 168.695733630906 -82.6017084363178 86.7970427057899 75.0816339679708 -78.4552203926388 112.732180628424 75.8512833061116 -80.9220820907292 111.23926919197 76.9816647616101 -82.6017084363178 109.046635067778 103.358446133621 -78.4552203926388 120.913308064319 103.504835215309 -80.9220820907292 119.240073204068 103.719836378862 -82.6017084363178 116.782598659505 151.198606061917 -78.4552203926388 -19.1062823565928 150.290531501418 -80.9220820907292 -17.69329075953 148.956845376412 -82.6017084363178 -15.6180346410055 47.9266369232491 -78.4552203926388 89.2022417459801 49.2948201527958 -80.9220820907292 88.2279628787236 51.3042663690943 -82.6017084363178 86.7970427057897 57.4137127132774 -78.4552203926388 -10.1509108576321 58.5727876015005 -80.9220820907292 -8.93530810003163 60.2751170835818 -82.6017084363178 -7.14995632182593 185.427645007658 -78.4552203926388 34.1551418807404 183.765114836447 -80.9220820907292 34.3941776324724 181.323362233522 -82.6017084363178 34.7452486560787 83.9369416899942 -78.4552203926388 116.607664188671 84.5114077334459 -80.9220820907292 115.029331706044 85.3551241249914 -82.6017084363178 112.711239971849 185.045585448057 -78.4552203926388 31.7674385024449 183.391476400758 -80.9220820907292 32.0591025565178 180.96209187487 -82.6017084363178 32.4874685949475 88.5310537988005 -78.4552203926388 118.116516109824 89.0042592236814 -80.9220820907292 116.504926432934 89.6992544772586 -82.6017084363178 114.137989966738 66.2915915989537 -78.4552203926388 107.422076335825 67.2549856926578 -80.9220820907292 106.046206981194 68.6699194344193 -82.6017084363178 104.025472178225 47.5779236641753 -78.4552203926388 88.7084084010467 48.9537930188059 -80.9220820907292 87.7450143073426 50.9745278217748 -82.6017084363178 86.330080565581 148.101642284251 -78.4552203926388 -20.9939802881381 147.261829111457 -80.9220820907292 -19.5393812039927 146.028398262412 -82.6017084363178 -17.4030163058236 117.243582717865 -78.4552203926388 -30.8582301957913 117.083924083223 -80.9220820907292 -29.1862093283438 116.849433970824 -82.6017084363178 -26.7305177710238 40.6830542053846 -78.4552203926388 13.3440115501891 42.2108960695724 -80.9220820907292 14.0417535503801 44.45483239827 -82.6017084363178 15.0665249347661 38.3923358113294 -78.4552203926388 71.0630583100063 39.9706682939566 -80.9220820907292 70.4885922665545 42.2887600281515 -82.6017084363178 69.644875875009 184.055233487922 -78.4552203926388 27.0343947478078 182.422953174818 -80.9220820907292 27.4303816670974 180.025628439159 -82.6017084363178 28.0119663550882 34.0866919356811 -78.4552203926388 51.6415538663793 35.7599267959317 -80.9220820907292 51.495164784691 38.2174013404949 -82.6017084363178 51.2801636211381 34.9544145519429 -78.4552203926388 31.7674385024453 36.6085235992421 -80.9220820907292 32.0591025565181 39.0379081251304 -82.6017084363178 32.4874685949478 185.913308064319 -78.4552203926388 51.641553866379 184.240073204068 -80.9220820907292 51.4951647846906 181.782598659505 -82.6017084363178 51.2801636211378 102.756417282135 -78.4552203926388 120.858230195791 102.916075916776 -80.9220820907292 119.186209328344 103.150566029176 -82.6017084363178 116.730517771024 0 4.74729556542458 6.28318530717959 4.74729556542458 0.0951997773815089 4.74729556542458 0.190399554763018 4.74729556542458 0.285599332144527 4.74729556542458 0.380799109526036 4.74729556542458 0.475998886907544 4.74729556542458 0.571198664289053 4.74729556542458 0.666398441670562 4.74729556542458 0.761598219052071 4.74729556542458 0.85679799643358 4.74729556542458 0.951997773815089 4.74729556542458 1.0471975511966 4.74729556542458 1.14239732857811 4.74729556542458 1.23759710595962 4.74729556542458 1.33279688334112 4.74729556542458 1.42799666072263 4.74729556542458 1.52319643810414 4.74729556542458 1.61839621548565 4.74729556542458 1.71359599286716 4.74729556542458 1.80879577024867 4.74729556542458 1.90399554763018 4.74729556542458 1.99919532501169 4.74729556542458 2.0943951023932 4.74729556542458 2.18959487977471 4.74729556542458 2.28479465715621 4.74729556542458 2.37999443453772 4.74729556542458 2.47519421191923 4.74729556542458 2.57039398930074 4.74729556542458 2.66559376668225 4.74729556542458 2.76079354406376 4.74729556542458 2.85599332144527 4.74729556542458 2.95119309882678 4.74729556542458 3.04639287620829 4.74729556542458 3.14159265358979 4.74729556542458 3.2367924309713 4.74729556542458 3.33199220835281 4.74729556542458 3.42719198573432 4.74729556542458 3.52239176311583 4.74729556542458 3.61759154049734 4.74729556542458 3.71279131787885 4.74729556542458 3.80799109526036 4.74729556542458 3.90319087264187 4.74729556542458 3.99839065002338 4.74729556542458 4.09359042740488 4.74729556542458 4.18879020478639 4.74729556542458 4.2839899821679 4.74729556542458 4.37918975954941 4.74729556542458 4.47438953693092 4.74729556542458 4.56958931431243 4.74729556542458 4.66478909169394 4.74729556542458 4.75998886907544 4.74729556542458 4.85518864645695 4.74729556542458 4.95038842383846 4.74729556542458 5.04558820121997 4.74729556542458 5.14078797860148 4.74729556542458 5.23598775598299 4.74729556542458 5.3311875333645 4.74729556542458 5.426387310746 4.74729556542458 5.52158708812751 4.74729556542458 5.61678686550902 4.74729556542458 5.71198664289053 4.74729556542458 5.80718642027204 4.74729556542458 5.90238619765355 4.74729556542458 5.99758597503505 4.74729556542458 6.09278575241656 4.74729556542458 6.18798552979807 4.74729556542458 0 6.2482787221397 6.28318530717959 6.2482787221397 0.0872664625997165 6.2482787221397 0.174532925199433 6.2482787221397 0.261799387799149 6.2482787221397 0.349065850398866 6.2482787221397 0.436332312998582 6.2482787221397 0.523598775598299 6.2482787221397 0.610865238198015 6.2482787221397 0.698131700797732 6.2482787221397 0.785398163397448 6.2482787221397 0.872664625997165 6.2482787221397 0.959931088596881 6.2482787221397 1.0471975511966 6.2482787221397 1.13446401379631 6.2482787221397 1.22173047639603 6.2482787221397 1.30899693899575 6.2482787221397 1.39626340159546 6.2482787221397 1.48352986419518 6.2482787221397 1.5707963267949 6.2482787221397 1.65806278939461 6.2482787221397 1.74532925199433 6.2482787221397 1.83259571459405 6.2482787221397 1.91986217719376 6.2482787221397 2.00712863979348 6.2482787221397 2.09439510239319 6.2482787221397 2.18166156499291 6.2482787221397 2.26892802759263 6.2482787221397 2.35619449019234 6.2482787221397 2.44346095279206 6.2482787221397 2.53072741539178 6.2482787221397 2.61799387799149 6.2482787221397 2.70526034059121 6.2482787221397 2.79252680319093 6.2482787221397 2.87979326579064 6.2482787221397 2.96705972839036 6.2482787221397 3.05432619099007 6.2482787221397 3.14159265358979 6.2482787221397 3.22885911618951 6.2482787221397 3.31612557878922 6.2482787221397 3.40339204138894 6.2482787221397 3.49065850398866 6.2482787221397 3.57792496658837 6.2482787221397 3.66519142918809 6.2482787221397 3.75245789178781 6.2482787221397 3.83972435438752 6.2482787221397 3.92699081698724 6.2482787221397 4.01425727958696 6.2482787221397 4.10152374218667 6.2482787221397 4.18879020478639 6.2482787221397 4.2760566673861 6.2482787221397 4.36332312998582 6.2482787221397 4.45058959258554 6.2482787221397 4.53785605518525 6.2482787221397 4.62512251778497 6.2482787221397 4.71238898038469 6.2482787221397 4.7996554429844 6.2482787221397 4.88692190558412 6.2482787221397 4.97418836818384 6.2482787221397 5.06145483078355 6.2482787221397 5.14872129338327 6.2482787221397 5.23598775598298 6.2482787221397 5.3232542185827 6.2482787221397 5.41052068118242 6.2482787221397 5.49778714378213 6.2482787221397 5.58505360638185 6.2482787221397 5.67232006898157 6.2482787221397 5.75958653158128 6.2482787221397 5.846852994181 6.2482787221397 5.93411945678072 6.2482787221397 6.02138591938043 6.2482787221397 6.10865238198015 6.2482787221397 6.19591884457986 6.2482787221397 0 5.12254135460336 0 5.49778714378214 0 5.87303293296092 6.28318530717959 5.12254135460336 6.28318530717959 5.49778714378214 6.28318530717959 5.87303293296092 5.14872129338327 5.87303293296092 5.14872129338327 5.49778714378214 5.14872129338327 5.12254135460336 4.75998886907544 5.87303293296092 4.75998886907544 5.49778714378214 4.75998886907544 5.12254135460336 6.18798552979807 5.87303293296092 6.18798552979807 5.49778714378214 6.18798552979807 5.12254135460336 5.41052068118242 5.87303293296092 5.41052068118242 5.49778714378214 5.41052068118242 5.12254135460336 0.0872664625997165 5.87303293296092 0.0872664625997165 5.49778714378214 0.0872664625997165 5.12254135460336 1.23759710595962 5.87303293296092 1.23759710595962 5.49778714378214 1.23759710595962 5.12254135460336 5.67232006898157 5.87303293296092 5.67232006898157 5.49778714378214 5.67232006898157 5.12254135460336 2.00712863979348 5.87303293296092 2.00712863979348 5.49778714378214 2.00712863979348 5.12254135460336 5.93411945678072 5.87303293296092 5.93411945678072 5.49778714378214 5.93411945678072 5.12254135460336 3.04639287620829 5.87303293296092 3.04639287620829 5.49778714378214 3.04639287620829 5.12254135460336 1.91986217719376 5.87303293296092 1.91986217719376 5.49778714378214 1.91986217719376 5.12254135460336 6.19591884457986 5.87303293296092 6.19591884457986 5.49778714378214 6.19591884457986 5.12254135460336 2.26892802759263 5.87303293296092 2.26892802759263 5.49778714378214 2.26892802759263 5.12254135460336 4.37918975954941 5.87303293296092 4.37918975954941 5.49778714378214 4.37918975954941 5.12254135460336 0.785398163397448 5.87303293296092 0.785398163397448 5.49778714378214 0.785398163397448 5.12254135460336 5.80718642027204 5.87303293296092 5.80718642027204 5.49778714378214 5.80718642027204 5.12254135460336 1.14239732857811 5.87303293296092 1.14239732857811 5.49778714378214 1.14239732857811 5.12254135460336 2.53072741539178 5.87303293296092 2.53072741539178 5.49778714378214 2.53072741539178 5.12254135460336 2.85599332144527 5.87303293296092 2.85599332144527 5.49778714378214 2.85599332144527 5.12254135460336 0.475998886907544 5.87303293296092 0.475998886907544 5.49778714378214 0.475998886907544 5.12254135460336 5.426387310746 5.87303293296092 5.426387310746 5.49778714378214 5.426387310746 5.12254135460336 2.79252680319093 5.87303293296092 2.79252680319093 5.49778714378214 2.79252680319093 5.12254135460336 1.0471975511966 5.87303293296092 1.0471975511966 5.49778714378214 1.0471975511966 5.12254135460336 0.190399554763018 5.87303293296092 0.190399554763018 5.49778714378214 0.190399554763018 5.12254135460336 3.05432619099007 5.87303293296092 3.05432619099007 5.49778714378214 3.05432619099007 5.12254135460336 2.66559376668225 5.87303293296092 2.66559376668225 5.49778714378214 2.66559376668225 5.12254135460336 5.04558820121997 5.87303293296092 5.04558820121997 5.49778714378214 5.04558820121997 5.12254135460336 3.31612557878922 5.87303293296092 3.31612557878922 5.49778714378214 3.31612557878922 5.12254135460336 1.30899693899575 5.87303293296092 1.30899693899575 5.49778714378214 1.30899693899575 5.12254135460336 0.436332312998582 5.87303293296092 0.436332312998582 5.49778714378214 0.436332312998582 5.12254135460336 3.57792496658837 5.87303293296092 3.57792496658837 5.49778714378214 3.57792496658837 5.12254135460336 0.174532925199433 5.87303293296092 0.174532925199433 5.49778714378214 0.174532925199433 5.12254135460336 2.47519421191923 5.87303293296092 2.47519421191923 5.49778714378214 2.47519421191923 5.12254135460336 3.90319087264187 5.87303293296092 3.90319087264187 5.49778714378214 3.90319087264187 5.12254135460336 4.01425727958696 5.87303293296092 4.01425727958696 5.49778714378214 4.01425727958696 5.12254135460336 4.66478909169394 5.87303293296092 4.66478909169394 5.49778714378214 4.66478909169394 5.12254135460336 6.09278575241656 5.87303293296092 6.09278575241656 5.49778714378214 6.09278575241656 5.12254135460336 3.83972435438752 5.87303293296092 3.83972435438752 5.49778714378214 3.83972435438752 5.12254135460336 4.2760566673861 5.87303293296092 4.2760566673861 5.49778714378214 4.2760566673861 5.12254135460336 4.53785605518525 5.87303293296092 4.53785605518525 5.49778714378214 4.53785605518525 5.12254135460336 1.5707963267949 5.87303293296092 1.5707963267949 5.49778714378214 1.5707963267949 5.12254135460336 4.7996554429844 5.87303293296092 4.7996554429844 5.49778714378214 4.7996554429844 5.12254135460336 0.610865238198015 5.87303293296092 0.610865238198015 5.49778714378214 0.610865238198015 5.12254135460336 2.28479465715621 5.87303293296092 2.28479465715621 5.49778714378214 2.28479465715621 5.12254135460336 3.71279131787885 5.87303293296092 3.71279131787885 5.49778714378214 3.71279131787885 5.12254135460336 5.06145483078355 5.87303293296092 5.06145483078355 5.49778714378214 5.06145483078355 5.12254135460336 4.2839899821679 5.87303293296092 4.2839899821679 5.49778714378214 4.2839899821679 5.12254135460336 5.71198664289053 5.87303293296092 5.71198664289053 5.49778714378214 5.71198664289053 5.12254135460336 0.951997773815089 5.87303293296092 0.951997773815089 5.49778714378214 0.951997773815089 5.12254135460336 5.3232542185827 5.87303293296092 5.3232542185827 5.49778714378214 5.3232542185827 5.12254135460336 5.58505360638185 5.87303293296092 5.58505360638185 5.49778714378214 5.58505360638185 5.12254135460336 1.83259571459405 5.87303293296092 1.83259571459405 5.49778714378214 1.83259571459405 5.12254135460336 5.846852994181 5.87303293296092 5.846852994181 5.49778714378214 5.846852994181 5.12254135460336 2.0943951023932 5.87303293296092 2.0943951023932 5.49778714378214 2.0943951023932 5.12254135460336 0.380799109526036 5.87303293296092 0.380799109526036 5.49778714378214 0.380799109526036 5.12254135460336 3.52239176311583 5.87303293296092 3.52239176311583 5.49778714378214 3.52239176311583 5.12254135460336 6.10865238198015 5.87303293296092 6.10865238198015 5.49778714378214 6.10865238198015 5.12254135460336 5.3311875333645 5.87303293296092 5.3311875333645 5.49778714378214 5.3311875333645 5.12254135460336 2.35619449019234 5.87303293296092 2.35619449019234 5.49778714378214 2.35619449019234 5.12254135460336 2.61799387799149 5.87303293296092 2.61799387799149 5.49778714378214 2.61799387799149 5.12254135460336 0.872664625997165 5.87303293296092 0.872664625997165 5.49778714378214 0.872664625997165 5.12254135460336 3.33199220835281 5.87303293296092 3.33199220835281 5.49778714378214 3.33199220835281 5.12254135460336 0.349065850398866 5.87303293296092 0.349065850398866 5.49778714378214 0.349065850398866 5.12254135460336 4.95038842383846 5.87303293296092 4.95038842383846 5.49778714378214 4.95038842383846 5.12254135460336 0.85679799643358 5.87303293296092 0.85679799643358 5.49778714378214 0.85679799643358 5.12254135460336 2.87979326579064 5.87303293296092 2.87979326579064 5.49778714378214 2.87979326579064 5.12254135460336 1.99919532501169 5.87303293296092 1.99919532501169 5.49778714378214 1.99919532501169 5.12254135460336 3.14159265358979 5.87303293296092 3.14159265358979 5.49778714378214 3.14159265358979 5.12254135460336 1.22173047639603 5.87303293296092 1.22173047639603 5.49778714378214 1.22173047639603 5.12254135460336 4.56958931431243 5.87303293296092 4.56958931431243 5.49778714378214 4.56958931431243 5.12254135460336 5.99758597503505 5.87303293296092 5.99758597503505 5.49778714378214 5.99758597503505 5.12254135460336 3.40339204138894 5.87303293296092 3.40339204138894 5.49778714378214 3.40339204138894 5.12254135460336 1.90399554763018 5.87303293296092 1.90399554763018 5.49778714378214 1.90399554763018 5.12254135460336 2.95119309882678 5.87303293296092 2.95119309882678 5.49778714378214 2.95119309882678 5.12254135460336 3.66519142918809 5.87303293296092 3.66519142918809 5.49778714378214 3.66519142918809 5.12254135460336 4.18879020478639 5.87303293296092 4.18879020478639 5.49778714378214 4.18879020478639 5.12254135460336 1.48352986419518 5.87303293296092 1.48352986419518 5.49778714378214 1.48352986419518 5.12254135460336 0.761598219052071 5.87303293296092 0.761598219052071 5.49778714378214 0.761598219052071 5.12254135460336 5.61678686550902 5.87303293296092 5.61678686550902 5.49778714378214 5.61678686550902 5.12254135460336 3.92699081698724 5.87303293296092 3.92699081698724 5.49778714378214 3.92699081698724 5.12254135460336 4.45058959258554 5.87303293296092 4.45058959258554 5.49778714378214 4.45058959258554 5.12254135460336 1.80879577024867 5.87303293296092 1.80879577024867 5.49778714378214 1.80879577024867 5.12254135460336 4.71238898038469 5.87303293296092 4.71238898038469 5.49778714378214 4.71238898038469 5.12254135460336 0.285599332144527 5.87303293296092 0.285599332144527 5.49778714378214 0.285599332144527 5.12254135460336 2.76079354406376 5.87303293296092 2.76079354406376 5.49778714378214 2.76079354406376 5.12254135460336 4.97418836818384 5.87303293296092 4.97418836818384 5.49778714378214 4.97418836818384 5.12254135460336 5.23598775598298 5.87303293296092 5.23598775598298 5.49778714378214 5.23598775598298 5.12254135460336 1.74532925199433 5.87303293296092 1.74532925199433 5.49778714378214 1.74532925199433 5.12254135460336 5.49778714378213 5.87303293296092 5.49778714378213 5.49778714378214 5.49778714378213 5.12254135460336 0.698131700797732 5.87303293296092 0.698131700797732 5.49778714378214 0.698131700797732 5.12254135460336 1.71359599286716 5.87303293296092 1.71359599286716 5.49778714378214 1.71359599286716 5.12254135460336 5.75958653158128 5.87303293296092 5.75958653158128 5.49778714378214 5.75958653158128 5.12254135460336 0.261799387799149 5.87303293296092 0.261799387799149 5.49778714378214 0.261799387799149 5.12254135460336 2.57039398930074 5.87303293296092 2.57039398930074 5.49778714378214 2.57039398930074 5.12254135460336 3.99839065002338 5.87303293296092 3.99839065002338 5.49778714378214 3.99839065002338 5.12254135460336 6.02138591938043 5.87303293296092 6.02138591938043 5.49778714378214 6.02138591938043 5.12254135460336 2.18166156499291 5.87303293296092 2.18166156499291 5.49778714378214 2.18166156499291 5.12254135460336 0.666398441670562 5.87303293296092 0.666398441670562 5.49778714378214 0.666398441670562 5.12254135460336 4.85518864645695 5.87303293296092 4.85518864645695 5.49778714378214 4.85518864645695 5.12254135460336 2.44346095279206 5.87303293296092 2.44346095279206 5.49778714378214 2.44346095279206 5.12254135460336 1.61839621548565 5.87303293296092 1.61839621548565 5.49778714378214 1.61839621548565 5.12254135460336 2.37999443453772 5.87303293296092 2.37999443453772 5.49778714378214 2.37999443453772 5.12254135460336 3.80799109526036 5.87303293296092 3.80799109526036 5.49778714378214 3.80799109526036 5.12254135460336 2.70526034059121 5.87303293296092 2.70526034059121 5.49778714378214 2.70526034059121 5.12254135460336 4.47438953693092 5.87303293296092 4.47438953693092 5.49778714378214 4.47438953693092 5.12254135460336 5.90238619765355 5.87303293296092 5.90238619765355 5.49778714378214 5.90238619765355 5.12254135460336 2.96705972839036 5.87303293296092 2.96705972839036 5.49778714378214 2.96705972839036 5.12254135460336 1.52319643810414 5.87303293296092 1.52319643810414 5.49778714378214 1.52319643810414 5.12254135460336 0.959931088596881 5.87303293296092 0.959931088596881 5.49778714378214 0.959931088596881 5.12254135460336 1.13446401379631 5.87303293296092 1.13446401379631 5.49778714378214 1.13446401379631 5.12254135460336 2.18959487977471 5.87303293296092 2.18959487977471 5.49778714378214 2.18959487977471 5.12254135460336 3.61759154049734 5.87303293296092 3.61759154049734 5.49778714378214 3.61759154049734 5.12254135460336 3.22885911618951 5.87303293296092 3.22885911618951 5.49778714378214 3.22885911618951 5.12254135460336 0.571198664289053 5.87303293296092 0.571198664289053 5.49778714378214 0.571198664289053 5.12254135460336 4.09359042740488 5.87303293296092 4.09359042740488 5.49778714378214 4.09359042740488 5.12254135460336 5.52158708812751 5.87303293296092 5.52158708812751 5.49778714378214 5.52158708812751 5.12254135460336 1.42799666072263 5.87303293296092 1.42799666072263 5.49778714378214 1.42799666072263 5.12254135460336 3.49065850398866 5.87303293296092 3.49065850398866 5.49778714378214 3.49065850398866 5.12254135460336 1.39626340159546 5.87303293296092 1.39626340159546 5.49778714378214 1.39626340159546 5.12254135460336 3.42719198573432 5.87303293296092 3.42719198573432 5.49778714378214 3.42719198573432 5.12254135460336 3.75245789178781 5.87303293296092 3.75245789178781 5.49778714378214 3.75245789178781 5.12254135460336 4.10152374218667 5.87303293296092 4.10152374218667 5.49778714378214 4.10152374218667 5.12254135460336 0.523598775598299 5.87303293296092 0.523598775598299 5.49778714378214 0.523598775598299 5.12254135460336 0.0951997773815089 5.87303293296092 0.0951997773815089 5.49778714378214 0.0951997773815089 5.12254135460336 5.14078797860148 5.87303293296092 5.14078797860148 5.49778714378214 5.14078797860148 5.12254135460336 4.36332312998582 5.87303293296092 4.36332312998582 5.49778714378214 4.36332312998582 5.12254135460336 1.33279688334112 5.87303293296092 1.33279688334112 5.49778714378214 1.33279688334112 5.12254135460336 4.62512251778497 5.87303293296092 4.62512251778497 5.49778714378214 4.62512251778497 5.12254135460336 4.88692190558412 5.87303293296092 4.88692190558412 5.49778714378214 4.88692190558412 5.12254135460336 1.65806278939461 5.87303293296092 1.65806278939461 5.49778714378214 1.65806278939461 5.12254135460336 3.2367924309713 5.87303293296092 3.2367924309713 5.49778714378214 3.2367924309713 5.12254135460336 1 3 161 141 161 160 161 141 1 161 3 518 242 3 4 335 5 6 425 4 5 236 6 7 518 242 241 242 518 3 218 425 424 425 218 4 242 4 218 242 218 217 398 335 334 335 398 5 311 236 235 236 311 6 335 6 311 335 311 310 425 5 398 425 398 397 7 206 236 161 518 517 8 9 275 10 11 191 9 10 416 329 11 12 476 13 14 473 12 13 341 11 329 206 515 514 206 7 515 488 275 274 275 488 8 515 8 488 515 488 487 440 416 415 416 440 9 380 191 190 191 380 10 341 191 11 191 341 340 416 10 380 416 380 379 275 9 440 275 440 439 14 15 353 515 7 8 236 206 205 142 160 159 142 141 160 517 241 240 517 518 241 161 517 160 160 517 516 217 424 423 217 218 424 397 334 333 397 398 334 425 397 424 424 397 396 242 217 241 241 217 216 310 235 234 310 311 235 205 514 513 205 206 514 236 205 235 235 205 204 487 274 273 487 488 274 439 415 414 439 440 415 415 416 379 415 379 378 275 439 274 274 439 438 515 487 514 514 487 486 335 310 334 334 310 309 329 293 292 293 329 12 473 215 214 215 473 13 293 12 473 293 473 472 476 197 196 197 476 14 353 164 352 164 353 15 197 14 353 197 353 352 215 13 476 215 476 475 190 340 339 190 191 340 328 292 291 292 328 329 340 329 328 340 328 327 472 214 213 214 472 473 475 196 195 196 475 476 352 196 197 196 352 351 214 215 475 214 475 474 292 293 472 292 472 471 164 163 352 190 379 380 340 341 329 379 190 189 15 233 164 233 16 527 233 163 164 527 503 502 503 527 16 16 17 503 233 527 526 503 17 497 269 18 19 377 17 18 536 19 20 497 377 376 377 497 17 470 269 268 269 470 18 377 18 470 377 470 469 268 449 448 536 449 19 418 536 419 410 419 20 536 20 419 535 449 536 269 19 449 269 449 268 20 21 410 503 497 496 21 22 302 179 22 23 302 22 365 437 24 25 323 26 27 185 25 26 170 23 24 200 28 29 391 410 392 392 21 302 326 29 30 28 446 27 458 30 31 344 32 33 467 33 34 212 31 32 221 34 35 21 392 410 409 419 410 364 302 365 179 365 22 346 179 347 170 347 23 179 23 347 178 365 179 307 170 308 437 308 24 478 437 479 185 479 25 437 25 479 436 308 437 170 24 308 169 347 170 163 232 231 233 232 163 526 502 501 527 502 526 526 232 233 232 526 525 376 496 497 502 503 496 376 469 468 377 469 376 470 268 469 469 268 267 277 185 278 496 376 375 184 479 185 502 496 495 185 26 278 302 301 392 322 278 323 452 323 27 445 452 446 245 446 28 452 27 446 451 323 452 199 245 200 428 200 29 325 428 326 224 326 30 428 29 326 427 200 428 245 28 200 244 446 245 457 224 458 401 458 31 211 401 212 203 212 32 401 31 212 400 458 401 343 203 344 368 344 33 466 368 467 176 467 34 221 176 34 175 467 176 368 33 467 367 344 368 203 32 344 202 212 203 224 30 458 223 326 224 278 26 323 220 176 221 221 350 220 233 15 16 352 163 162 143 159 70 143 142 159 516 240 71 516 517 240 160 516 159 159 516 70 216 423 72 216 217 423 396 333 73 396 397 333 424 396 423 423 396 72 241 216 240 240 216 71 309 234 74 309 310 234 204 513 75 204 205 513 235 204 234 234 204 74 486 273 76 486 487 273 438 414 77 438 439 414 274 438 273 273 438 76 514 486 513 513 486 75 334 309 333 333 309 73 190 339 189 535 448 449 378 189 78 378 379 189 162 163 231 378 414 415 535 534 448 409 418 419 409 408 418 301 391 392 409 410 391 418 417 535 535 536 418 391 390 409 339 327 79 339 340 327 291 471 80 291 292 471 328 291 327 327 291 79 213 474 82 213 214 474 195 351 83 195 196 351 351 352 162 351 162 83 475 195 474 474 195 82 472 213 471 471 213 81 391 301 300 189 339 78 267 268 448 414 378 77 68 143 70 71 216 72 516 71 70 309 74 73 73 72 396 74 204 75 76 75 486 84 162 231 76 438 77 78 339 79 378 78 77 80 471 81 82 195 83 83 162 84 213 82 81 291 80 79 231 525 84 525 501 85 525 526 501 495 375 86 495 496 375 502 495 501 501 495 85 468 267 87 468 469 267 447 534 88 534 447 448 267 448 447 267 447 87 376 468 375 375 468 86 85 495 86 87 447 88 468 87 86 417 408 89 408 417 418 90 89 390 390 89 408 300 390 391 90 390 300 408 409 390 417 89 88 88 534 417 534 535 417 525 85 84 232 525 231 301 364 300 364 178 177 178 364 365 346 169 168 169 346 347 178 179 346 178 346 345 307 436 435 436 307 308 478 184 183 184 478 479 436 437 478 436 478 477 169 170 307 169 307 306 363 177 91 363 364 177 345 168 92 345 346 168 178 345 177 177 345 91 307 435 306 306 168 169 435 477 94 435 436 477 477 478 183 477 183 95 183 277 276 306 435 94 184 277 183 168 306 93 184 185 277 363 90 300 321 277 322 451 322 323 444 451 445 244 445 446 451 452 445 450 322 451 198 244 199 427 199 200 324 427 325 223 325 326 427 428 325 426 199 427 244 245 199 243 445 244 456 223 457 400 457 458 210 400 211 202 211 212 400 401 211 399 457 400 342 202 343 367 343 344 465 367 466 175 466 467 220 175 176 174 466 175 367 368 466 366 343 367 202 203 343 201 211 202 223 224 457 222 325 223 277 278 322 219 175 220 276 321 96 321 276 277 450 444 97 444 450 451 321 322 450 321 450 96 243 198 98 198 243 244 98 426 99 324 426 427 198 199 426 198 426 98 444 445 243 444 243 97 90 363 91 92 168 93 345 92 91 94 477 95 97 96 450 98 97 243 95 276 96 306 94 93 426 324 99 183 276 95 222 456 100 456 222 223 399 210 101 210 399 400 456 457 399 456 399 100 201 342 102 342 201 202 366 465 103 465 366 367 342 343 366 342 366 102 210 211 201 210 201 101 99 222 100 101 201 102 399 101 100 174 219 104 219 174 175 104 103 174 105 104 219 105 219 348 103 102 366 465 174 103 465 466 174 222 99 324 324 325 222 349 219 220 363 300 364 301 302 364 350 221 35 35 485 350 485 35 36 485 539 538 539 485 36 539 36 230 350 485 484 230 36 37 500 38 39 362 37 38 239 39 40 230 332 331 332 230 37 362 506 505 506 362 38 332 37 362 332 362 361 500 314 313 314 500 39 239 482 481 482 239 40 314 39 239 314 239 238 506 38 500 506 500 499 40 371 482 539 230 229 41 42 509 43 44 386 42 43 260 251 45 491 263 46 47 512 45 46 44 45 251 371 281 280 281 371 41 509 455 454 455 509 42 281 41 509 281 509 508 260 248 247 248 260 43 386 431 430 431 386 44 251 431 44 431 251 250 248 43 386 248 386 385 455 42 260 455 260 259 47 48 524 41 371 40 482 371 370 349 484 483 349 350 484 538 229 228 538 539 229 485 538 484 484 538 537 331 361 360 331 332 361 505 499 498 505 506 499 362 505 361 361 505 504 230 331 229 229 331 330 313 238 237 313 314 238 481 370 369 481 482 370 239 481 238 238 481 480 280 508 507 280 281 508 454 259 258 454 455 259 259 260 247 259 247 246 509 454 508 508 454 453 371 280 370 370 280 279 500 313 499 499 313 312 386 430 385 512 491 45 374 373 512 491 512 511 512 46 374 385 247 248 262 374 263 287 263 47 523 287 524 188 524 48 287 47 524 286 263 287 374 46 263 187 524 188 430 250 249 430 431 250 490 511 510 511 490 491 250 491 490 250 490 489 373 262 261 262 373 374 286 523 522 523 286 287 187 523 524 523 187 186 262 263 286 262 286 285 511 512 373 511 373 372 188 389 187 385 430 429 251 491 250 247 385 384 48 389 188 350 349 220 461 49 266 389 461 460 461 389 49 266 49 50 49 389 48 530 50 51 272 52 53 395 51 52 533 53 54 266 356 355 356 266 50 530 254 253 254 530 51 356 50 530 356 530 529 395 152 151 152 395 52 151 272 271 443 272 53 533 443 53 442 272 443 152 52 272 152 272 151 254 51 395 254 395 394 54 338 533 461 266 265 227 55 284 149 56 57 284 55 56 158 58 59 299 60 61 413 59 60 296 57 58 404 338 54 167 61 62 403 338 404 404 55 227 422 62 63 337 533 338 305 63 64 434 65 66 317 66 67 173 64 65 182 67 2 404 54 55 532 443 533 283 227 284 521 284 56 148 521 149 407 149 57 521 56 149 520 284 521 295 407 296 320 296 58 157 320 158 209 158 59 320 58 158 319 296 320 407 57 296 406 149 407 388 460 459 389 460 388 265 355 354 266 355 265 265 460 461 460 265 264 253 529 530 355 356 529 253 394 393 254 394 253 395 151 394 394 151 150 412 209 413 529 253 252 208 158 209 355 529 528 209 59 413 227 226 404 493 413 494 299 494 60 382 299 383 167 383 61 299 61 383 298 494 299 289 167 290 422 290 62 193 422 194 305 194 63 422 63 194 421 290 422 167 62 290 166 383 167 463 305 464 173 464 64 358 173 359 434 359 65 173 65 359 172 464 173 256 434 257 317 257 66 154 317 155 182 155 67 144 182 2 181 155 182 317 67 155 316 257 317 434 66 257 433 359 434 305 64 464 304 194 305 413 60 494 145 182 144 389 388 187 187 388 387 348 483 106 348 349 483 537 228 107 537 538 228 484 537 483 483 537 106 330 360 108 330 331 360 504 498 109 504 505 498 361 504 360 360 504 108 229 330 228 228 330 107 312 237 110 312 313 237 480 369 111 480 481 369 238 480 237 237 480 110 279 507 112 279 280 507 453 258 113 453 454 258 508 453 507 507 453 112 370 279 369 369 279 111 499 312 498 498 312 109 385 429 384 442 271 272 246 384 114 246 247 384 186 187 387 246 258 259 442 441 271 337 532 533 337 336 532 226 403 404 337 338 403 532 531 442 442 443 532 403 402 337 429 249 115 429 430 249 489 510 116 489 490 510 250 489 249 249 489 115 372 261 118 372 373 261 285 522 119 285 286 522 522 523 186 522 186 119 262 285 261 261 285 118 511 372 510 510 372 117 403 226 402 384 429 114 151 271 150 258 246 113 106 537 107 108 504 109 330 108 107 279 112 111 387 388 459 110 480 111 387 459 120 110 109 312 387 120 186 112 453 113 114 429 115 246 114 113 116 510 117 118 285 119 119 186 120 372 118 117 489 116 115 459 121 120 264 354 121 264 265 354 528 252 122 528 529 252 355 528 354 354 528 122 393 150 123 393 394 150 270 441 124 441 270 271 150 271 270 150 270 124 253 393 252 252 393 123 121 354 122 123 150 124 252 123 122 531 336 125 336 531 532 336 126 125 126 336 402 225 126 402 336 337 402 125 124 441 441 531 125 441 442 531 264 121 459 460 264 459 402 226 225 348 106 105 283 520 519 520 283 284 148 406 405 406 148 149 520 521 148 520 148 147 295 319 318 319 295 296 157 208 156 208 157 158 319 320 157 319 157 156 406 407 295 406 295 294 225 282 127 225 283 282 519 147 128 519 520 147 283 519 282 282 519 127 406 294 405 405 147 148 294 318 130 294 295 318 318 319 156 318 156 131 411 208 412 405 294 130 156 208 207 147 405 129 208 209 412 283 225 226 492 412 493 298 493 494 381 298 382 166 382 383 298 299 382 297 493 298 288 166 289 421 289 290 192 421 193 304 193 194 421 422 193 420 289 421 166 167 289 165 382 166 462 304 463 172 463 464 357 172 358 433 358 359 172 173 358 171 463 172 255 433 256 316 256 257 153 316 154 181 154 155 145 181 182 180 154 181 316 317 154 315 256 316 433 434 256 432 358 433 304 305 463 303 193 304 412 413 493 146 181 145 207 411 132 411 207 208 492 297 133 297 492 493 411 412 492 411 492 132 381 165 134 165 381 382 288 420 135 420 288 289 165 166 288 165 288 134 297 298 381 297 381 133 127 519 128 129 405 130 147 129 128 132 131 207 134 133 381 135 134 288 132 492 133 318 131 130 420 192 135 131 156 207 192 303 136 303 192 193 462 171 137 171 462 463 303 304 462 303 462 136 357 432 138 432 357 358 255 315 139 315 255 256 432 433 255 432 255 138 171 172 357 171 357 137 136 462 137 138 255 139 357 138 137 153 180 140 180 153 154 140 146 69 146 140 180 180 181 146 153 140 139 139 315 153 315 316 153 192 136 135 420 421 192 225 127 126 226 227 283 349 348 219 
73 72 1 1.72100360046491
110 0 -34.5 116.928881548439 0 -34.1974784982938 123.805030124521 0 -33.2922163644705 130.57611408565 0 -31.7911031899809 137.190601394391 0 -29.7055633524797 143.598151808386 0 -27.0514690694137 149.75 0 -23.8490196008629 155.599326689908 0 -20.1225875209748 161.10161497008 0 -15.9005332279588 166.214989104331 0 -11.2149891043305 170.900533227959 0 -6.10161497007987 175.122587520975 0 -0.59932668990816 178.849019600863 0 5.24999999999999 182.051469069414 0 11.4018481916144 184.70556335248 0 17.8093986056093 186.791103189981 0 24.4238859143496 188.292216364471 0 31.194969875479 189.197478498294 0 38.0711184515611 189.5 0 45 189.197478498294 0 51.9288815484388 188.292216364471 0 58.8050301245209 186.791103189981 0 65.5761140856503 184.70556335248 0 72.1906013943906 182.051469069414 0 78.5981518083855 178.849019600863 0 84.7499999999999 175.122587520975 0 90.5993266899081 170.900533227959 0 96.1016149700798 166.214989104331 0 101.21498910433 161.10161497008 0 105.900533227959 155.599326689908 0 110.122587520975 149.75 0 113.849019600863 143.598151808386 0 117.051469069414 137.190601394391 0 119.70556335248 130.576114085651 0 121.791103189981 123.805030124521 0 123.292216364471 116.928881548439 0 124.197478498294 110 0 124.5 103.071118451561 0 124.197478498294 96.1949698754792 0 123.292216364471 89.4238859143498 0 121.791103189981 82.8093986056095 0 119.70556335248 76.4018481916146 0 117.051469069414 70.2500000000002 0 113.849019600863 64.400673310092 0 110.122587520975 58.8983850299203 0 105.900533227959 53.7850108956696 0 101.214989104331 49.0994667720414 0 96.10161497008 44.8774124790253 0 90.5993266899084 41.1509803991372 0 84.7500000000002 37.9485309305864 0 78.5981518083858 35.2944366475204 0 72.1906013943909 33.2088968100191 0 65.5761140856507 31.7077836355295 0 58.8050301245212 30.8025215017063 0 51.9288815484391 30.5 0 45.0000000000003 30.8025215017062 0 38.0711184515615 31.7077836355294 0 31.1949698754793 33.208896810019 0 24.4238859143499 35.2944366475202 0 17.8093986056096 37.9485309305862 0 11.4018481916147 41.150980399137 0 5.25000000000028 44.877412479025 0 -0.59932668990789 49.099466772041 0 -6.10161497007962 53.7850108956692 0 -11.2149891043303 58.8983850299198 0 -15.9005332279585 64.4006733100915 0 -20.1225875209746 70.2499999999997 0 -23.8490196008627 76.4018481916141 0 -27.0514690694135 82.809398605609 0 -29.7055633524796 89.4238859143492 0 -31.7911031899808 96.1949698754786 0 -33.2922163644705 103.071118451561 0 -34.1974784982937 110 0 45 79.5 0 79.1974784982938 6.92888154843882 78.2922163644705 13.805030124521 76.7911031899809 20.5761140856504 74.7055633524797 27.1906013943907 72.0514690694137 33.5981518083856 68.8490196008629 39.75 65.1225875209748 45.5993266899082 60.9005332279588 51.1016149700799 56.2149891043305 56.2149891043305 51.1016149700799 60.9005332279588 45.5993266899082 65.1225875209748 39.75 68.8490196008629 33.5981518083856 72.0514690694137 27.1906013943907 74.7055633524797 20.5761140856504 76.7911031899809 13.805030124521 78.2922163644705 6.92888154843887 79.1974784982938 5.6843418860808e-14 79.5 -6.92888154843877 79.1974784982938 -13.8050301245209 78.2922163644706 -20.5761140856503 76.791103189981 -27.1906013943906 74.7055633524797 -33.5981518083855 72.0514690694137 -39.7499999999999 68.8490196008629 -45.5993266899081 65.1225875209749 -51.1016149700798 60.9005332279588 -56.2149891043304 56.2149891043306 -60.9005332279587 51.10161497008 -65.1225875209748 45.5993266899083 -68.8490196008628 39.7500000000001 -72.0514690694136 33.5981518083857 -74.7055633524797 27.1906013943908 -76.7911031899809 20.5761140856505 -78.2922163644705 13.8050301245211 -79.1974784982937 6.92888154843899 -79.5 1.70530256582424e-13 -79.1974784982938 -6.92888154843864 -78.2922163644706 -13.8050301245208 -76.791103189981 -20.5761140856502 -74.7055633524798 -27.1906013943905 -72.0514690694138 -33.5981518083854 -68.849019600863 -39.7499999999998 -65.122587520975 -45.599326689908 -60.9005332279589 -51.1016149700797 -56.2149891043307 -56.2149891043304 -51.10161497008 -60.9005332279586 -45.5993266899084 -65.1225875209747 -39.7500000000002 -68.8490196008628 -33.5981518083858 -72.0514690694136 -27.1906013943909 -74.7055633524796 -20.5761140856507 -76.7911031899809 -13.8050301245212 -78.2922163644705 -6.92888154843909 -79.1974784982937 -2.8421709430404e-13 -79.5 6.92888154843854 -79.1974784982938 13.8050301245207 -78.2922163644706 20.5761140856501 -76.791103189981 27.1906013943904 -74.7055633524798 33.5981518083853 -72.0514690694138 39.7499999999997 -68.849019600863 45.5993266899079 -65.122587520975 51.1016149700796 -60.900533227959 56.2149891043303 -56.2149891043308 60.9005332279585 -51.1016149700802 65.1225875209746 -45.5993266899085 68.8490196008627 -39.7500000000003 72.0514690694135 -33.598151808386 74.7055633524796 -27.190601394391 76.7911031899808 -20.5761140856508 78.2922163644704 -13.8050301245214 79.1974784982937 -6.92888154843924 0 0 43 73 42 73 44 45 40 41 73 73 38 39 41 42 73 40 73 39 37 38 73 46 73 45 73 51 52 53 54 73 73 43 44 73 47 48 73 49 50 49 73 48 73 50 51 47 73 46 52 53 73 31 32 73 34 73 33 73 34 35 32 33 73 73 28 29 31 73 30 29 30 73 36 37 73 27 28 73 73 25 26 27 73 26 23 24 73 22 73 21 20 21 73 73 22 23 35 36 73 24 25 73 55 73 54 73 56 57 57 58 73 59 73 58 73 60 61 60 73 59 62 63 73 62 73 61 73 63 64 56 73 55 65 66 73 67 73 66 73 67 68 73 69 70 73 71 72 73 70 71 68 69 73 65 73 64 73 72 1 14 73 13 73 11 12 15 73 14 19 73 18 17 18 73 13 73 12 15 16 73 16 17 73 5 73 4 73 2 3 7 73 6 5 6 73 10 73 9 73 7 8 73 10 11 8 9 73 3 4 73 2 73 1 73 19 20 

TShapes 7
Ve
1e-07
110 -75.5444238148568 -31.8619305895745
0 0

0101100
*
Ed
 1e-07 1 1 0
1  1 0 0 6.28318530717959
2  1 2 0 0 6.28318530717959
2  2 1 0 0 6.28318530717959
4 G1 2 0 1 0
6  1 2 0
6  2 1 0
0

0101100
+7 0 -7 0 *
Ve
1e-07
110 0 -34.5
0 0

0101100
*
Ed
 1e-07 1 1 0
1  2 0 0 6.28318530717959
2  3 1 0 0 6.28318530717959
2  4 3 0 0 6.28318530717959
6  3 1 0
6  4 3 0
0

0101100
+5 0 -5 0 *
Ed
 1e-07 1 1 0
1  3 0 7.4095285122991 83
3  5 6CN 1 0 7.4095285122991 83
7  5 6 1 0
0

0101000
+7 0 -5 0 *
Wi

0101000
+6 0 -4 0 -3 0 +3 0 *
Fa
0  1e-07 1 0
2  1
0111000
+2 0 *

-1 0 
0

