DBRep_DrawableShape

CASCADE Topology V1, (c) Matra-Datavision
Locations 0
Curve2ds 6
1 0 0 0 -1 
7 0 0  8 72 11  0.178854614496231 0.49546951893717101  0.18666105492531301 0.48579493098389898  0.19499015675443601 0.47607973603767301  0.20381062701828601 0.46634943599154999  0.21311781500117399 0.45662914848684699  0.22293415601021899 0.44694829825253002  0.233295917649117 0.43733977748885799  0.244268855352541 0.42784153815898202  0.261597561522244 0.41409677862038802  0.26722848057222898 0.40980815202767701  0.27291895576229902 0.40565926922274098  0.27865980176359401 0.40166670015424899  0.28444183324725297 0.39784701477087198  0.29025586488441502 0.39421678302127899  0.29609271134621901 0.39079257485413998  0.30852497275608998 0.38398914375260501  0.315124008038972 0.38066904722491401  0.32172721482288402 0.37765426339399599  0.328321514778256 0.37496838501879698  0.334893829575518 0.37263500485826201  0.34143108088510099 0.37067771567133601  0.34792019037743499 0.369120110216966  0.36006175914118799 0.36697748884265702  0.36572706708539598 0.366303637115859  0.37133481822671499 0.36598079602237399  0.37687582723628199 0.36602553551087003  0.38234090878523802 0.366454425530018  0.38772087754472301 0.36728403602848603  0.39300654818587399 0.36853093695494399  0.40595727066916898 0.372731301083575  0.41357072274633599 0.37625411278181697  0.42064307480667701 0.38082158973459201  0.427966127652398 0.38603101752881902  0.43476503507561098 0.39200286076642199  0.44168230914123802 0.39837975012212801  0.448462252001745 0.405114542217903  0.45860459784582203 0.41545866951522897  0.46198247929014402 0.41895316998155502  0.46536045775317197 0.422472974765214  0.46874374473822999 0.42599918817760402  0.47213755174864303 0.42951291453012602  0.47554709028773501 0.43299525813417999  0.478977571858831 0.43642732330116601  0.48646695008941598 0.44371358722401999  0.49053529144221802 0.447542806434508  0.49464750769792099 0.45124786632029001  0.49881187453078601 0.45479876122771001  0.50303666761507404 0.45816548550311098  0.50733016262504604 0.46131803349283601  0.51170063523496101 0.46422639954322897  0.52127956367706096 0.46988936167407303  0.52647340832015599 0.472526110086743  0.53178404773311705 0.47474391159061802  0.53723690681491798 0.476529251186394  0.54283668267875196 0.47788201052347501  0.54856734465204005 0.47881546789998403  0.55439213427642198 0.479356298262755  0.57299327486484697 0.47995378524072202  0.58503274114924697 0.478621192457509  0.59616831191748698 0.47625283052074902  0.60629103529352302 0.47332704458925101  0.61544326580237296 0.47016674737723102  0.62380117136388302 0.46690018214523399  0.63169281129024202 0.46350624178097  0.65058972962431605 0.45459269390058099  0.66077728212301801 0.449144750117765  0.67039566717561705 0.44353875795798697  0.67950366671268003 0.43781974208249702  0.68817917146742202 0.43202942300796199  0.69644932615954702 0.42619165416562599  0.70434861675076998 0.42032545886601003  0.71189427375793501 0.41444112360477398 
 0 9 0.144699846965857 7 0.21310118035049999 7 0.29005268040822402 7 0.35845401379286801 7 0.46099337648821698 7 0.51231343698363496 7 0.57218684089495697 7 0.64102940079452997 7 0.79065740351222202 7 1 9
7 0 0  8 72 11  0 -99.5  0.020391769764922799 -99.5  0.040205757807280501 -99.5  0.059750903153209897 -99.5  0.079207115922617394 -99.5  0.098752306217354605 -99.5  0.11856493791676 -99.5  0.13884546399816999 -99.5  0.17000000000000001 -99.5  0.17999999999999999 -99.5  0.19 -99.5  0.20000000000000001 -99.5  0.20999999999999999 -99.5  0.22 -99.5  0.23000000000000001 -99.5  0.25124999999999997 -99.5  0.26250000000000001 -99.5  0.27374999999999999 -99.5  0.28499999999999998 -99.5  0.29625000000000001 -99.5  0.3075 -99.5  0.31874999999999998 -99.5  0.34000000000000002 -99.5  0.34999999999999998 -99.5  0.35999999999999999 -99.5  0.37 -99.5  0.38 -99.5  0.39000000000000001 -99.5  0.40000000000000002 -99.5  0.42499084266657999 -99.5  0.44013206882645001 -99.5  0.45480200447282199 -99.5  0.47014644828010699 -99.5  0.484912753146724 -99.5  0.50002040608029596 -99.5  0.51501472498685497 -99.5  0.53749999999999998 -99.5  0.54500000000000004 -99.5  0.55249999999999999 -99.5  0.56000000000000005 -99.5  0.5675 -99.5  0.57499999999999996 -99.5  0.58250000000000002 -99.5  0.598750000000001 -99.5  0.60750000000000004 -99.5  0.61624999999999996 -99.5  0.625 -99.5  0.63375000000000004 -99.5  0.64249999999999996 -99.5  0.65125 -99.5  0.67006076754903399 -99.5  0.68003469885027001 -99.5  0.68998779370285501 -99.5  0.69996104170298901 -99.5  0.70997042224393203 -99.5  0.72000690451599403 -99.5  0.73003644750654295 -99.5  0.76165559301896701 -99.5  0.78147350478258504 -99.5  0.79952619240935996 -99.5  0.81585625835645903 -99.5  0.83063419776181302 -99.5  0.84417859737272105 -99.5  0.857036264222935 -99.5  0.88813739446133499 -99.5  0.90516040562551303 -99.5  0.92157659489634203 -99.5  0.93753750203011799 -99.5  0.95323178728515501 -99.5  0.96877280239254204 -99.5  0.98430376463446401 -99.5  1 -99.5 
 0 9 0.144699846965857 7 0.21310118035049999 7 0.29005268040822402 7 0.35845401379286801 7 0.46099337648821698 7 0.51231343698363496 7 0.57218684089495697 7 0.64102940079452997 7 0.79065740351222202 7 1 9
7 0 0  8 72 11  0.178854614496231 0.49546951893717101  0.18666105492531301 0.48579493098389898  0.19499015675443601 0.47607973603767301  0.20381062701828601 0.46634943599154999  0.21311781500117399 0.45662914848684699  0.22293415601021899 0.44694829825253002  0.233295917649117 0.43733977748885799  0.244268855352541 0.42784153815898202  0.261597561522244 0.41409677862038802  0.26722848057222898 0.40980815202767701  0.27291895576229902 0.40565926922274098  0.27865980176359401 0.40166670015424899  0.28444183324725297 0.39784701477087198  0.29025586488441502 0.39421678302127899  0.29609271134621901 0.39079257485413998  0.30852497275608998 0.38398914375260501  0.315124008038972 0.38066904722491401  0.32172721482288402 0.37765426339399599  0.328321514778256 0.37496838501879698  0.334893829575518 0.37263500485826201  0.34143108088510099 0.37067771567133601  0.34792019037743499 0.369120110216966  0.36006175914118799 0.36697748884265702  0.36572706708539598 0.366303637115859  0.37133481822671499 0.36598079602237399  0.37687582723628199 0.36602553551087003  0.38234090878523802 0.366454425530018  0.38772087754472301 0.36728403602848603  0.39300654818587399 0.36853093695494399  0.40595727066916898 0.372731301083575  0.41357072274633599 0.37625411278181697  0.42064307480667701 0.38082158973459201  0.427966127652398 0.38603101752881902  0.43476503507561098 0.39200286076642199  0.44168230914123802 0.39837975012212801  0.448462252001745 0.405114542217903  0.45860459784582203 0.41545866951522897  0.46198247929014402 0.41895316998155502  0.46536045775317197 0.422472974765214  0.46874374473822999 0.42599918817760402  0.47213755174864303 0.42951291453012602  0.47554709028773501 0.43299525813417999  0.478977571858831 0.43642732330116601  0.48646695008941598 0.44371358722401999  0.49053529144221802 0.447542806434508  0.49464750769792099 0.45124786632029001  0.49881187453078601 0.45479876122771001  0.50303666761507404 0.45816548550311098  0.50733016262504604 0.46131803349283601  0.51170063523496101 0.46422639954322897  0.52127956367706096 0.46988936167407303  0.52647340832015599 0.472526110086743  0.53178404773311705 0.47474391159061802  0.53723690681491798 0.476529251186394  0.54283668267875196 0.47788201052347501  0.54856734465204005 0.47881546789998403  0.55439213427642198 0.479356298262755  0.57299327486484697 0.47995378524072202  0.58503274114924697 0.478621192457509  0.59616831191748698 0.47625283052074902  0.60629103529352302 0.47332704458925101  0.61544326580237296 0.47016674737723102  0.62380117136388302 0.46690018214523399  0.63169281129024202 0.46350624178097  0.65058972962431605 0.45459269390058099  0.66077728212301801 0.449144750117765  0.67039566717561705 0.44353875795798697  0.67950366671268003 0.43781974208249702  0.68817917146742202 0.43202942300796199  0.69644932615954702 0.42619165416562599  0.70434861675076998 0.42032545886601003  0.71189427375793501 0.41444112360477398 
 0 9 0.144699846965857 7 0.21310118035049999 7 0.29005268040822402 7 0.35845401379286801 7 0.46099337648821698 7 0.51231343698363496 7 0.57218684089495697 7 0.64102940079452997 7 0.79065740351222202 7 1 9
7 0 0  8 72 11  0 -100.5  0.020391769764922799 -100.5  0.040205757807280501 -100.5  0.059750903153209897 -100.5  0.079207115922617394 -100.5  0.098752306217354605 -100.5  0.11856493791676 -100.5  0.13884546399816999 -100.5  0.17000000000000001 -100.5  0.17999999999999999 -100.5  0.19 -100.5  0.20000000000000001 -100.5  0.20999999999999999 -100.5  0.22 -100.5  0.23000000000000001 -100.5  0.25124999999999997 -100.5  0.26250000000000001 -100.5  0.27374999999999999 -100.5  0.28499999999999998 -100.5  0.29625000000000001 -100.5  0.3075 -100.5  0.31874999999999998 -100.5  0.34000000000000002 -100.5  0.34999999999999998 -100.5  0.35999999999999999 -100.5  0.37 -100.5  0.38 -100.5  0.39000000000000001 -100.5  0.40000000000000002 -100.5  0.42499084266657999 -100.5  0.44013206882645001 -100.5  0.45480200447282199 -100.5  0.47014644828010699 -100.5  0.484912753146724 -100.5  0.50002040608029596 -100.5  0.51501472498685497 -100.5  0.53749999999999998 -100.5  0.54500000000000004 -100.5  0.55249999999999999 -100.5  0.56000000000000005 -100.5  0.5675 -100.5  0.57499999999999996 -100.5  0.58250000000000002 -100.5  0.598750000000001 -100.5  0.60750000000000004 -100.5  0.61624999999999996 -100.5  0.625 -100.5  0.63375000000000004 -100.5  0.64249999999999996 -100.5  0.65125 -100.5  0.67006076754903399 -100.5  0.68003469885027001 -100.5  0.68998779370285501 -100.5  0.69996104170298901 -100.5  0.70997042224393203 -100.5  0.72000690451599403 -100.5  0.73003644750654295 -100.5  0.76165559301896701 -100.5  0.78147350478258504 -100.5  0.79952619240935996 -100.5  0.81585625835645903 -100.5  0.83063419776181302 -100.5  0.84417859737272105 -100.5  0.857036264222935 -100.5  0.88813739446133499 -100.5  0.90516040562551303 -100.5  0.92157659489634203 -100.5  0.93753750203011799 -100.5  0.95323178728515501 -100.5  0.96877280239254204 -100.5  0.98430376463446401 -100.5  1 -100.5 
 0 9 0.144699846965857 7 0.21310118035049999 7 0.29005268040822402 7 0.35845401379286801 7 0.46099337648821698 7 0.51231343698363496 7 0.57218684089495697 7 0.64102940079452997 7 0.79065740351222202 7 1 9
1 1 0 0 -1 
Curves 4
1 -0.32114538550376898 -0.0045304810628294901 -100 0 0 1 
7 0 0  8 72 11  -0.32114538550376898 -0.0045304810628294901 -0.5  -0.31333894507468701 -0.014205069016100601 -0.5  -0.30500984324556402 -0.023920263962326899 -0.5  -0.29618937298171399 -0.033650564008449901 -0.5  -0.28688218499882601 -0.043370851513153397 -0.5  -0.27706584398978101 -0.053051701747470398 -0.5  -0.266704082350883 -0.062660222511141797 -0.5  -0.255731144647459 -0.072158461841017804 -0.5  -0.238402438477756 -0.085903221379611705 -0.5  -0.232771519427771 -0.0901918479723232 -0.5  -0.22708104423770101 -0.094340730777259393 -0.5  -0.22134019823640599 -0.098333299845750802 -0.5  -0.215558166752747 -0.102152985229128 -0.5  -0.20974413511558501 -0.10578321697872101 -0.5  -0.20390728865378099 -0.10920742514586 -0.5  -0.19147502724391 -0.116010856247395 -0.5  -0.184875991961028 -0.119330952775086 -0.5  -0.17827278517711601 -0.12234573660600399 -0.5  -0.171678485221744 -0.12503161498120299 -0.5  -0.165106170424482 -0.12736499514173799 -0.5  -0.15856891911489901 -0.12932228432866399 -0.5  -0.15207980962256501 -0.130879889783034 -0.5  -0.13993824085881201 -0.13302251115734301 -0.5  -0.13427293291460399 -0.133696362884141 -0.5  -0.12866518177328501 -0.13401920397762601 -0.5  -0.123124172763718 -0.13397446448913 -0.5  -0.11765909121476199 -0.133545574469982 -0.5  -0.11227912245527701 -0.132715963971514 -0.5  -0.10699345181412601 -0.13146906304505601 -0.5  -0.094042729330830799 -0.127268698916425 -0.5  -0.086429277253663506 -0.123745887218183 -0.5  -0.079356925193323199 -0.119178410265408 -0.5  -0.072033872347601502 -0.11396898247118201 -0.5  -0.065234964924389294 -0.107997139233578 -0.5  -0.058317690858762199 -0.10162024987787199 -0.5  -0.051537747998254599 -0.094885457782096699 -0.5  -0.041395402154177703 -0.084541330484771401 -0.5  -0.038017520709855798 -0.081046830018444996 -0.5  -0.034639542246827901 -0.077527025234786495 -0.5  -0.031256255261769797 -0.074000811822395901 -0.5  -0.027862448251356899 -0.070487085469873603 -0.5  -0.024452909712264801 -0.067004741865819506 -0.5  -0.0210224281411691 -0.063572676698833805 -0.5  -0.0135330499105842 -0.056286412775980003 -0.5  -0.0094647085577823607 -0.052457193565492298 -0.5  -0.0053524923020790297 -0.048752133679710201 -0.5  -0.00118812546921361 -0.045201238772290299 -0.5  0.00303666761507446 -0.041834514496889401 -0.5  0.0073301626250457004 -0.038681966507164101 -0.5  0.0117006352349605 -0.035773600456771297 -0.5  0.021279563677060499 -0.0301106383259266 -0.5  0.026473408320156301 -0.027473889913257301 -0.5  0.0317840477331175 -0.0252560884093815 -0.5  0.037236906814917502 -0.0234707488136063 -0.5  0.042836682678752097 -0.0221179894765249 -0.5  0.0485673446520399 -0.021184532100016001 -0.5  0.0543921342764217 -0.0206437017372447 -0.5  0.072993274864846497 -0.020046214759278501 -0.5  0.085032741149246804 -0.021378807542491302 -0.5  0.096168311917487106 -0.0237471694792506 -0.5  0.106291035293523 -0.026672955410749301 -0.5  0.115443265802373 -0.029833252622769001 -0.5  0.12380117136388299 -0.033099817854765901 -0.5  0.13169281129024199 -0.036493758219029997 -0.5  0.15058972962431599 -0.045407306099419002 -0.5  0.16077728212301801 -0.050855249882235498 -0.5  0.17039566717561699 -0.056461242042012902 -0.5  0.17950366671268 -0.062180257917502799 -0.5  0.188179171467422 -0.067970576992037901 -0.5  0.19644932615954699 -0.073808345834373901 -0.5  0.20434861675077001 -0.079674541133990404 -0.5  0.21189427375793499 -0.085558876395225497 -0.5 
 0 9 0.144699846965857 7 0.21310118035049999 7 0.29005268040822402 7 0.35845401379286801 7 0.46099337648821698 7 0.51231343698363496 7 0.57218684089495697 7 0.64102940079452997 7 0.79065740351222202 7 1 9
7 0 0  8 72 11  -0.32114538550376898 -0.0045304810628294901 0.5  -0.31333894507468701 -0.014205069016100601 0.5  -0.30500984324556402 -0.023920263962326899 0.5  -0.29618937298171399 -0.033650564008449901 0.5  -0.28688218499882601 -0.043370851513153397 0.5  -0.27706584398978101 -0.053051701747470398 0.5  -0.266704082350883 -0.062660222511141797 0.5  -0.255731144647459 -0.072158461841017804 0.5  -0.238402438477756 -0.085903221379611705 0.5  -0.232771519427771 -0.0901918479723232 0.5  -0.22708104423770101 -0.094340730777259393 0.5  -0.22134019823640599 -0.098333299845750802 0.5  -0.215558166752747 -0.102152985229128 0.5  -0.20974413511558501 -0.10578321697872101 0.5  -0.20390728865378099 -0.10920742514586 0.5  -0.19147502724391 -0.116010856247395 0.5  -0.184875991961028 -0.119330952775086 0.5  -0.17827278517711601 -0.12234573660600399 0.5  -0.171678485221744 -0.12503161498120299 0.5  -0.165106170424482 -0.12736499514173799 0.5  -0.15856891911489901 -0.12932228432866399 0.5  -0.15207980962256501 -0.130879889783034 0.5  -0.13993824085881201 -0.13302251115734301 0.5  -0.13427293291460399 -0.133696362884141 0.5  -0.12866518177328501 -0.13401920397762601 0.5  -0.123124172763718 -0.13397446448913 0.5  -0.11765909121476199 -0.133545574469982 0.5  -0.11227912245527701 -0.132715963971514 0.5  -0.10699345181412601 -0.13146906304505601 0.5  -0.094042729330830799 -0.127268698916425 0.5  -0.086429277253663506 -0.123745887218183 0.5  -0.079356925193323199 -0.119178410265408 0.5  -0.072033872347601502 -0.11396898247118201 0.5  -0.065234964924389294 -0.107997139233578 0.5  -0.058317690858762199 -0.10162024987787199 0.5  -0.051537747998254599 -0.094885457782096699 0.5  -0.041395402154177703 -0.084541330484771401 0.5  -0.038017520709855798 -0.081046830018444996 0.5  -0.034639542246827901 -0.077527025234786495 0.5  -0.031256255261769797 -0.074000811822395901 0.5  -0.027862448251356899 -0.070487085469873603 0.5  -0.024452909712264801 -0.067004741865819506 0.5  -0.0210224281411691 -0.063572676698833805 0.5  -0.0135330499105842 -0.056286412775980003 0.5  -0.0094647085577823607 -0.052457193565492298 0.5  -0.0053524923020790297 -0.048752133679710201 0.5  -0.00118812546921361 -0.045201238772290299 0.5  0.00303666761507446 -0.041834514496889401 0.5  0.0073301626250457004 -0.038681966507164101 0.5  0.0117006352349605 -0.035773600456771297 0.5  0.021279563677060499 -0.0301106383259266 0.5  0.026473408320156301 -0.027473889913257301 0.5  0.0317840477331175 -0.0252560884093815 0.5  0.037236906814917502 -0.0234707488136063 0.5  0.042836682678752097 -0.0221179894765249 0.5  0.0485673446520399 -0.021184532100016001 0.5  0.0543921342764217 -0.0206437017372447 0.5  0.072993274864846497 -0.020046214759278501 0.5  0.085032741149246804 -0.021378807542491302 0.5  0.096168311917487106 -0.0237471694792506 0.5  0.106291035293523 -0.026672955410749301 0.5  0.115443265802373 -0.029833252622769001 0.5  0.12380117136388299 -0.033099817854765901 0.5  0.13169281129024199 -0.036493758219029997 0.5  0.15058972962431599 -0.045407306099419002 0.5  0.16077728212301801 -0.050855249882235498 0.5  0.17039566717561699 -0.056461242042012902 0.5  0.17950366671268 -0.062180257917502799 0.5  0.188179171467422 -0.067970576992037901 0.5  0.19644932615954699 -0.073808345834373901 0.5  0.20434861675077001 -0.079674541133990404 0.5  0.21189427375793499 -0.085558876395225497 0.5 
 0 9 0.144699846965857 7 0.21310118035049999 7 0.29005268040822402 7 0.35845401379286801 7 0.46099337648821698 7 0.51231343698363496 7 0.57218684089495697 7 0.64102940079452997 7 0.79065740351222202 7 1 9
1 0.21189427375793499 -0.085558876395225497 -100 0 0 1 
Polygon3D 0
PolygonOnTriangulations 0
Surfaces 3
6 -0 -0 -1 
7 0 0  3 6 4  -0.32114538550376898 -0.0045304810628294901 -100  -0.26750010573173499 -0.071013550013165394 -100  -0.10479757454944599 -0.21123461040394401 -100  0.021910218913859799 0.030909515144858998 -100  0.161508058433805 -0.046266146055854503 -100  0.21189427375793499 -0.085558876395225497 -100 
 0 4 0.42039236121596901 1 0.68556449867963998 1 1 4
1 -0.5 -0.5 -0.5 0 0 1 1 0 -0 -0 1 0 
1 -0.5 -0.5 0.5 0 0 1 1 0 -0 -0 1 0 
Triangulations 0

TShapes 13
Ve
2.000000002e-05
-0.321145385503769 -0.00453048106282949 -0.5
0 0

0101100
*
Ve
2.000000002e-05
-0.321145385503769 -0.00453048106282949 0.5
0 0

0101100
*
Ed
 1e-07 1 1 0
1  1 0 99.5 100.5
2  1 1 0 99.5 100.5
0

0101000
+13 0 -12 0 *
Ve
2.000000002e-05
0.211894273757935 -0.0855588763952255 -0.5
0 0

0101100
*
Ed
 1.03851176823915e-05 1 1 0
1  2 0 0 1
2  2 2 0 0 1
2  3 1 0 0 1
0

0101000
+13 0 -10 0 *
Ve
2.000000002e-05
0.211894273757935 -0.0855588763952255 0.5
0 0

0101100
*
Ed
 1.03851176823915e-05 1 1 0
1  3 0 0 1
2  4 3 0 0 1
2  5 1 0 0 1
0

0101000
+12 0 -8 0 *
Ed
 1e-07 1 1 0
1  4 0 99.5 100.5
2  6 1 0 99.5 100.5
0

0101000
+10 0 -8 0 *
Wi

0101100
+11 0 -9 0 +7 0 -6 0 *
Fa
0  1e-07 1 0

0111000
+5 0 *
Sh

0101000
+4 0 *
So

0100000
+3 0 *
Co

1100000
+2 0 *

+1 0 
0

