DBRep_DrawableShape

CASCADE Topology V1, (c) Matra-Datavision
Locations 2
1
              1               0              -0               0 
             -0               1               0               0 
              0               0               1     48.00000044 
2  1 -1 0
Curve2ds 4
1 0 0 0 -1 
1 1 0 0 -1 
1 0 0 1 0 
1 0 -48.000000440000001 1 0 
Curves 2
1 54.722206115722599 17 -4.0000002200000004 0 0 1 
7 0 0  14 15 2  54.722206115722599 17 -4.0000002200000004  67.2885767300818 17 -4.0000002200000004  79.854947344440902 23.073602708362699 -4.0000002200000004  89.241187017230899 35.220808125087999 -4.0000002200000004  92.267164806882406 51.625129704087499 -4.0000002200000004  86.894081929533698 68.653594353183706 -4.0000002200000004  73.365803916737406 81.653542594546195 -4.0000002200000004  54.722206115722599 86.546228885562101 -4.0000002200000004  36.078608314707701 81.653542594546195 -4.0000002200000004  22.550330301911501 68.653594353183706 -4.0000002200000004  17.177247424562701 51.625129704087399 -4.0000002200000004  20.2032252142142 35.220808125087999 -4.0000002200000004  29.589464887004102 23.0736027083626 -4.0000002200000004  42.1558355013632 16.999999999999901 -4.0000002200000004  54.722206115722699 17 -4.0000002200000004 
 0 15 1 15
Polygon3D 0
PolygonOnTriangulations 0
Surfaces 1
6 -0 -0 -1 
7 0 0  14 15 2  54.722206115722599 17 -4.0000002200000004  67.2885767300818 17 -4.0000002200000004  79.854947344440902 23.073602708362699 -4.0000002200000004  89.241187017230899 35.220808125087999 -4.0000002200000004  92.267164806882406 51.625129704087499 -4.0000002200000004  86.894081929533698 68.653594353183706 -4.0000002200000004  73.365803916737406 81.653542594546195 -4.0000002200000004  54.722206115722599 86.546228885562101 -4.0000002200000004  36.078608314707701 81.653542594546195 -4.0000002200000004  22.550330301911501 68.653594353183706 -4.0000002200000004  17.177247424562701 51.625129704087399 -4.0000002200000004  20.2032252142142 35.220808125087999 -4.0000002200000004  29.589464887004102 23.0736027083626 -4.0000002200000004  42.1558355013632 16.999999999999901 -4.0000002200000004  54.722206115722699 17 -4.0000002200000004 
 0 15 1 15
Triangulations 0

TShapes 6
Ve
1e-07
54.7222061157226 17 -4.00000022
0 0

0101100
*
Ed
 1e-07 1 1 0
1  1 0 0 48.00000044
3  1 2C2 1 0 0 48.00000044
0

0101000
+6 0 -6 1 *
Ed
 1e-07 1 1 0
1  2 0 0 1
2  3 1 0 0 1
2  4 1 2 0 1
0

0101100
+6 0 -6 0 *
Wi

0101000
+5 0 -5 0 -4 0 +4 1 *
Fa
0  1e-07 1 0

0111000
+3 0 *
Co

1100000
+2 0 *

+1 0 
0

