DBRep_DrawableShape

CASCADE Topology V1, (c) Matra-Datavision
Locations 4
1
              1               0              -0               0 
             -0               1               0               0 
              0               0               1               8 
1
              1               0              -0               0 
             -0 1.11022302462516e-16              -1               8 
              0               1 1.11022302462516e-16               8 
1
1.11022302462516e-16              -1               0               0 
              1 1.11022302462516e-16              -0               0 
              0               0               1               0 
2  1 1 2 1 3 1 0
Curve2ds 4
1 0 1.5707963267948966 1 0 
1 6.2831853071795862 -6.2831853071795862 0 1 
1 0 -6.2831853071795862 0 1 
1 0 -1.5707963267948966 1 0 
Curves 1
2 0 0 0 -2.4492935982947064e-16 -1 0 1 -2.4492935982947064e-16 0 0 0 1 4
Polygon3D 0
PolygonOnTriangulations 0
Surfaces 1
4 0 0 0 0 0 1 1 0 -0 -0 1 0 4
Triangulations 0

TShapes 9
Ve
1e-07
2.44929359829471e-16 -5.99903913064743e-32 4
0 0

0101100
*
Ed
 1e-07 1 1 1
2  1 1 0 0 6.28318530717959
0

0101100
+9 0 -9 0 *
Ve
1e-07
2.44929359829471e-16 -5.99903913064743e-32 -4
0 0

0101100
*
Ed
 1e-07 1 1 0
1  1 0 4.71238898038469 7.85398163397448
3  2 3CN 1 0 4.71238898038469 7.85398163397448
0

0101000
-9 0 +7 0 *
Ed
 1e-07 1 1 1
2  4 1 0 0 6.28318530717959
0

0101100
+7 0 -7 0 *
Wi

0101000
-8 0 +6 0 +5 0 -6 0 *
Fa
0  1e-07 1 0

0111000
+4 0 *
Sh

0101100
+3 0 *
So

1100100
+2 0 *

+1 4 
0

