DBRep_DrawableShape

CASCADE Topology V1, (c) Matra-Datavision
Locations 0
Curve2ds 6
2 0 0 -1 -5.5558842497673304e-09 -5.5558842497673304e-09 1 72.5
1 0 0 1 0 
1 0 10.5 1 0 
2 0 0 1 0 -0 1 72.5
1 6.2831853071795898 0 0 1 
1 0 0 0 1 
Curves 3
2 0 0 -0.5 -0 -0 -1 -4.3190241207227602e-09 -1 0 -1 4.3190241207227602e-09 0 72.5
2 0 0 10 -0 -0 -1 -4.0722441020800003e-09 -1 0 -1 4.0722441020800003e-09 0 72.5
1 -3.1312924875240001e-07 -72.5 -0.5 1.70395727158095e-09 0 1 
Polygon3D 0
PolygonOnTriangulations 0
Surfaces 3
2 0 0 -0.5 0 0 1 -4.3190241207227602e-09 -1 0 -1 4.3190241207227602e-09 -0 72.5
1 0 0 -0.5 -0 -0 -1 9.8749083704900898e-09 1 -0 -1 9.8749083704900898e-09 -0 
1 0 0 10 -0 -0 -1 -4.0722441020800003e-09 -1 0 -1 4.0722441020800003e-09 0 
Triangulations 0

TShapes 7
Ve
0.003
-3.131292487524e-07 -72.5 -0.5
0 0

0101100
*
Ed
 0.003 1 1 0
1  1 0 0 6.28318530717959
2  1 2 0 0 6.28318530717959
2  2 1 0 0 6.28318530717959
0

0101100
+7 0 -7 0 *
Ve
0.003
-2.952376974008e-07 -72.5 10
0 0

0101100
*
Ed
 0.003 1 1 0
1  2 0 0 6.28318530717959
2  3 1 0 0 6.28318530717959
2  4 3 0 0 6.28318530717959
0

0101100
+5 0 -5 0 *
Ed
 0.003 1 1 0
1  3 0 0 10.5
3  5 6CN 1 0 0 10.5
0

0101000
+7 0 -5 0 *
Wi

0101000
+6 0 -4 0 -3 0 +3 0 *
Fa
0  0.003 1 0

0111000
+2 0 *

-1 0 
0

