DBRep_DrawableShape

CASCADE Topology V1, (c) Matra-Datavision
Locations 0
Curve2ds 8
1 0 0 0 1 
1 -1.4210854715202001e-14 -2 1 0 
3 3.6608705489900002 4.8965589080806797 0 1 -1 0 2.0012190883184102 2
7 0 0  8 9 2  3.4866133768963501e-15 71.6028736339197  0.19634954159936699 71.602873633906  0.39269908219807798 71.599796361682806  0.58904862279723602 71.593641844141501  0.78539816339616697 71.584663065150394  0.98174770399600697 71.573366513475804  1.17809724459585 71.560458811189207  1.37444678519554 71.546745455530299  1.5707963267949101 71.533032102937398 
 0 9 1.5707963267949001 9
8 0 1.5707963267949001
1 2.5481803864240602 0 0 1 
8 0 1.5707963267949001
1 0 1.4210854715202001e-14 1 0 
1 1.5707963267949001 0 0 1 
1 113.976242259183 -114.361080215661 0.034899492709245514 0.99939082715854333 
Curves 4
1 115.9750239135 -114.43087920107899 -131 0.034899492709245514 0.99939082715854333 0 
8 0 1.5707963267949001
3 116.47270879153 -42.871624093147801 -131 -0 1 0 1 0 0 0 0 -1 2.0012190883184102 2
2 113.976242259183 -114.361080215661 -131 0.034899492709245708 0.99939082715854322 -0 0.99939082715854322 -0.034899492709245708 0 0 -0 -1 2
1 113.976242259183 -114.361080215661 -133 0.034899492709245514 0.99939082715854333 0 
Polygon3D 0
PolygonOnTriangulations 2
7 1 3 4 5 6 7 2 
p 0.0432956880116956 1 0 0.294264126293694 0.588528252587388 0.882792378881082 1.17705650517478 1.37392641598484 1.5707963267949 
7 15 23 24 25 26 27 22 
p 0.0432956880116956 1 0 0.294264126293694 0.588528252587388 0.882792378881082 1.17705650517478 1.37392641598484 1.5707963267949 
Surfaces 5
2 113.976242259183 -114.361080215661 -131 0.034899492709245514 0.99939082715854333 0 0.99939082715854333 -0.034899492709245514 -0 0 0 -1 2
1 115.9750239135 -114.43087920107899 -133 -0.99939082715854333 0.034899492709245514 0 0.034899492709245514 0.99939082715854333 0 0 0 -1 
1 111.57614988344901 -42.871624093147801 -134.66087054899 -0 1 0 0 0 1 1 0 -0 
5 75 -113 -131 -0 -0 -1 -0.84804792367648574 -0.52991954025870891 0 0.52991954025870891 -0.84804792367648574 -0 39 2
1 0 0 -133 0 0 1 1 0 -0 -0 1 0 
Triangulations 2
14 12 1 1.06561423874798
115.9750239135 -114.430879201079 -131 113.976242259183 -114.361080215661 -133 115.889107945185 -114.427878949698 -131.580071371858 115.638746093232 -114.419136122178 -132.110274972019 115.245461549926 -114.405402324869 -132.545030078232 114.743064333774 -114.387858229501 -132.846961516625 114.36720528351 -114.374732943749 -132.961367256947 119.62183015612 -9.99999999999997 -131 117.620611067801 -10 -133 119.535809416729 -10 -131.580071371858 119.285142258547 -10 -132.110274972019 118.891335384782 -10 -132.545065184022 118.388218242353 -10 -132.847023790185 118.011971206501 -10 -132.961383131921 0 1.4210854715202e-14 1.5707963267949 1.4210854715202e-14 0.294264126293694 1.4210854715202e-14 0.588528252587388 1.4210854715202e-14 0.882792378881082 1.4210854715202e-14 1.17705650517478 1.4210854715202e-14 1.37392641598484 1.4210854715202e-14 0 104.494534433537 1.5707963267949 104.424692902554 0.294264126728587 104.491532353463 0.588528252814298 104.48278419651 0.88282002173793 104.469040536775 1.17713767315396 104.451482003479 1.37396699976757 104.438351172873 11 1 12 12 1 3 8 1 10 9 4 5 11 10 1 3 4 14 6 7 9 7 2 9 3 13 12 3 14 13 9 14 4 6 9 5 
279 529 1 0.821509161774551
40.2300351292641 -134.726701150607 -131 40.3029403997157 -134.681144848514 -131.580071371858 40.5153886661462 -134.548392341807 -132.110274972019 40.8491161042024 -134.339856142839 -132.545030078232 41.2754327207255 -134.073463762025 -132.846961516625 41.5943734979568 -133.874167300915 -132.961367256947 41.9261309766171 -133.66686207009 -133 48.9551761303562 -144.664919857774 -131 60.390098641545 -151.30862542948 -131 73.3450790638038 -153.96658683238 -131 86.4722424186876 -152.362261798414 -131 98.4057992995518 -146.662569110944 -131 107.904146693556 -137.46052187442 -131 113.692687588381 -126.560085810493 -131 115.9750239135 -114.430879201079 -131 51.4516366882079 -144.088174364794 -133 64.0633405630265 -150.435136975302 -133 78.1083796475722 -151.875930547918 -133 91.7460411393768 -148.221727756575 -133 103.189002272545 -139.951440608592 -133 110.93757301922 -128.14895526062 -133 113.976242259183 -114.361080215661 -133 115.889107945185 -114.427878949698 -131.580071371858 115.638746093232 -114.419136122178 -132.110274972019 115.245461549926 -114.405402324869 -132.545030078232 114.743064333774 -114.387858229501 -132.846961516625 114.36720528351 -114.374732943749 -132.961367256947 42.6003894891499 -137.964937197518 -131.61803398875 42.7893873515403 -137.819308293631 -132.110274972019 42.8254157700022 -137.791547243728 -132.175570504585 43.1011079950854 -137.579117557799 -132.545030078232 43.1759024194522 -137.521486059223 -132.61803398875 43.4993122627075 -137.272288420775 -132.846961516625 43.6175413622677 -137.181189114367 -132.90211303259 45.198691901441 -141.015440138351 -131.61803398875 45.3725329889806 -140.852016621322 -132.110274972019 45.405672091024 -140.820863407293 -132.175570504585 45.6592550449713 -140.58247662095 -132.545030078232 45.7280512943541 -140.517803043537 -132.61803398875 46.0255251290389 -140.238155573675 -132.846961516625 46.1342727888612 -140.135924707035 -132.90211303259 48.0830175467022 -143.797060024289 -131.61803398875 48.2400333893454 -143.617410379718 -132.110274972019 48.26996511668 -143.583163999948 -132.175570504585 48.4990049930264 -143.321108071798 -132.545030078232 48.5611427834671 -143.250013131446 -132.61803398875 48.8298255527619 -142.942599795355 -132.846961516625 48.9280480482843 -142.83021854699 -132.90211303259 49.0173578090225 -144.589320272941 -131.61803398875 49.1689233295928 -144.405049106966 -132.110274972019 49.1978160690684 -144.369921732539 -132.175570504585 49.4189055305226 -144.101124365608 -132.545030078232 49.4788863986738 -144.028200494342 -132.61803398875 49.73824267197 -143.712878891491 -132.846961516625 49.833055675645 -143.597606614057 -132.90211303259 50.303132874066 -145.604410816556 -131.61803398875 50.4471980347561 -145.414218284866 -132.110274972019 50.4746609903127 -145.377962128138 -132.175570504585 50.68480963541 -145.100527232353 -132.545030078232 50.7418222948593 -145.025260026965 -132.61803398875 50.9883440832438 -144.699805886456 -132.846961516625 51.0784651777946 -144.580829452118 -132.90211303259 51.2256836083513 -146.28309977512 -131.61803398875 51.3643672192642 -146.088948221689 -132.110274972019 51.3908042969358 -146.051937361759 -132.175570504585 51.5931028456684 -145.768727419109 -132.545030078232 51.6479857989258 -145.691893461862 -132.61803398875 51.8852987732639 -145.359664712454 -132.846961516625 51.9720533970179 -145.238211680922 -132.90211303259 54.5965278027692 -148.449699192343 -131.61803398875 54.7155481418973 -148.242909133324 -132.110274972019 54.7382368354589 -148.203489011393 -132.175570504585 54.9118524611034 -147.90184321088 -132.545030078232 54.9589538284968 -147.820007663993 -132.61803398875 55.1626193553697 -147.466152124421 -132.846961516625 55.2370734647786 -147.336792976299 -132.90211303259 58.1631978670571 -150.276063961568 -131.61803398875 58.2614126160137 -150.058620100485 -132.110274972019 58.2801351667864 -150.017169058024 -132.175570504585 58.4234015632069 -149.699982497634 -132.545030078232 58.4622692811781 -149.61393079199 -132.61803398875 58.6303326453013 -149.241844652283 -132.846961516625 58.6917716541123 -149.105820934472 -132.90211303259 60.4249795912555 -151.217164083897 -131.61803398875 60.5100006041047 -150.994230468196 -132.110274972019 60.5262080499998 -150.9517329209 -132.175570504585 60.6502286707345 -150.626538425148 -132.545030078232 60.6838750709356 -150.538314192093 -132.61803398875 60.8293615441219 -150.156834080105 -132.846961516625 60.8825471075231 -150.017376203108 -132.90211303259 61.8914620655022 -151.744665229559 -131.61803398875 61.9679285911678 -151.518654521654 -132.110274972019 61.9825053062172 -151.475570392245 -132.175570504585 62.0940474492791 -151.145887325108 -132.545030078232 62.1243084781508 -151.056445356904 -132.61803398875 62.2551566621832 -150.669699778445 -132.846961516625 62.3029908988333 -150.528317002214 -132.90211303259 63.5299363976914 -152.260928306521 -131.61803398875 63.596845149622 -152.031906061858 -132.110274972019 63.6095998786059 -151.988247847086 -132.175570504585 63.7072000443643 -151.654171834659 -132.545030078232 63.7336786591087 -151.563538074361 -132.61803398875 63.8481717475521 -151.171639206767 -132.846961516625 63.8900270436565 -151.028372540027 -132.90211303259 65.7455377346095 -152.841407840452 -131.61803398875 65.7995221362167 -152.608999462767 -132.110274972019 65.809813112987 -152.564695753829 -132.175570504585 65.8885604575898 -152.225680370471 -132.545030078232 65.9099243618791 -152.133706574539 -132.61803398875 66.0023015276373 -151.73601341522 -132.846961516625 66.0360718947281 -151.590628526331 -132.90211303259 69.6884347134322 -153.555765616461 -131.61803398875 69.7194188663057 -153.319190148785 -132.110274972019 69.7253253353593 -153.274092072863 -132.175570504585 69.7705220901795 -152.928998132335 -132.545030078232 69.7827838261026 -152.835375243164 -132.61803398875 69.8358033676861 -152.430551432189 -132.846961516625 69.8551857482513 -152.282559787376 -132.90211303259 73.3490301660415 -153.868779638474 -131.61803398875 73.3586608302554 -153.630378254371 -132.110274972019 73.3604967113387 -153.584932106358 -132.175570504585 73.374545014386 -153.23717469146 -132.545030078232 73.3783562743496 -153.142829210158 -132.61803398875 73.3948360988537 -152.734880922864 -132.846961516625 73.4008606366118 -152.585747061666 -132.90211303259 77.6888327679684 -153.813637780486 -131.61803398875 77.6731478990005 -153.57555805745 -132.110274972019 77.6701579126825 -153.530173227271 -132.175570504585 77.6472783077431 -153.182885021146 -132.545030078232 77.6410711436467 -153.088666834694 -132.61803398875 77.6142314696409 -152.681268968203 -132.846961516625 77.6044196764739 -152.532336324616 -132.90211303259 78.2599819408514 -153.771992449182 -131.61803398875 78.2409653660056 -153.534155657418 -132.110274972019 78.2373402608982 -153.488817136913 -132.175570504585 78.2096006782046 -153.141883295976 -132.545030078232 78.2020750175912 -153.047761247673 -132.61803398875 78.1695341866403 -152.640779080934 -132.846961516625 78.1576382186527 -152.491998404915 -132.90211303259 81.6695486331455 -153.354677195598 -131.61803398875 81.6306429051167 -153.119274744545 -132.110274972019 81.62322635642 -153.074400279266 -132.175570504585 81.5664743561959 -152.731017424561 -132.545030078232 81.5510777189235 -152.637858747535 -132.61803398875 81.4845029162015 -152.235042182129 -132.846961516625 81.4601651319832 -152.087784327092 -132.90211303259 85.5862523463662 -152.508405584 -131.61803398875 85.5244991637618 -152.277939720859 -132.110274972019 85.5127272343014 -152.23400631096 -132.175570504585 85.4226475259764 -151.897824484289 -132.545030078232 85.3982091874296 -151.80661942328 -132.61803398875 85.2925382192291 -151.412250260944 -132.846961516625 85.2539080300727 -151.268080527308 -132.90211303259 86.4448525889375 -152.268284909686 -131.61803398875 86.3780909013561 -152.039219751474 -132.110274972019 86.3653642070593 -151.995553356147 -132.175570504585 86.2679785648789 -151.661414745489 -132.545030078232 86.2415581496994 -151.57076400249 -132.61803398875 86.1273167152035 -151.178791701981 -132.846961516625 86.0855534163596 -151.035498190332 -132.90211303259 89.4013526631478 -151.282945184539 -131.61803398875 89.3173447128684 -151.059627845479 -132.110274972019 89.3013303857829 -151.017057149494 -132.175570504585 89.1787875250105 -150.691302914358 -132.545030078232 89.1455420363901 -150.602926825788 -132.61803398875 89.0017890981906 -150.220790093085 -132.846961516625 88.9492372640492 -150.081092174921 -132.90211303259 92.5627812187487 -149.939566407758 -131.61803398875 92.4603315887797 -149.724085450468 -132.110274972019 92.440801748108 -149.683008593822 -132.175570504585 92.2913579073795 -149.36868533203 -132.545030078232 92.2508142684029 -149.283410430194 -132.61803398875 92.0755042498093 -148.914683177197 -132.846961516625 92.0114160778675 -148.779887369295 -132.90211303259 93.07823349526 -149.690057566344 -131.61803398875 92.9727770582063 -149.476032078331 -132.110274972019 92.9526740337826 -149.435232675914 -132.175570504585 92.7988441469631 -149.123032515189 -132.545030078232 92.7571105876231 -149.038333603925 -132.61803398875 92.5766553732286 -148.672096924549 -132.846961516625 92.5106862694621 -148.538211596902 -132.90211303259 96.5816053399948 -147.745030745122 -131.61803398875 96.4557125526464 -147.542351254969 -132.110274972019 96.4317137731547 -147.503714725473 -132.175570504585 96.2480732693573 -147.208065034453 -132.545030078232 96.1982521843855 -147.127856213013 -132.61803398875 95.9828266440733 -146.781034607135 -132.846961516625 95.9040734206184 -146.654246857702 -132.90211303259 98.3499182577657 -146.582200164469 -131.61803398875 98.2137103043944 -146.386303857526 -132.110274972019 98.1877451581233 -146.348960397487 -132.175570504585 97.9890578647116 -146.063205373258 -132.545030078232 97.9351546335441 -145.985680943468 -132.61803398875 97.7020779611799 -145.650466602305 -132.846961516625 97.6168720044757 -145.527922126489 -132.90211303259 99.8778439773009 -145.466532453773 -131.61803398875 99.7327231175604 -145.277144213104 -132.110274972019 99.705058915457 -145.241041377335 -132.175570504585 99.4933703163277 -144.964779705303 -132.545030078232 99.4359398722443 -144.889830791789 -132.61803398875 99.1876115900714 -144.565752940038 -132.846961516625 99.0968300946751 -144.447279636275 -132.90211303259 102.935313184078 -142.876430975575 -131.61803398875 102.772357074614 -142.702151670941 -132.110274972019 102.741292961886 -142.668929032138 -132.175570504585 102.503587985539 -142.414706848497 -132.545030078232 102.439099381011 -142.34573717813 -132.61803398875 102.160251730817 -142.047513474002 -132.846961516625 102.058313254656 -141.93849168403 -132.90211303259 104.563839928913 -141.265919747789 -131.61803398875 104.391384073348 -141.101035098665 -132.110274972019 104.358509036287 -141.069603350911 -132.175570504585 104.106946727867 -140.829085203118 -132.545030078232 104.038698673194 -140.763833394118 -132.61803398875 103.743595223285 -140.48168566052 -132.846961516625 103.635714106222 -140.378540771204 -132.90211303259 105.724668368326 -139.999585259541 -131.61803398875 105.545441008715 -139.842087566852 -132.110274972019 105.511275128582 -139.812063985065 -132.175570504585 105.249835189834 -139.582321231397 -132.545030078232 105.178907365449 -139.519992752573 -132.61803398875 104.872216636011 -139.250485449891 -132.846961516625 104.760099551324 -139.151961529282 -132.90211303259 107.82558847075 -137.402122696187 -131.61803398875 107.63410573516 -137.259776879226 -132.110274972019 107.597603628528 -137.232641679945 -132.175570504585 107.318286705193 -137.025001051036 -132.545030078232 107.242508911711 -136.968668808407 -132.61803398875 106.914846996808 -136.725089131002 -132.846961516625 106.795063465271 -136.636043585447 -132.90211303259 108.219138208964 -136.863606332332 -131.61803398875 108.025359764935 -136.724401863061 -132.110274972019 107.988420030369 -136.697865494834 -132.175570504585 107.705754344461 -136.49480716714 -132.545030078232 107.629068042338 -136.439718088265 -132.61803398875 107.297477751226 -136.201513830196 -132.846961516625 107.176258121215 -136.114433379399 -132.90211303259 110.394781598241 -133.498592296633 -131.61803398875 110.188311892082 -133.379017089864 -132.110274972019 110.148952838604 -133.3562226226 -132.175570504585 109.847774338575 -133.181797608465 -132.545030078232 109.766065568825 -133.134476656547 -132.61803398875 109.412758211476 -132.929861649851 -132.846961516625 109.283599462605 -132.855060438625 -132.90211303259 112.230717420672 -129.936839459382 -131.61803398875 112.013538081266 -129.838041158939 -132.110274972019 111.97213746423 -129.8192073665 -132.175570504585 111.65533676307 -129.675089740306 -132.545030078232 111.569389739808 -129.635991086403 -132.61803398875 111.197756244978 -129.466929159163 -132.846961516625 111.061898000782 -129.405125105129 -132.90211303259 112.690324967925 -128.887802061424 -131.61803398875 112.470464582587 -128.795123150154 -132.110274972019 112.428552881227 -128.777455888972 -132.175570504585 112.107841323567 -128.642264649542 -132.545030078232 112.020833297367 -128.605587695996 -132.61803398875 111.644612043534 -128.446997160698 -132.846961516625 111.507076649965 -128.3890211387 -132.90211303259 113.600309299382 -126.527711281766 -131.61803398875 113.375140668335 -126.448799576503 -132.110274972019 113.33221706295 -126.433756740024 -132.175570504585 113.003762337975 -126.318647799986 -132.545030078232 112.914653615095 -126.287419110431 -132.61803398875 112.529348983857 -126.15238677775 -132.846961516625 112.388492975428 -126.103022939768 -132.90211303259 114.816413032927 -122.361415690062 -131.61803398875 114.584150458389 -122.306807393034 -132.110274972019 114.539874543717 -122.296397483885 -132.175570504585 114.201071844215 -122.216740059588 -132.545030078232 114.109155748737 -122.195129253571 -132.61803398875 113.71171208522 -122.101684488858 -132.846961516625 113.566418404636 -122.067523839079 -132.90211303259 115.541356159804 -118.420451203982 -131.61803398875 115.304864747351 -118.388831882805 -132.110274972019 115.259782694768 -118.382804332438 -132.175570504585 114.914811366059 -118.336681054108 -132.545030078232 114.821221741084 -118.324167955301 -132.61803398875 114.416541763941 -118.270061524804 -132.846961516625 114.268602700534 -118.25028180971 -132.90211303259 0 0 0 0.294264126293694 0 0.588528252587388 0 0.882792378881082 0 1.17705650517478 0 1.37392641598484 0 1.5707963267949 0.323971915630984 0 0.647943831261968 0 0.971915746892952 0 1.29588766252394 0 1.61985957815492 0 1.9438314937859 0 2.24600594010498 0 2.54818038642406 0 0.364025769489152 1.5707963267949 0.728051538978304 1.5707963267949 1.09207730846746 1.5707963267949 1.45610307795661 1.5707963267949 1.82012884744576 1.5707963267949 2.18415461693491 1.5707963267949 2.54818038642406 1.5707963267949 2.54818038642406 0.294264126293694 2.54818038642406 0.588528252587388 2.54818038642406 0.882792378881082 2.54818038642406 1.17705650517478 2.54818038642406 1.37392641598484 0.0980069379393871 0.314159265358979 0.0980069379393871 0.588528252587388 0.0980069379393871 0.628318530717959 0.0980069379393871 0.882792378881082 0.0980069379393871 0.942477796076938 0.0980069379393871 1.17705650517478 0.0980069379393871 1.25663706143592 0.196013875878774 0.314159265358979 0.196013875878774 0.588528252587388 0.196013875878774 0.628318530717959 0.196013875878774 0.882792378881082 0.196013875878774 0.942477796076938 0.196013875878774 1.17705650517478 0.196013875878774 1.25663706143592 0.294020813818161 0.314159265358979 0.294020813818161 0.588528252587388 0.294020813818161 0.628318530717959 0.294020813818161 0.882792378881082 0.294020813818161 0.942477796076938 0.294020813818161 1.17705650517478 0.294020813818161 1.25663706143592 0.323971915630984 0.314159265358979 0.323971915630984 0.588528252587388 0.323971915630984 0.628318530717959 0.323971915630984 0.882792378881082 0.323971915630984 0.942477796076938 0.323971915630984 1.17705650517478 0.323971915630984 1.25663706143592 0.364025769489152 0.314159265358979 0.364025769489152 0.588528252587388 0.364025769489152 0.628318530717959 0.364025769489152 0.882792378881082 0.364025769489152 0.942477796076938 0.364025769489152 1.17705650517478 0.364025769489152 1.25663706143592 0.392027751757548 0.314159265358979 0.392027751757548 0.588528252587388 0.392027751757548 0.628318530717959 0.392027751757548 0.882792378881082 0.392027751757548 0.942477796076938 0.392027751757548 1.17705650517478 0.392027751757548 1.25663706143592 0.490034689696935 0.314159265358979 0.490034689696935 0.588528252587388 0.490034689696935 0.628318530717959 0.490034689696935 0.882792378881082 0.490034689696935 0.942477796076938 0.490034689696935 1.17705650517478 0.490034689696935 1.25663706143592 0.588041627636323 0.314159265358979 0.588041627636323 0.588528252587388 0.588041627636323 0.628318530717959 0.588041627636323 0.882792378881082 0.588041627636323 0.942477796076938 0.588041627636323 1.17705650517478 0.588041627636323 1.25663706143592 0.647943831261968 0.314159265358979 0.647943831261968 0.588528252587388 0.647943831261968 0.628318530717959 0.647943831261968 0.882792378881082 0.647943831261968 0.942477796076938 0.647943831261968 1.17705650517478 0.647943831261968 1.25663706143592 0.68604856557571 0.314159265358979 0.68604856557571 0.588528252587388 0.68604856557571 0.628318530717959 0.68604856557571 0.882792378881082 0.68604856557571 0.942477796076938 0.68604856557571 1.17705650517478 0.68604856557571 1.25663706143592 0.728051538978304 0.314159265358979 0.728051538978304 0.588528252587388 0.728051538978304 0.628318530717959 0.728051538978304 0.882792378881082 0.728051538978304 0.942477796076938 0.728051538978304 1.17705650517478 0.728051538978304 1.25663706143592 0.784055503515097 0.314159265358979 0.784055503515097 0.588528252587388 0.784055503515097 0.628318530717959 0.784055503515097 0.882792378881082 0.784055503515097 0.942477796076938 0.784055503515097 1.17705650517478 0.784055503515097 1.25663706143592 0.882062441454484 0.314159265358979 0.882062441454484 0.588528252587388 0.882062441454484 0.628318530717959 0.882062441454484 0.882792378881082 0.882062441454484 0.942477796076938 0.882062441454484 1.17705650517478 0.882062441454484 1.25663706143592 0.971915746892952 0.314159265358979 0.971915746892952 0.588528252587388 0.971915746892952 0.628318530717959 0.971915746892952 0.882792378881082 0.971915746892952 0.942477796076938 0.971915746892952 1.17705650517478 0.971915746892952 1.25663706143592 1.07807631733326 0.314159265358979 1.07807631733326 0.588528252587388 1.07807631733326 0.628318530717959 1.07807631733326 0.882792378881082 1.07807631733326 0.942477796076938 1.07807631733326 1.17705650517478 1.07807631733326 1.25663706143592 1.09207730846746 0.314159265358979 1.09207730846746 0.588528252587388 1.09207730846746 0.628318530717959 1.09207730846746 0.882792378881082 1.09207730846746 0.942477796076938 1.09207730846746 1.17705650517478 1.09207730846746 1.25663706143592 1.17608325527265 0.314159265358979 1.17608325527265 0.588528252587388 1.17608325527265 0.628318530717959 1.17608325527265 0.882792378881082 1.17608325527265 0.942477796076938 1.17608325527265 1.17705650517478 1.17608325527265 1.25663706143592 1.27409019321203 0.314159265358979 1.27409019321203 0.588528252587388 1.27409019321203 0.628318530717959 1.27409019321203 0.882792378881082 1.27409019321203 0.942477796076938 1.27409019321203 1.17705650517478 1.27409019321203 1.25663706143592 1.29588766252394 0.314159265358979 1.29588766252394 0.588528252587388 1.29588766252394 0.628318530717959 1.29588766252394 0.882792378881082 1.29588766252394 0.942477796076938 1.29588766252394 1.17705650517478 1.29588766252394 1.25663706143592 1.37209713115142 0.314159265358979 1.37209713115142 0.588528252587388 1.37209713115142 0.628318530717959 1.37209713115142 0.882792378881082 1.37209713115142 0.942477796076938 1.37209713115142 1.17705650517478 1.37209713115142 1.25663706143592 1.45610307795661 0.314159265358979 1.45610307795661 0.588528252587388 1.45610307795661 0.628318530717959 1.45610307795661 0.882792378881082 1.45610307795661 0.942477796076938 1.45610307795661 1.17705650517478 1.45610307795661 1.25663706143592 1.47010406909081 0.314159265358979 1.47010406909081 0.588528252587388 1.47010406909081 0.628318530717959 1.47010406909081 0.882792378881082 1.47010406909081 0.942477796076938 1.47010406909081 1.17705650517478 1.47010406909081 1.25663706143592 1.56811100703019 0.314159265358979 1.56811100703019 0.588528252587388 1.56811100703019 0.628318530717959 1.56811100703019 0.882792378881082 1.56811100703019 0.942477796076938 1.56811100703019 1.17705650517478 1.56811100703019 1.25663706143592 1.61985957815492 0.314159265358979 1.61985957815492 0.588528252587388 1.61985957815492 0.628318530717959 1.61985957815492 0.882792378881082 1.61985957815492 0.942477796076938 1.61985957815492 1.17705650517478 1.61985957815492 1.25663706143592 1.66611794496958 0.314159265358979 1.66611794496958 0.588528252587388 1.66611794496958 0.628318530717959 1.66611794496958 0.882792378881082 1.66611794496958 0.942477796076938 1.66611794496958 1.17705650517478 1.66611794496958 1.25663706143592 1.76412488290897 0.314159265358979 1.76412488290897 0.588528252587388 1.76412488290897 0.628318530717959 1.76412488290897 0.882792378881082 1.76412488290897 0.942477796076938 1.76412488290897 1.17705650517478 1.76412488290897 1.25663706143592 1.82012884744576 0.314159265358979 1.82012884744576 0.588528252587388 1.82012884744576 0.628318530717959 1.82012884744576 0.882792378881082 1.82012884744576 0.942477796076938 1.82012884744576 1.17705650517478 1.82012884744576 1.25663706143592 1.86213182084835 0.314159265358979 1.86213182084835 0.588528252587388 1.86213182084835 0.628318530717959 1.86213182084835 0.882792378881082 1.86213182084835 0.942477796076938 1.86213182084835 1.17705650517478 1.86213182084835 1.25663706143592 1.9438314937859 0.314159265358979 1.9438314937859 0.588528252587388 1.9438314937859 0.628318530717959 1.9438314937859 0.882792378881082 1.9438314937859 0.942477796076938 1.9438314937859 1.17705650517478 1.9438314937859 1.25663706143592 1.96013875878774 0.314159265358979 1.96013875878774 0.588528252587388 1.96013875878774 0.628318530717959 1.96013875878774 0.882792378881082 1.96013875878774 0.942477796076938 1.96013875878774 1.17705650517478 1.96013875878774 1.25663706143592 2.05814569672713 0.314159265358979 2.05814569672713 0.588528252587388 2.05814569672713 0.628318530717959 2.05814569672713 0.882792378881082 2.05814569672713 0.942477796076938 2.05814569672713 1.17705650517478 2.05814569672713 1.25663706143592 2.15615263466652 0.314159265358979 2.15615263466652 0.588528252587388 2.15615263466652 0.628318530717959 2.15615263466652 0.882792378881082 2.15615263466652 0.942477796076938 2.15615263466652 1.17705650517478 2.15615263466652 1.25663706143592 2.18415461693491 0.314159265358979 2.18415461693491 0.588528252587388 2.18415461693491 0.628318530717959 2.18415461693491 0.882792378881082 2.18415461693491 0.942477796076938 2.18415461693491 1.17705650517478 2.18415461693491 1.25663706143592 2.24600594010498 0.314159265358979 2.24600594010498 0.588528252587388 2.24600594010498 0.628318530717959 2.24600594010498 0.882792378881082 2.24600594010498 0.942477796076938 2.24600594010498 1.17705650517478 2.24600594010498 1.25663706143592 2.35216651054529 0.314159265358979 2.35216651054529 0.588528252587388 2.35216651054529 0.628318530717959 2.35216651054529 0.882792378881082 2.35216651054529 0.942477796076938 2.35216651054529 1.17705650517478 2.35216651054529 1.25663706143592 2.45017344848468 0.314159265358979 2.45017344848468 0.588528252587388 2.45017344848468 0.628318530717959 2.45017344848468 0.882792378881082 2.45017344848468 0.942477796076938 2.45017344848468 1.17705650517478 2.45017344848468 1.25663706143592 2 1 28 28 35 36 35 28 1 35 8 42 2 28 3 3 29 30 3 28 29 36 42 43 36 29 28 42 36 35 29 36 37 35 1 8 49 43 42 49 8 56 56 63 57 63 56 8 8 70 63 49 56 57 43 50 51 43 49 50 70 71 63 57 50 49 9 77 70 71 70 77 63 64 57 50 57 58 70 8 9 49 42 8 36 43 44 30 37 38 30 29 37 44 51 45 44 43 51 36 44 37 37 44 45 4 31 32 31 4 30 38 45 46 45 38 37 31 30 38 31 38 39 51 52 45 30 4 3 58 64 65 58 51 50 65 71 72 71 65 64 64 63 71 58 65 66 52 59 60 52 58 59 66 72 73 66 59 58 79 73 72 66 73 74 72 66 65 59 66 67 72 71 78 58 52 51 57 64 58 45 52 53 78 71 77 84 78 77 84 9 91 91 98 99 98 91 9 9 105 98 84 91 92 78 85 86 85 78 84 92 99 100 99 92 91 85 84 92 85 92 93 98 105 99 84 77 9 105 112 106 112 105 10 10 119 112 119 10 126 105 9 10 106 112 113 126 127 119 112 119 120 134 126 133 11 140 133 11 147 140 141 133 140 126 10 133 148 140 147 11 133 10 105 106 99 99 106 107 79 86 80 79 78 86 85 93 86 120 113 112 106 113 107 114 113 120 93 94 86 86 87 80 101 93 100 100 99 107 114 107 113 108 100 107 92 100 93 107 114 115 114 120 121 79 80 73 127 134 135 134 127 126 141 148 149 148 141 140 134 133 141 134 141 142 122 114 121 128 121 127 136 128 135 142 135 134 149 142 141 143 135 142 128 127 135 129 121 128 148 155 149 127 121 120 120 119 127 150 142 149 147 154 148 78 79 72 73 80 81 32 39 40 32 31 39 46 53 47 46 45 53 38 46 39 39 46 47 5 33 34 33 5 32 40 47 48 47 40 39 33 32 40 33 40 41 53 54 47 32 5 4 54 60 61 60 59 67 66 74 67 94 87 86 53 52 60 95 87 94 74 75 67 60 67 68 82 74 81 88 81 87 95 88 87 89 81 88 73 81 74 96 88 95 94 101 95 60 54 53 80 87 81 47 54 55 34 41 7 34 33 41 47 55 48 48 41 40 55 54 61 41 48 16 6 34 7 55 62 16 62 55 61 16 62 69 16 7 41 55 16 48 61 68 62 34 6 5 68 75 76 75 68 67 82 89 90 89 82 81 75 74 82 75 82 83 69 76 16 69 68 76 82 90 83 83 76 75 90 96 97 16 83 17 90 89 96 76 83 16 89 88 96 68 69 62 61 60 68 17 83 90 95 102 96 101 108 109 108 101 100 115 122 116 122 115 114 108 107 115 108 115 116 103 97 96 103 102 109 103 109 110 116 109 108 102 101 109 109 116 117 116 122 123 103 96 102 129 136 137 136 129 128 143 150 151 150 143 142 136 135 143 136 143 144 124 116 123 130 123 129 138 130 137 144 137 136 151 144 143 145 137 144 130 129 137 131 123 130 150 157 151 129 123 122 122 121 129 152 144 151 97 103 104 104 103 110 118 110 117 124 117 116 110 109 117 125 117 124 104 17 97 17 104 111 111 118 17 118 111 110 125 118 117 17 118 18 104 110 111 18 118 125 124 131 125 97 17 90 131 138 139 138 131 130 145 152 153 152 145 144 138 137 145 138 145 146 132 139 18 139 132 131 18 146 153 146 18 139 153 146 145 18 153 19 139 138 146 132 18 125 152 159 153 131 132 125 124 123 131 151 158 152 102 95 101 94 93 101 149 156 150 11 154 147 154 11 161 161 168 169 168 161 11 168 12 175 154 161 162 155 162 163 155 154 162 169 175 176 169 162 161 175 169 168 162 169 170 168 11 12 154 155 148 182 12 189 182 176 175 189 196 190 196 189 12 12 203 196 182 189 190 176 183 184 176 182 183 203 204 196 190 183 182 13 210 203 204 203 210 196 197 190 183 190 191 203 12 13 182 175 12 169 176 177 156 163 164 156 155 163 170 177 178 170 169 177 162 170 163 163 170 171 157 164 165 157 156 164 170 178 171 171 164 163 178 184 185 171 178 179 178 177 184 164 171 172 176 184 177 156 157 150 191 197 198 191 184 183 198 204 205 204 198 197 197 196 204 191 198 199 185 192 193 185 191 192 199 205 206 199 192 191 212 206 205 199 206 207 205 199 198 192 199 200 205 204 211 191 185 184 197 191 190 178 185 186 211 204 210 155 156 149 217 13 224 13 217 210 224 231 232 231 224 13 13 238 231 217 224 225 211 218 219 218 211 217 225 232 233 232 225 224 218 217 225 218 225 226 231 238 232 217 211 210 245 238 14 14 238 13 14 15 266 23 273 15 246 238 245 252 245 14 260 252 259 266 259 14 273 266 15 267 259 266 252 14 259 253 245 252 266 273 274 232 238 239 24 273 23 212 219 213 212 211 219 218 226 219 246 239 238 233 232 239 247 239 246 226 227 219 219 220 213 234 226 233 240 233 239 247 240 239 241 233 240 225 233 226 247 248 240 246 253 247 212 213 206 253 260 261 260 253 252 267 274 275 274 267 266 260 259 267 260 267 268 255 247 254 254 253 261 267 275 268 268 261 260 275 24 25 269 261 268 275 274 24 262 254 261 274 273 24 253 254 247 246 245 253 276 268 275 211 212 205 206 213 214 158 165 166 158 157 165 172 179 180 172 171 179 164 172 165 165 172 173 159 166 167 166 159 158 173 180 181 180 173 172 166 165 173 166 173 174 179 186 180 158 159 152 180 186 187 186 185 193 192 200 193 227 220 219 179 178 186 228 220 227 201 193 200 200 199 207 215 207 214 221 214 220 228 221 220 222 214 221 206 214 207 208 200 207 227 234 228 194 186 193 220 214 213 222 221 228 160 167 19 160 159 167 166 174 167 194 187 186 181 180 187 195 187 194 174 19 167 19 174 181 181 188 19 188 181 187 195 188 187 188 195 19 173 181 174 19 195 20 194 201 195 160 19 153 201 208 209 208 201 200 215 222 223 222 215 214 208 207 215 208 215 216 202 209 20 209 202 201 216 223 20 223 216 215 230 20 223 216 20 209 209 208 216 202 20 195 223 222 229 201 202 195 194 193 201 229 222 228 159 160 153 235 229 228 235 234 241 235 241 242 248 241 240 234 233 241 249 241 248 229 236 237 229 235 236 236 242 243 249 242 241 235 242 236 249 250 242 248 255 249 235 228 234 255 262 263 262 255 254 269 276 277 276 269 268 262 261 269 262 269 270 257 249 256 256 255 263 269 277 270 270 263 262 277 25 26 271 263 270 277 276 25 264 256 263 276 275 25 255 256 249 248 247 255 278 270 277 230 229 237 237 236 243 251 243 250 257 250 249 243 242 250 258 250 257 237 244 21 244 237 243 251 258 21 258 251 250 21 258 265 251 21 244 244 243 251 21 20 237 257 264 258 237 20 230 264 271 272 271 264 263 278 26 279 26 278 277 271 270 278 271 278 279 272 22 21 272 265 264 279 27 22 27 279 26 279 22 272 272 271 279 272 21 265 264 265 258 257 256 264 229 230 223 227 226 234 157 158 151 

TShapes 11
Ve
1.06562107678575e-05
118.473927879848 -42.8716240931478 -131
0 0

0101100
*
Ve
1e-07
115.9750239135 -114.430879201079 -131
0 0

0101100
*
Ed
 1e-07 1 1 0
1  1 0 1.4210854715202e-14 71.6028736339197
2  1 1 0 1.4210854715202e-14 71.6028736339197
2  2 2 0 1.4210854715202e-14 71.6028736339197
4 G1 1 0 2 0
0

0101000
-11 0 +10 0 *
Ve
1.06562107678575e-05
116.47270879153 -42.8716240931478 -133
0 0

0101100
*
Ed
 1e-08 1 1 0
1  2 0 0 1.5707963267949
2  3 3 0 0 1.5707963267949
2  4 1 0 0 1.5707963267949
0

0101000
+11 0 -8 0 *
Ve
1e-07
113.976242259183 -114.361080215661 -133
0 0

0101100
*
Ed
 1e-07 1 1 0
1  3 0 0 1.5707963267949
2  5 4 0 0 1.5707963267949
2  6 1 0 0 1.5707963267949
4 G1 4 0 1 0
6  1 1 0
6  2 2 0
0

0101100
+10 0 -6 0 *
Ed
 1e-07 1 1 0
1  4 0 1.4210854715202e-14 71.5330321029374
2  7 1 0 1.4210854715202e-14 71.5330321029374
2  8 5 0 1.4210854715202e-14 71.5330321029374
4 G1 1 0 5 0
0

0101000
-8 0 +6 0 *
Wi

0101100
-9 0 -7 0 +5 0 +4 0 *
Fa
0  0 1 0

0111000
+3 0 *
Co

1100000
+2 0 *

+1 0 
0

