DBRep_DrawableShape

CASCADE Topology V1, (c) Matra-Datavision
Locations 1
1
              1               0               0 1.14223841932143e-15 
              0               1               0              10 
              0               0               1 7.93777730407224e-14 
Curve2ds 0
Curves 8
1 -2.991889238358 -5 10.8046541214 1.1422384193214265e-16 1 7.9377773040722434e-15 
1 3.6563525199889999 -5 10.8046541214 1.1422384193214265e-16 1 7.9377773040722434e-15 
1 -2.991889238358 -5 10.8046541214 1 0 0 
1 3.6563525199889999 -5 8.1999998092649999 1.1422384193214265e-16 1 7.9377773040722434e-15 
1 3.6563525199889999 -5 10.8046541214 0 0 -1 
1 -2.991889238358 -5 8.1999998092649999 1.1422384193214265e-16 1 7.9377773040722434e-15 
1 3.6563525199889999 -5 8.1999998092649999 -1 0 0 
1 -2.991889238358 -5 8.1999998092649999 0 0 1 
Polygon3D 0
PolygonOnTriangulations 0
Surfaces 5
1 -2.991889238358 -5 10.8046541214 0 7.9377773040722434e-15 -1 1 0 0 0 -1 -7.9377773040722434e-15 
1 3.6563525199889999 -5 10.8046541214 -1 1.1422384193214265e-16 0 0 0 -1 -1.1422384193214265e-16 -1 -0 
1 3.6563525199889999 -5 8.1999998092649999 0 -7.9377773040722434e-15 1 -1 0 0 -0 -1 -7.9377773040722434e-15 
1 -2.991889238358 -5 8.1999998092649999 1 -1.1422384193214265e-16 0 0 0 1 -1.1422384193214265e-16 -1 0 
1 0.33223164081549983 -5 9.5023269653324984 1.1422384193214265e-16 1 7.9377773040722434e-15 0 -7.9377773040722434e-15 1 1 -1.1422384193214265e-16 -9.0668342007289729e-31 
Triangulations 0

TShapes 25
Ve
0.003
-2.991889238358 -5 10.8046541214
0 0

0101101
*
Ed
 0.003 1 1 0
1  1 0 0 10
0

0101000
+25 0 -25 1 *
Ve
0.003
3.656352519989 -5 10.8046541214
0 0

0101101
*
Ed
 0.003 1 1 0
1  2 0 0 10
0

0101000
+23 0 -23 1 *
Ed
 0.003 1 1 0
1  3 0 0 6.648241758347
0

0101000
+25 0 -23 0 *
Wi

0101000
+24 0 -22 0 -21 0 +21 1 *
Fa
0  0.003 1 0

0101000
+20 0 *
Ve
0.003
3.656352519989 -5 8.199999809265
0 0

0101101
*
Ed
 0.003 1 1 0
1  4 0 0 10
0

0101000
+18 0 -18 1 *
Ed
 0.003 1 1 0
1  5 0 0 2.604654312135
0

0101000
+23 0 -18 0 *
Wi

0101000
+22 0 -17 0 -16 0 +16 1 *
Fa
0  0.003 2 0

0101000
+15 0 *
Ve
0.003
-2.991889238358 -5 8.199999809265
0 0

0101101
*
Ed
 0.003 1 1 0
1  6 0 0 10
0

0101000
+13 0 -13 1 *
Ed
 0.003 1 1 0
1  7 0 0 6.648241758347
0

0101000
+18 0 -13 0 *
Wi

0101000
+17 0 -12 0 -11 0 +11 1 *
Fa
0  0.003 3 0

0101000
+10 0 *
Ed
 0.003 1 1 0
1  8 0 0 2.604654312135
0

0101000
+13 0 -25 0 *
Wi

0101000
+12 0 -24 0 -8 0 +8 1 *
Fa
0  0.003 4 0

0101000
+7 0 *
Wi

0101100
+21 0 +16 0 +11 0 +8 0 *
Fa
0  0.003 5 0

0101100
+5 0 *
Sh

0101000
+19 0 +14 0 +9 0 +6 0 +4 0 -4 1 *
So

0100000
-3 0 *
Co

1100000
+2 0 *

+1 0 