DBRep_DrawableShape

CASCADE Topology V1, (c) Matra-Datavision
Locations 0
Curve2ds 16
1 0 0 1 0 
1 4.2842588424679997 0 0 1 
1 0 0 0 1 
7 0 0  1 2 2  0 1  4.2842588424679997 1 
 0 2 0.93602615594860006 2
1 0 0 0 1 
6 0 1 1.2999999523162 0  1.2999999523162 9.2000002861019006  
7 0 0  6 22 5  1.1102230246251565e-16 0  0.13093612865171891 0  0.26181271463443029 0  0.3927827062273278 0  0.52355944905866902 0  0.65449960472982183 0  0.91629782504885704 0  1.0471972909576781 0  1.1780969933512246 0  1.3089968129649896 0  1.4398966305343901 0  1.7016960230554037 0  1.8325958406247942 0  1.9634956602385853 0  2.0943953626321012 0  2.2252948285409393 0  2.4870930488599692 0  2.6180332045311325 0  2.7488099473624565 0  2.8797799389553655 0  3.0106565249380743 0  3.1415926535897927 0 
 0 7 0.78539816339744828 5 1.5707963267948966 5 2.3561944901923448 5 3.1415926535897931 7
1 3.1415926535897931 0 0 1 
1 0 0 0 1 
7 0 0  6 22 5  -5.5511151231257827e-17 1  0.13093612865171925 1.0000000000000011  0.26181271463442929 0.99999999999999623  0.39278270622732703 1.0000000000000036  0.5235594490586698 0.99999999999999845  0.65449960472982149 1.0000000000000004  0.91629782504885815 0.99999999999999933  1.0471972909576741 1.0000000000000009  1.1780969933512286 1  1.3089968129649876 0.99999999999999922  1.4398966305343901 1.0000000000000002  1.7016960230554037 1.0000000000000013  1.8325958406247942 0.99999999999999234  1.9634956602385853 1.0000000000000149  2.0943953626321012 0.99999999999998845  2.2252948285409393 1.0000000000000036  2.4870930488599683 0.99999999999999822  2.6180332045311419 1.0000000000000051  2.7488099473624428 0.99999999999999378  2.8797799389553722 1.0000000000000042  3.0106565249380721 0.99999999999999867  3.1415926535897931 1 
 0 7 0.78539816339744828 5 1.5707963267948966 5 2.3561944901923448 5 3.1415926535897931 7
1 0 0 1 0 
1 4.2842588424680148 0 0 1 
6 0 1 0 0  0 9.2000002861019006  
7 0 0  1 2 2  0 1  4.2842588424680148 1 
 0 2 0.93602615594859995 2
1 0 0 1 0 
1 0 9.2000002861019006 1 0 
Curves 12
1 0 0.64999997615810001 8.2000064849849998 1 0 0 
7 0 0  1 2 2  4.2842588424679997 0.64999997615810001 8.2000064849849998  0.93602615594859995 0.64999997615810001 -0.99999380111689995 
 0 2 1 2
1 -1.110223024625e-16 0.64999997615810001 -0.99999380111689995 1 0 0 
7 0 0  1 2 2  0 0.64999997615810001 8.2000064849849998  -1.110223024625e-16 0.64999997615810001 -0.99999380111689995 
 0 2 1 2
2 4.2842588424679997 1.3877787807810001e-17 8.2000064849849998 0 0 -1 0 1 0 1 -0 0 0.64999961853029997
7 0 0  1 2 2  4.2842588424679997 -0.64999961853029997 8.2000064849849998  0.93602615594859995 -0.64999997615810001 -0.99999380111690006 
 0 2 1 2
2 0.93602615594859995 -1.3877787807810001e-17 -0.99999380111689995 0 0 -1 0 1 0 1 -0 0 0.64999997615810001
1 4.2842588424679997 -0.64999961853029997 8.2000064849849998 -0.99999999999999645 -8.3474835015930951e-08 0 
7 0 0  1 2 2  0 -0.64999997615810001 8.2000064849849998  0 -0.64999997615810001 -0.99999380111689995 
 0 2 1 2
1 0.93602615594859995 -0.64999997615810001 -0.99999380111689995 -1 0 0 
1 0 -0.64999997615810001 8.2000064849849998 0 1 0 
1 0 -0.64999997615810001 -0.99999380111689995 -8.5401774257523937e-17 1 0 
Polygon3D 0
PolygonOnTriangulations 0
Surfaces 6
9 0 0 0 0 1 1 2 2 2 2 0 0.64999997615810001 8.2000064849849998  -1.110223024625e-16 0.64999997615810001 -0.99999380111689995  
4.2842588424679997 0.64999997615810001 8.2000064849849998  0.93602615594859995 0.64999997615810001 -0.99999380111689995  

0 2
4.2842588424679997 2

0 2
1 2

9 0 1 0 0 6 1 7 2 2 2 4.2842588424679997 0.64999961853029997 8.2000064849849998  1.0861766858435193 0.93602615594859995 0.64999997615810001 -0.99999380111689995  1.0861766858435193 
4.6560899536461546 0.64999961853029842 8.2000064849849998  0.99390668382161418 1.3078574717070939 0.64999997615809846 -0.99999380111689995  0.99390668382161418 
4.9822048512420798 0.40607275115028951 8.2000064849849998  0.95167946949887317 1.6339725487304371 0.40607297457027391 -0.99999380111689995  0.95167946949887317 
5.1136986972342111 -8.3141697734699773e-17 8.2000064849849998  0.93647432167198752 1.7654664670700804 -1.1089732673014369e-16 -0.99999380111689995  0.93647432167198752 
4.9822048512420798 -0.40607275115028907 8.2000064849849998  0.95167946949887383 1.6339725487304375 -0.40607297457027347 -0.99999380111689995  0.95167946949887383 
4.6560899536461537 -0.64999961853029875 8.2000064849849998  0.99390668382161307 1.3078574717070932 -0.64999997615809879 -0.99999380111689995  0.99390668382161307 
4.2842588424679997 -0.64999961853029997 8.2000064849849998  1.0861766858435193 0.93602615594859995 -0.64999997615810001 -0.99999380111689995  1.0861766858435193 

0 7
3.1415926535897931 7

0 2
1 2

10 0 1.2999999523162 0 9.2000002861019006
1 0 -0.64999997615810001 8.2000064849849998 -1 0 0 0 1 0 0 0 -1 
9 0 0 0 0 1 1 2 2 2 2 4.2842588424679997 -0.64999961853029997 8.2000064849849998  0.93602615594859995 -0.64999997615810001 -0.99999380111689995  
0 -0.64999997615810001 8.2000064849849998  0 -0.64999997615810001 -0.99999380111689995  

0 2
4.2842588424680148 2

0 2
1 2

1 2.2359487849169057 2.9802316683924523e-08 8.2000064849849981 -6.4447356582076505e-16 -3.931982142796888e-17 1 1 0 6.4447356582076505e-16 -2.5340585523118829e-32 1 3.931982142796888e-17 
1 0.56183249327633222 1.3877787807814457e-17 -0.99999380111690017 -5.1765082834758449e-16 2.8013095802125815e-22 1 1 0 5.1765082834758449e-16 1.450100224655067e-37 1 -2.8013095802125815e-22 
Triangulations 0

TShapes 34
Ve
0.003
0 0.6499999761581 8.200006484985
0 0

0101101
*
Ve
0.00300017881390002
4.284258842468 0.6499997973442 8.200006484985
0 0

0101101
*
Ed
 0.003 1 1 0
1  1 0 0 4.284258842468
2  1 1 0 0 4.284258842468
0

0101000
+34 0 -33 0 *
Ve
0.003
0.9360261559486 0.6499999761581 -0.9999938011169
0 0

0101101
*
Ed
 5.36441700060841e-07 1 1 0
1  2 0 0 1
2  2 1 0 0 1
2  3 2 0 0 1
0

0101000
+33 0 -31 0 *
Ve
0.003
-1.110223024625e-16 0.6499999761581 -0.9999938011169
0 0

0101101
*
Ed
 0.003 1 1 0
1  3 0 0 0.9360261559486
2  4 1 0 0 0.9360261559486
0

0101000
+29 0 -31 0 *
Ed
 1e-07 1 1 0
1  4 0 0 1
2  5 1 0 0 1
2  6 3 0 0 1
0

0101000
+34 0 -29 0 *
Wi

0101000
+32 0 +30 0 -28 0 -27 0 *
Fa
0  1e-07 1 0

0111000
+26 0 *
Ve
0.003
4.284258842468 -0.6499996185303 8.200006484985
0 0

0101101
*
Ed
 0.003 1 1 0
1  5 0 0 3.14159265358979
2  7 2 0 0 3.14159265358979
0

0101000
+33 0 -24 0 *
Ve
0.00300000000000006
0.9360261559486 -0.6499999761581 -0.9999938011169
0 0

0101101
*
Ed
 1e-07 1 1 0
1  6 0 0 1
2  8 2 0 0 1
2  9 4 0 0 1
0

0101000
+24 0 -22 0 *
Ed
 0.003 1 1 0
1  7 0 0 3.14159265358979
2  10 2 0 0 3.14159265358979
0

0101000
+31 0 -22 0 *
Wi

0101000
+23 0 +21 0 -20 0 -30 0 *
Fa
0  1e-07 2 0

0111000
+19 0 *
Ve
0.003
0 -0.6499999761581 8.200006484985
0 0

0101101
*
Ed
 0.003 1 1 0
1  8 0 0 4.28425884246801
2  11 4 0 0 4.28425884246801
0

0101000
+24 0 -17 0 *
Ve
0.003
0 -0.6499999761581 -0.9999938011169
0 0

0101101
*
Ed
 1e-07 1 1 0
1  9 0 0 1
2  12 4 0 0 1
2  13 3 0 0 1
0

0101000
+17 0 -15 0 *
Ed
 0.003 1 1 0
1  10 0 0 0.9360261559486
2  14 4 0 0 0.9360261559486
0

0101000
+22 0 -15 0 *
Wi

0101000
+16 0 +14 0 -13 0 -21 0 *
Fa
0  1e-07 4 0

0101000
+12 0 *
Ed
 0.003 1 1 0
1  11 0 0 1.2999999523162
2  15 3 0 0 1.2999999523162
0

0101000
+17 0 -34 0 *
Ed
 0.003 1 1 0
1  12 0 0 1.2999999523162
2  16 3 0 0 1.2999999523162
0

0101000
+15 0 -29 0 *
Wi

0101000
+10 0 +27 0 -9 0 -14 0 *
Fa
0  1e-07 3 0

0111000
+8 0 *
Wi

0101100
+32 0 +23 0 +16 0 +10 0 *
Fa
0  0.003 5 0

0101100
-6 0 *
Wi

0101100
+28 0 +20 0 +13 0 +9 0 *
Fa
0  0.003 6 0

0101100
-4 0 *
Sh

0101100
+25 0 +18 0 +11 0 +7 0 +5 0 -3 0 *
So

1100000
+2 0 *

+1 0 