DBRep_DrawableShape

CASCADE Topology V1, (c) Matra-Datavision
Locations 0
Curve2ds 8
1 0 0 1 0 
1 0 4 1 0 
1 4 0 0 -1 
1 4 0 0 1 
1 0 -4 1 0 
1 0 4 1 0 
1 0 0 0 -1 
1 4 0 0 1 
Curves 4
1 4 0 0 0 0 1 
1 4 0 4 0 1 0 
1 4 4 0 0 0 1 
1 4 0 0 -0 1 0 
Polygon3D 0
PolygonOnTriangulations 0
Surfaces 5
1 4 0 0 1 0 -0 0 0 1 0 -1 0 
1 0 0 0 -0 1 0 0 0 1 1 0 -0 
1 0 0 4 0 0 1 1 0 -0 -0 1 0 
1 0 4 0 -0 1 0 0 0 1 1 0 -0 
1 0 0 0 0 0 1 1 0 -0 -0 1 0 
Triangulations 0

TShapes 10
Ve
1e-07
4 0 4
0 0

0101100
*
Ve
1e-07
4 0 0
0 0

0101100
*
Ed
 1e-07 1 1 0
1  1 0 0 4
2  1 1 0 0 4
2  2 2 0 0 4
0

0101000
-10 0 +9 0 *
Ve
1e-07
4 4 4
0 0

0101100
*
Ed
 1e-07 1 1 0
1  2 0 0 4
2  3 1 0 0 4
2  4 3 0 0 4
0

0101000
-7 0 +10 0 *
Ve
4.12310562561766e-05
4 4 0
0 0

0101100
*
Ed
 1e-07 1 1 0
1  3 0 0 4
2  5 1 0 0 4
2  6 4 0 0 4
0

0101000
-7 0 +5 0 *
Ed
 1e-07 1 1 0
1  4 0 0 4
2  7 1 0 0 4
2  8 5 0 0 4
0

0101000
-5 0 +9 0 *
Wi

0101000
-8 0 -6 0 +4 0 +3 0 *
Fa
0  1e-07 1 0

0111000
+2 0 *

+1 0 
0

