DBRep_DrawableShape

CASCADE Topology V1, (c) Matra-Datavision
Locations 4
1
              1               0              -0               0 
             -0               1               0             -50 
              0               0               1              -0 
2  1 -1 0
1
              1               0              -0               0 
             -0               1               0             -50 
              0               0               1              -0 
2  3 -1 0
Curve2ds 4
1 0 0 1 0 
1 0 -50 1 0 
1 0 0 1 0 
1 0 -50 1 0 
Curves 1
2 180 0 180 0 1 0 0 -0 1 1 0 -0 20
Polygon3D 0
PolygonOnTriangulations 6
63 2 66 67 68 69 70 71 72 73 74 75 76 77 78 79 80 81 82 83 84 85 86 87 88 89 90 91 92 93 94 95 96 97 98 99 100 101 102 103 104 105 106 107 108 109 110 111 112 113 114 115 116 117 118 119 120 121 122 123 124 125 126 4 
p 0.500000002 1 0 0.101341698502897 0.202683397005793 0.30402509550869 0.405366794011586 0.506708492514483 0.608050191017379 0.709391889520276 0.810733588023172 0.912075286526069 1.01341698502897 1.11475868353186 1.21610038203476 1.31744208053766 1.41878377904055 1.52012547754345 1.62146717604634 1.72280887454924 1.82415057305214 1.92549227155503 2.02683397005793 2.12817566856083 2.22951736706372 2.33085906556662 2.43220076406952 2.53354246257241 2.63488416107531 2.73622585957821 2.8375675580811 2.938909256584 3.0402509550869 3.14159265358979 3.24293435209269 3.34427605059559 3.44561774909848 3.54695944760138 3.64830114610428 3.74964284460717 3.85098454311007 3.95232624161297 4.05366794011586 4.15500963861876 4.25635133712166 4.35769303562455 4.45903473412745 4.56037643263035 4.66171813113324 4.76305982963614 4.86440152813904 4.96574322664194 5.06708492514483 5.16842662364773 5.26976832215063 5.37111002065352 5.47245171915642 5.57379341765932 5.67513511616221 5.77647681466511 5.87781851316801 5.97916021167091 6.0805019101738 6.1818436086767 6.28318530717959 
63 1 5 6 7 8 9 10 11 12 13 14 15 16 17 18 19 20 21 22 23 24 25 26 27 28 29 30 31 32 33 34 35 36 37 38 39 40 41 42 43 44 45 46 47 48 49 50 51 52 53 54 55 56 57 58 59 60 61 62 63 64 65 3 
p 0.500000002 1 0 0.101341698502897 0.202683397005793 0.30402509550869 0.405366794011586 0.506708492514483 0.608050191017379 0.709391889520276 0.810733588023172 0.912075286526069 1.01341698502897 1.11475868353186 1.21610038203476 1.31744208053766 1.41878377904055 1.52012547754345 1.62146717604634 1.72280887454924 1.82415057305214 1.92549227155503 2.02683397005793 2.12817566856083 2.22951736706372 2.33085906556662 2.43220076406952 2.53354246257241 2.63488416107531 2.73622585957821 2.8375675580811 2.938909256584 3.0402509550869 3.14159265358979 3.24293435209269 3.34427605059559 3.44561774909848 3.54695944760138 3.64830114610428 3.74964284460717 3.85098454311007 3.95232624161297 4.05366794011586 4.15500963861876 4.25635133712166 4.35769303562455 4.45903473412745 4.56037643263035 4.66171813113324 4.76305982963614 4.86440152813904 4.96574322664194 5.06708492514483 5.16842662364773 5.26976832215063 5.37111002065352 5.47245171915642 5.57379341765932 5.67513511616221 5.77647681466511 5.87781851316801 5.97916021167091 6.0805019101738 6.1818436086767 6.28318530717959 
63 1 2 3 4 5 6 7 8 9 10 11 12 13 14 15 16 17 18 19 20 21 22 23 24 25 26 27 28 29 30 31 32 33 34 35 36 37 38 39 40 41 42 43 44 45 46 47 48 49 50 51 52 53 54 55 56 57 58 59 60 61 62 1 
p 0.500000002 1 0 0.101341698502897 0.202683397005793 0.30402509550869 0.405366794011586 0.506708492514483 0.608050191017379 0.709391889520276 0.810733588023172 0.912075286526069 1.01341698502897 1.11475868353186 1.21610038203476 1.31744208053766 1.41878377904055 1.52012547754345 1.62146717604634 1.72280887454924 1.82415057305214 1.92549227155503 2.02683397005793 2.12817566856083 2.22951736706372 2.33085906556662 2.43220076406952 2.53354246257241 2.63488416107531 2.73622585957821 2.8375675580811 2.938909256584 3.0402509550869 3.14159265358979 3.24293435209269 3.34427605059559 3.44561774909848 3.54695944760138 3.64830114610428 3.74964284460717 3.85098454311007 3.95232624161297 4.05366794011586 4.15500963861876 4.25635133712166 4.35769303562455 4.45903473412745 4.56037643263035 4.66171813113324 4.76305982963614 4.86440152813904 4.96574322664194 5.06708492514483 5.16842662364773 5.26976832215063 5.37111002065352 5.47245171915642 5.57379341765932 5.67513511616221 5.77647681466511 5.87781851316801 5.97916021167091 6.0805019101738 6.1818436086767 6.28318530717959 
63 1 5 6 7 8 9 10 11 12 13 14 15 16 17 18 19 20 21 22 23 24 25 26 27 28 29 30 31 32 33 34 35 36 37 38 39 40 41 42 43 44 45 46 47 48 49 50 51 52 53 54 55 56 57 58 59 60 61 62 63 64 65 3 
p 0.500000002 1 0 0.101341698502897 0.202683397005793 0.30402509550869 0.405366794011586 0.506708492514483 0.608050191017379 0.709391889520276 0.810733588023172 0.912075286526069 1.01341698502897 1.11475868353186 1.21610038203476 1.31744208053766 1.41878377904055 1.52012547754345 1.62146717604634 1.72280887454924 1.82415057305214 1.92549227155503 2.02683397005793 2.12817566856083 2.22951736706372 2.33085906556662 2.43220076406952 2.53354246257241 2.63488416107531 2.73622585957821 2.8375675580811 2.938909256584 3.0402509550869 3.14159265358979 3.24293435209269 3.34427605059559 3.44561774909848 3.54695944760138 3.64830114610428 3.74964284460717 3.85098454311007 3.95232624161297 4.05366794011586 4.15500963861876 4.25635133712166 4.35769303562455 4.45903473412745 4.56037643263035 4.66171813113324 4.76305982963614 4.86440152813904 4.96574322664194 5.06708492514483 5.16842662364773 5.26976832215063 5.37111002065352 5.47245171915642 5.57379341765932 5.67513511616221 5.77647681466511 5.87781851316801 5.97916021167091 6.0805019101738 6.1818436086767 6.28318530717959 
63 2 66 67 68 69 70 71 72 73 74 75 76 77 78 79 80 81 82 83 84 85 86 87 88 89 90 91 92 93 94 95 96 97 98 99 100 101 102 103 104 105 106 107 108 109 110 111 112 113 114 115 116 117 118 119 120 121 122 123 124 125 126 4 
p 0.500000002 1 0 0.101341698502897 0.202683397005793 0.30402509550869 0.405366794011586 0.506708492514483 0.608050191017379 0.709391889520276 0.810733588023172 0.912075286526069 1.01341698502897 1.11475868353186 1.21610038203476 1.31744208053766 1.41878377904055 1.52012547754345 1.62146717604634 1.72280887454924 1.82415057305214 1.92549227155503 2.02683397005793 2.12817566856083 2.22951736706372 2.33085906556662 2.43220076406952 2.53354246257241 2.63488416107531 2.73622585957821 2.8375675580811 2.938909256584 3.0402509550869 3.14159265358979 3.24293435209269 3.34427605059559 3.44561774909848 3.54695944760138 3.64830114610428 3.74964284460717 3.85098454311007 3.95232624161297 4.05366794011586 4.15500963861876 4.25635133712166 4.35769303562455 4.45903473412745 4.56037643263035 4.66171813113324 4.76305982963614 4.86440152813904 4.96574322664194 5.06708492514483 5.16842662364773 5.26976832215063 5.37111002065352 5.47245171915642 5.57379341765932 5.67513511616221 5.77647681466511 5.87781851316801 5.97916021167091 6.0805019101738 6.1818436086767 6.28318530717959 
63 1 2 3 4 5 6 7 8 9 10 11 12 13 14 15 16 17 18 19 20 21 22 23 24 25 26 27 28 29 30 31 32 33 34 35 36 37 38 39 40 41 42 43 44 45 46 47 48 49 50 51 52 53 54 55 56 57 58 59 60 61 62 1 
p 0.500000002 1 0 0.101341698502897 0.202683397005793 0.30402509550869 0.405366794011586 0.506708492514483 0.608050191017379 0.709391889520276 0.810733588023172 0.912075286526069 1.01341698502897 1.11475868353186 1.21610038203476 1.31744208053766 1.41878377904055 1.52012547754345 1.62146717604634 1.72280887454924 1.82415057305214 1.92549227155503 2.02683397005793 2.12817566856083 2.22951736706372 2.33085906556662 2.43220076406952 2.53354246257241 2.63488416107531 2.73622585957821 2.8375675580811 2.938909256584 3.0402509550869 3.14159265358979 3.24293435209269 3.34427605059559 3.44561774909848 3.54695944760138 3.64830114610428 3.74964284460717 3.85098454311007 3.95232624161297 4.05366794011586 4.15500963861876 4.25635133712166 4.35769303562455 4.45903473412745 4.56037643263035 4.66171813113324 4.76305982963614 4.86440152813904 4.96574322664194 5.06708492514483 5.16842662364773 5.26976832215063 5.37111002065352 5.47245171915642 5.57379341765932 5.67513511616221 5.77647681466511 5.87781851316801 5.97916021167091 6.0805019101738 6.1818436086767 6.28318530717959 
Surfaces 3
1 100 0 100 -0 1 0 0 0 1 1 0 -0 
2 180 0 180 0 1 0 0 -0 1 1 0 -0 20
2 180 0 180 0 1 0 0 -0 1 1 0 -0 20
Triangulations 4
63 62 1 0.500000002
180 0 200 182.023366439749 0 199.897386467838 184.025970401773 0 199.59059882505 185.987262459467 0 199.082785128001 187.887117102266 0 198.379156232405 189.706039250622 0 197.486932322892 191.425364301896 0 196.415268824146 193.027449654444 0 195.175162453856 194.495855744582 0 193.779338381514 195.815514738754 0 192.242119650953 196.972885149895 0 190.579280206539 197.956090791415 0 188.807883031153 198.755042642942 0 186.946105056896 199.361542377324 0 185.013050645174 199.769366486562 0 183.028555550092 199.974330143421 0 181.012983376774 199.974330143421 0 178.987016623226 199.769366486562 0 176.971444449908 199.361542377324 0 174.986949354826 198.755042642942 0 173.053894943104 197.956090791415 0 171.192116968847 196.972885149895 0 169.420719793461 195.815514738754 0 167.757880349047 194.495855744582 0 166.220661618486 193.027449654444 0 164.824837546144 191.425364301896 0 163.584731175854 189.706039250622 0 162.513067677108 187.887117102266 0 161.620843767595 185.987262459467 0 160.917214871999 184.025970401773 0 160.40940117495 182.023366439749 0 160.102613532162 180 0 160 177.976633560251 0 160.102613532162 175.974029598227 0 160.40940117495 174.012737540533 0 160.917214871999 172.112882897734 0 161.620843767595 170.293960749378 0 162.513067677108 168.574635698104 0 163.584731175854 166.972550345556 0 164.824837546144 165.504144255418 0 166.220661618486 164.184485261246 0 167.757880349047 163.027114850105 0 169.420719793461 162.043909208585 0 171.192116968847 161.244957357058 0 173.053894943104 160.638457622676 0 174.986949354826 160.230633513438 0 176.971444449909 160.025669856579 0 178.987016623226 160.025669856579 0 181.012983376774 160.230633513438 0 183.028555550092 160.638457622676 0 185.013050645174 161.244957357058 0 186.946105056896 162.043909208585 0 188.807883031153 163.027114850105 0 190.579280206539 164.184485261246 0 192.242119650953 165.504144255418 0 193.779338381514 166.972550345556 0 195.175162453856 168.574635698104 0 196.415268824146 170.293960749378 0 197.486932322892 172.112882897734 0 198.379156232405 174.012737540533 0 199.082785128001 175.974029598227 0 199.59059882505 177.976633560252 0 199.897386467838 180 0 180 100 80 99.8973864678379 82.0233664397486 99.5905988250499 84.0259704017732 99.082785128001 85.9872624594672 98.3791562324046 87.8871171022664 97.4869323228916 89.7060392506216 96.4152688241455 91.4253643018959 95.1751624538558 93.0274496544444 93.7793383815137 94.4958557445824 92.2421196509533 95.815514738754 90.5792802065393 96.972885149895 88.8078830311527 97.9560907914148 86.9461050568964 98.7550426429416 85.0130506451744 99.3615423773241 83.0285555500915 99.7693664865622 81.0129833767743 99.9743301434211 78.9870166232257 99.9743301434211 76.9714444499085 99.7693664865622 74.9869493548256 99.3615423773241 73.0538949431036 98.7550426429416 71.1921169688473 97.9560907914148 69.4207197934607 96.972885149895 67.7578803490467 95.815514738754 66.2206616184863 94.4958557445824 64.8248375461442 93.0274496544444 63.5847311758545 91.4253643018959 62.5130676771084 89.7060392506216 61.6208437675954 87.8871171022664 60.917214871999 85.9872624594672 60.4094011749501 84.0259704017732 60.1026135321621 82.0233664397486 60 80 60.1026135321621 77.9766335602514 60.4094011749501 75.9740295982268 60.917214871999 74.0127375405328 61.6208437675954 72.1128828977336 62.5130676771084 70.2939607493784 63.5847311758545 68.5746356981042 64.8248375461442 66.9725503455556 66.2206616184863 65.5041442554176 67.7578803490467 64.184485261246 69.4207197934608 63.027114850105 71.1921169688473 62.0439092085852 73.0538949431036 61.2449573570584 74.9869493548256 60.6384576226759 76.9714444499085 60.2306335134378 78.9870166232258 60.0256698565789 81.0129833767743 60.0256698565789 83.0285555500916 60.2306335134378 85.0130506451745 60.6384576226759 86.9461050568965 61.2449573570584 88.8078830311528 62.0439092085852 90.5792802065393 63.027114850105 92.2421196509533 64.1844852612461 93.7793383815138 65.5041442554177 95.1751624538559 66.9725503455557 96.4152688241456 68.5746356981043 97.4869323228917 70.2939607493785 98.3791562324047 72.1128828977338 99.082785128001 74.012737540533 99.5905988250499 75.974029598227 99.8973864678379 77.9766335602515 80 80 63 36 37 37 38 63 36 63 35 34 35 63 63 32 33 39 63 38 63 44 45 63 43 44 45 46 63 63 40 41 42 43 63 63 41 42 39 40 63 34 63 33 30 31 63 63 28 29 63 31 32 27 28 63 63 25 26 25 63 24 63 29 30 22 23 63 63 21 22 63 23 24 19 20 63 63 17 18 18 19 63 63 26 27 63 20 21 46 47 63 63 48 49 49 50 63 51 63 50 63 52 53 52 63 51 53 54 63 63 54 55 48 63 47 57 63 56 58 63 57 58 59 63 61 63 60 63 61 62 59 60 63 63 55 56 63 62 1 12 63 11 10 11 63 12 13 63 16 63 15 15 63 14 10 63 9 14 63 13 8 9 63 2 3 63 4 5 63 8 63 7 7 63 6 5 6 63 3 4 63 1 2 63 63 16 17 
126 124 1 0.500000002
180 0 200 180 -50 200 180 0 200 180 -50 200 182.023366439749 0 199.897386467838 184.025970401773 0 199.59059882505 185.987262459467 0 199.082785128001 187.887117102266 0 198.379156232405 189.706039250622 0 197.486932322892 191.425364301896 0 196.415268824146 193.027449654444 0 195.175162453856 194.495855744582 0 193.779338381514 195.815514738754 0 192.242119650953 196.972885149895 0 190.579280206539 197.956090791415 0 188.807883031153 198.755042642942 0 186.946105056896 199.361542377324 0 185.013050645174 199.769366486562 0 183.028555550092 199.974330143421 0 181.012983376774 199.974330143421 0 178.987016623226 199.769366486562 0 176.971444449908 199.361542377324 0 174.986949354826 198.755042642942 0 173.053894943104 197.956090791415 0 171.192116968847 196.972885149895 0 169.420719793461 195.815514738754 0 167.757880349047 194.495855744582 0 166.220661618486 193.027449654444 0 164.824837546144 191.425364301896 0 163.584731175854 189.706039250622 0 162.513067677108 187.887117102266 0 161.620843767595 185.987262459467 0 160.917214871999 184.025970401773 0 160.40940117495 182.023366439749 0 160.102613532162 180 0 160 177.976633560251 0 160.102613532162 175.974029598227 0 160.40940117495 174.012737540533 0 160.917214871999 172.112882897734 0 161.620843767595 170.293960749378 0 162.513067677108 168.574635698104 0 163.584731175854 166.972550345556 0 164.824837546144 165.504144255418 0 166.220661618486 164.184485261246 0 167.757880349047 163.027114850105 0 169.420719793461 162.043909208585 0 171.192116968847 161.244957357058 0 173.053894943104 160.638457622676 0 174.986949354826 160.230633513438 0 176.971444449909 160.025669856579 0 178.987016623226 160.025669856579 0 181.012983376774 160.230633513438 0 183.028555550092 160.638457622676 0 185.013050645174 161.244957357058 0 186.946105056896 162.043909208585 0 188.807883031153 163.027114850105 0 190.579280206539 164.184485261246 0 192.242119650953 165.504144255418 0 193.779338381514 166.972550345556 0 195.175162453856 168.574635698104 0 196.415268824146 170.293960749378 0 197.486932322892 172.112882897734 0 198.379156232405 174.012737540533 0 199.082785128001 175.974029598227 0 199.59059882505 177.976633560252 0 199.897386467838 182.023366439749 -50 199.897386467838 184.025970401773 -50 199.59059882505 185.987262459467 -50 199.082785128001 187.887117102266 -50 198.379156232405 189.706039250622 -50 197.486932322892 191.425364301896 -50 196.415268824146 193.027449654444 -50 195.175162453856 194.495855744582 -50 193.779338381514 195.815514738754 -50 192.242119650953 196.972885149895 -50 190.579280206539 197.956090791415 -50 188.807883031153 198.755042642942 -50 186.946105056896 199.361542377324 -50 185.013050645174 199.769366486562 -50 183.028555550092 199.974330143421 -50 181.012983376774 199.974330143421 -50 178.987016623226 199.769366486562 -50 176.971444449908 199.361542377324 -50 174.986949354826 198.755042642942 -50 173.053894943104 197.956090791415 -50 171.192116968847 196.972885149895 -50 169.420719793461 195.815514738754 -50 167.757880349047 194.495855744582 -50 166.220661618486 193.027449654444 -50 164.824837546144 191.425364301896 -50 163.584731175854 189.706039250622 -50 162.513067677108 187.887117102266 -50 161.620843767595 185.987262459467 -50 160.917214871999 184.025970401773 -50 160.40940117495 182.023366439749 -50 160.102613532162 180 -50 160 177.976633560251 -50 160.102613532162 175.974029598227 -50 160.40940117495 174.012737540533 -50 160.917214871999 172.112882897734 -50 161.620843767595 170.293960749378 -50 162.513067677108 168.574635698104 -50 163.584731175854 166.972550345556 -50 164.824837546144 165.504144255418 -50 166.220661618486 164.184485261246 -50 167.757880349047 163.027114850105 -50 169.420719793461 162.043909208585 -50 171.192116968847 161.244957357058 -50 173.053894943104 160.638457622676 -50 174.986949354826 160.230633513438 -50 176.971444449909 160.025669856579 -50 178.987016623226 160.025669856579 -50 181.012983376774 160.230633513438 -50 183.028555550092 160.638457622676 -50 185.013050645174 161.244957357058 -50 186.946105056896 162.043909208585 -50 188.807883031153 163.027114850105 -50 190.579280206539 164.184485261246 -50 192.242119650953 165.504144255418 -50 193.779338381514 166.972550345556 -50 195.175162453856 168.574635698104 -50 196.415268824146 170.293960749378 -50 197.486932322892 172.112882897734 -50 198.379156232405 174.012737540533 -50 199.082785128001 175.974029598227 -50 199.59059882505 177.976633560252 -50 199.897386467838 0 0 0 -50 6.28318530717959 0 6.28318530717959 -50 0.101341698502897 0 0.202683397005793 0 0.30402509550869 0 0.405366794011586 0 0.506708492514483 0 0.608050191017379 0 0.709391889520276 0 0.810733588023172 0 0.912075286526069 0 1.01341698502897 0 1.11475868353186 0 1.21610038203476 0 1.31744208053766 0 1.41878377904055 0 1.52012547754345 0 1.62146717604634 0 1.72280887454924 0 1.82415057305214 0 1.92549227155503 0 2.02683397005793 0 2.12817566856083 0 2.22951736706372 0 2.33085906556662 0 2.43220076406952 0 2.53354246257241 0 2.63488416107531 0 2.73622585957821 0 2.8375675580811 0 2.938909256584 0 3.0402509550869 0 3.14159265358979 0 3.24293435209269 0 3.34427605059559 0 3.44561774909848 0 3.54695944760138 0 3.64830114610428 0 3.74964284460717 0 3.85098454311007 0 3.95232624161297 0 4.05366794011586 0 4.15500963861876 0 4.25635133712166 0 4.35769303562455 0 4.45903473412745 0 4.56037643263035 0 4.66171813113324 0 4.76305982963614 0 4.86440152813904 0 4.96574322664194 0 5.06708492514483 0 5.16842662364773 0 5.26976832215063 0 5.37111002065352 0 5.47245171915642 0 5.57379341765932 0 5.67513511616221 0 5.77647681466511 0 5.87781851316801 0 5.97916021167091 0 6.0805019101738 0 6.1818436086767 0 0.101341698502897 -50 0.202683397005793 -50 0.30402509550869 -50 0.405366794011586 -50 0.506708492514483 -50 0.608050191017379 -50 0.709391889520276 -50 0.810733588023172 -50 0.912075286526069 -50 1.01341698502897 -50 1.11475868353186 -50 1.21610038203476 -50 1.31744208053766 -50 1.41878377904055 -50 1.52012547754345 -50 1.62146717604634 -50 1.72280887454924 -50 1.82415057305214 -50 1.92549227155503 -50 2.02683397005793 -50 2.12817566856083 -50 2.22951736706372 -50 2.33085906556662 -50 2.43220076406952 -50 2.53354246257241 -50 2.63488416107531 -50 2.73622585957821 -50 2.8375675580811 -50 2.938909256584 -50 3.0402509550869 -50 3.14159265358979 -50 3.24293435209269 -50 3.34427605059559 -50 3.44561774909848 -50 3.54695944760138 -50 3.64830114610428 -50 3.74964284460717 -50 3.85098454311007 -50 3.95232624161297 -50 4.05366794011586 -50 4.15500963861876 -50 4.25635133712166 -50 4.35769303562455 -50 4.45903473412745 -50 4.56037643263035 -50 4.66171813113324 -50 4.76305982963614 -50 4.86440152813904 -50 4.96574322664194 -50 5.06708492514483 -50 5.16842662364773 -50 5.26976832215063 -50 5.37111002065352 -50 5.47245171915642 -50 5.57379341765932 -50 5.67513511616221 -50 5.77647681466511 -50 5.87781851316801 -50 5.97916021167091 -50 6.0805019101738 -50 6.1818436086767 -50 2 66 5 66 67 6 68 69 8 70 71 10 69 70 9 67 68 7 72 73 12 74 75 14 73 74 13 76 77 16 78 79 18 77 78 17 75 76 15 71 72 11 80 81 20 82 83 22 81 82 21 84 85 24 86 87 26 85 86 25 83 84 23 88 89 28 90 91 30 89 90 29 92 93 32 94 95 34 93 94 33 91 92 31 87 88 27 79 80 19 1 2 5 6 67 7 66 6 5 8 69 9 10 71 11 70 10 9 68 8 7 12 73 13 14 75 15 74 14 13 16 77 17 18 79 19 78 18 17 76 16 15 72 12 11 20 81 21 22 83 23 82 22 21 85 25 24 24 23 84 25 86 26 27 26 87 19 80 20 27 88 28 29 90 30 89 29 28 31 92 32 33 94 34 93 33 32 91 31 30 96 35 34 34 95 96 97 98 37 98 99 38 100 101 40 102 103 42 101 102 41 99 100 39 104 105 44 106 107 46 105 106 45 108 109 48 110 111 50 109 110 49 107 108 47 103 104 43 112 113 52 114 115 54 113 114 53 116 117 56 118 119 58 117 118 57 115 116 55 120 121 60 122 123 62 121 122 61 124 125 64 126 4 3 125 126 65 123 124 63 119 120 59 111 112 51 36 35 97 38 37 98 36 97 37 40 39 100 42 41 102 40 101 41 38 99 39 44 43 104 46 45 106 44 105 45 48 47 108 50 49 110 48 109 49 46 107 47 42 103 43 52 51 112 54 53 114 52 113 53 56 55 116 58 57 118 56 117 57 54 115 55 60 59 120 62 61 122 60 121 61 64 63 124 3 65 126 64 125 65 62 123 63 58 119 59 50 111 51 97 35 96 
63 62 1 0.500000002
180 0 200 182.023366439749 0 199.897386467838 184.025970401773 0 199.59059882505 185.987262459467 0 199.082785128001 187.887117102266 0 198.379156232405 189.706039250622 0 197.486932322892 191.425364301896 0 196.415268824146 193.027449654444 0 195.175162453856 194.495855744582 0 193.779338381514 195.815514738754 0 192.242119650953 196.972885149895 0 190.579280206539 197.956090791415 0 188.807883031153 198.755042642942 0 186.946105056896 199.361542377324 0 185.013050645174 199.769366486562 0 183.028555550092 199.974330143421 0 181.012983376774 199.974330143421 0 178.987016623226 199.769366486562 0 176.971444449908 199.361542377324 0 174.986949354826 198.755042642942 0 173.053894943104 197.956090791415 0 171.192116968847 196.972885149895 0 169.420719793461 195.815514738754 0 167.757880349047 194.495855744582 0 166.220661618486 193.027449654444 0 164.824837546144 191.425364301896 0 163.584731175854 189.706039250622 0 162.513067677108 187.887117102266 0 161.620843767595 185.987262459467 0 160.917214871999 184.025970401773 0 160.40940117495 182.023366439749 0 160.102613532162 180 0 160 177.976633560251 0 160.102613532162 175.974029598227 0 160.40940117495 174.012737540533 0 160.917214871999 172.112882897734 0 161.620843767595 170.293960749378 0 162.513067677108 168.574635698104 0 163.584731175854 166.972550345556 0 164.824837546144 165.504144255418 0 166.220661618486 164.184485261246 0 167.757880349047 163.027114850105 0 169.420719793461 162.043909208585 0 171.192116968847 161.244957357058 0 173.053894943104 160.638457622676 0 174.986949354826 160.230633513438 0 176.971444449909 160.025669856579 0 178.987016623226 160.025669856579 0 181.012983376774 160.230633513438 0 183.028555550092 160.638457622676 0 185.013050645174 161.244957357058 0 186.946105056896 162.043909208585 0 188.807883031153 163.027114850105 0 190.579280206539 164.184485261246 0 192.242119650953 165.504144255418 0 193.779338381514 166.972550345556 0 195.175162453856 168.574635698104 0 196.415268824146 170.293960749378 0 197.486932322892 172.112882897734 0 198.379156232405 174.012737540533 0 199.082785128001 175.974029598227 0 199.59059882505 177.976633560252 0 199.897386467838 180 0 180 100 80 99.8973864678379 82.0233664397486 99.5905988250499 84.0259704017732 99.082785128001 85.9872624594672 98.3791562324046 87.8871171022664 97.4869323228916 89.7060392506216 96.4152688241455 91.4253643018959 95.1751624538558 93.0274496544444 93.7793383815137 94.4958557445824 92.2421196509533 95.815514738754 90.5792802065393 96.972885149895 88.8078830311527 97.9560907914148 86.9461050568964 98.7550426429416 85.0130506451744 99.3615423773241 83.0285555500915 99.7693664865622 81.0129833767743 99.9743301434211 78.9870166232257 99.9743301434211 76.9714444499085 99.7693664865622 74.9869493548256 99.3615423773241 73.0538949431036 98.7550426429416 71.1921169688473 97.9560907914148 69.4207197934607 96.972885149895 67.7578803490467 95.815514738754 66.2206616184863 94.4958557445824 64.8248375461442 93.0274496544444 63.5847311758545 91.4253643018959 62.5130676771084 89.7060392506216 61.6208437675954 87.8871171022664 60.917214871999 85.9872624594672 60.4094011749501 84.0259704017732 60.1026135321621 82.0233664397486 60 80 60.1026135321621 77.9766335602514 60.4094011749501 75.9740295982268 60.917214871999 74.0127375405328 61.6208437675954 72.1128828977336 62.5130676771084 70.2939607493784 63.5847311758545 68.5746356981042 64.8248375461442 66.9725503455556 66.2206616184863 65.5041442554176 67.7578803490467 64.184485261246 69.4207197934608 63.027114850105 71.1921169688473 62.0439092085852 73.0538949431036 61.2449573570584 74.9869493548256 60.6384576226759 76.9714444499085 60.2306335134378 78.9870166232258 60.0256698565789 81.0129833767743 60.0256698565789 83.0285555500916 60.2306335134378 85.0130506451745 60.6384576226759 86.9461050568965 61.2449573570584 88.8078830311528 62.0439092085852 90.5792802065393 63.027114850105 92.2421196509533 64.1844852612461 93.7793383815138 65.5041442554177 95.1751624538559 66.9725503455557 96.4152688241456 68.5746356981043 97.4869323228917 70.2939607493785 98.3791562324047 72.1128828977338 99.082785128001 74.012737540533 99.5905988250499 75.974029598227 99.8973864678379 77.9766335602515 80 80 63 36 37 37 38 63 36 63 35 34 35 63 63 32 33 39 63 38 63 44 45 63 43 44 45 46 63 63 40 41 42 43 63 63 41 42 39 40 63 34 63 33 30 31 63 63 28 29 63 31 32 27 28 63 63 25 26 25 63 24 63 29 30 22 23 63 63 21 22 63 23 24 19 20 63 63 17 18 18 19 63 63 26 27 63 20 21 46 47 63 63 48 49 49 50 63 51 63 50 63 52 53 52 63 51 53 54 63 63 54 55 48 63 47 57 63 56 58 63 57 58 59 63 61 63 60 63 61 62 59 60 63 63 55 56 63 62 1 12 63 11 10 11 63 12 13 63 16 63 15 15 63 14 10 63 9 14 63 13 8 9 63 2 3 63 4 5 63 8 63 7 7 63 6 5 6 63 3 4 63 1 2 63 63 16 17 
126 124 1 0.500000002
180 0 200 180 -50 200 180 0 200 180 -50 200 182.023366439749 0 199.897386467838 184.025970401773 0 199.59059882505 185.987262459467 0 199.082785128001 187.887117102266 0 198.379156232405 189.706039250622 0 197.486932322892 191.425364301896 0 196.415268824146 193.027449654444 0 195.175162453856 194.495855744582 0 193.779338381514 195.815514738754 0 192.242119650953 196.972885149895 0 190.579280206539 197.956090791415 0 188.807883031153 198.755042642942 0 186.946105056896 199.361542377324 0 185.013050645174 199.769366486562 0 183.028555550092 199.974330143421 0 181.012983376774 199.974330143421 0 178.987016623226 199.769366486562 0 176.971444449908 199.361542377324 0 174.986949354826 198.755042642942 0 173.053894943104 197.956090791415 0 171.192116968847 196.972885149895 0 169.420719793461 195.815514738754 0 167.757880349047 194.495855744582 0 166.220661618486 193.027449654444 0 164.824837546144 191.425364301896 0 163.584731175854 189.706039250622 0 162.513067677108 187.887117102266 0 161.620843767595 185.987262459467 0 160.917214871999 184.025970401773 0 160.40940117495 182.023366439749 0 160.102613532162 180 0 160 177.976633560251 0 160.102613532162 175.974029598227 0 160.40940117495 174.012737540533 0 160.917214871999 172.112882897734 0 161.620843767595 170.293960749378 0 162.513067677108 168.574635698104 0 163.584731175854 166.972550345556 0 164.824837546144 165.504144255418 0 166.220661618486 164.184485261246 0 167.757880349047 163.027114850105 0 169.420719793461 162.043909208585 0 171.192116968847 161.244957357058 0 173.053894943104 160.638457622676 0 174.986949354826 160.230633513438 0 176.971444449909 160.025669856579 0 178.987016623226 160.025669856579 0 181.012983376774 160.230633513438 0 183.028555550092 160.638457622676 0 185.013050645174 161.244957357058 0 186.946105056896 162.043909208585 0 188.807883031153 163.027114850105 0 190.579280206539 164.184485261246 0 192.242119650953 165.504144255418 0 193.779338381514 166.972550345556 0 195.175162453856 168.574635698104 0 196.415268824146 170.293960749378 0 197.486932322892 172.112882897734 0 198.379156232405 174.012737540533 0 199.082785128001 175.974029598227 0 199.59059882505 177.976633560252 0 199.897386467838 182.023366439749 -50 199.897386467838 184.025970401773 -50 199.59059882505 185.987262459467 -50 199.082785128001 187.887117102266 -50 198.379156232405 189.706039250622 -50 197.486932322892 191.425364301896 -50 196.415268824146 193.027449654444 -50 195.175162453856 194.495855744582 -50 193.779338381514 195.815514738754 -50 192.242119650953 196.972885149895 -50 190.579280206539 197.956090791415 -50 188.807883031153 198.755042642942 -50 186.946105056896 199.361542377324 -50 185.013050645174 199.769366486562 -50 183.028555550092 199.974330143421 -50 181.012983376774 199.974330143421 -50 178.987016623226 199.769366486562 -50 176.971444449908 199.361542377324 -50 174.986949354826 198.755042642942 -50 173.053894943104 197.956090791415 -50 171.192116968847 196.972885149895 -50 169.420719793461 195.815514738754 -50 167.757880349047 194.495855744582 -50 166.220661618486 193.027449654444 -50 164.824837546144 191.425364301896 -50 163.584731175854 189.706039250622 -50 162.513067677108 187.887117102266 -50 161.620843767595 185.987262459467 -50 160.917214871999 184.025970401773 -50 160.40940117495 182.023366439749 -50 160.102613532162 180 -50 160 177.976633560251 -50 160.102613532162 175.974029598227 -50 160.40940117495 174.012737540533 -50 160.917214871999 172.112882897734 -50 161.620843767595 170.293960749378 -50 162.513067677108 168.574635698104 -50 163.584731175854 166.972550345556 -50 164.824837546144 165.504144255418 -50 166.220661618486 164.184485261246 -50 167.757880349047 163.027114850105 -50 169.420719793461 162.043909208585 -50 171.192116968847 161.244957357058 -50 173.053894943104 160.638457622676 -50 174.986949354826 160.230633513438 -50 176.971444449909 160.025669856579 -50 178.987016623226 160.025669856579 -50 181.012983376774 160.230633513438 -50 183.028555550092 160.638457622676 -50 185.013050645174 161.244957357058 -50 186.946105056896 162.043909208585 -50 188.807883031153 163.027114850105 -50 190.579280206539 164.184485261246 -50 192.242119650953 165.504144255418 -50 193.779338381514 166.972550345556 -50 195.175162453856 168.574635698104 -50 196.415268824146 170.293960749378 -50 197.486932322892 172.112882897734 -50 198.379156232405 174.012737540533 -50 199.082785128001 175.974029598227 -50 199.59059882505 177.976633560252 -50 199.897386467838 0 0 0 -50 6.28318530717959 0 6.28318530717959 -50 0.101341698502897 0 0.202683397005793 0 0.30402509550869 0 0.405366794011586 0 0.506708492514483 0 0.608050191017379 0 0.709391889520276 0 0.810733588023172 0 0.912075286526069 0 1.01341698502897 0 1.11475868353186 0 1.21610038203476 0 1.31744208053766 0 1.41878377904055 0 1.52012547754345 0 1.62146717604634 0 1.72280887454924 0 1.82415057305214 0 1.92549227155503 0 2.02683397005793 0 2.12817566856083 0 2.22951736706372 0 2.33085906556662 0 2.43220076406952 0 2.53354246257241 0 2.63488416107531 0 2.73622585957821 0 2.8375675580811 0 2.938909256584 0 3.0402509550869 0 3.14159265358979 0 3.24293435209269 0 3.34427605059559 0 3.44561774909848 0 3.54695944760138 0 3.64830114610428 0 3.74964284460717 0 3.85098454311007 0 3.95232624161297 0 4.05366794011586 0 4.15500963861876 0 4.25635133712166 0 4.35769303562455 0 4.45903473412745 0 4.56037643263035 0 4.66171813113324 0 4.76305982963614 0 4.86440152813904 0 4.96574322664194 0 5.06708492514483 0 5.16842662364773 0 5.26976832215063 0 5.37111002065352 0 5.47245171915642 0 5.57379341765932 0 5.67513511616221 0 5.77647681466511 0 5.87781851316801 0 5.97916021167091 0 6.0805019101738 0 6.1818436086767 0 0.101341698502897 -50 0.202683397005793 -50 0.30402509550869 -50 0.405366794011586 -50 0.506708492514483 -50 0.608050191017379 -50 0.709391889520276 -50 0.810733588023172 -50 0.912075286526069 -50 1.01341698502897 -50 1.11475868353186 -50 1.21610038203476 -50 1.31744208053766 -50 1.41878377904055 -50 1.52012547754345 -50 1.62146717604634 -50 1.72280887454924 -50 1.82415057305214 -50 1.92549227155503 -50 2.02683397005793 -50 2.12817566856083 -50 2.22951736706372 -50 2.33085906556662 -50 2.43220076406952 -50 2.53354246257241 -50 2.63488416107531 -50 2.73622585957821 -50 2.8375675580811 -50 2.938909256584 -50 3.0402509550869 -50 3.14159265358979 -50 3.24293435209269 -50 3.34427605059559 -50 3.44561774909848 -50 3.54695944760138 -50 3.64830114610428 -50 3.74964284460717 -50 3.85098454311007 -50 3.95232624161297 -50 4.05366794011586 -50 4.15500963861876 -50 4.25635133712166 -50 4.35769303562455 -50 4.45903473412745 -50 4.56037643263035 -50 4.66171813113324 -50 4.76305982963614 -50 4.86440152813904 -50 4.96574322664194 -50 5.06708492514483 -50 5.16842662364773 -50 5.26976832215063 -50 5.37111002065352 -50 5.47245171915642 -50 5.57379341765932 -50 5.67513511616221 -50 5.77647681466511 -50 5.87781851316801 -50 5.97916021167091 -50 6.0805019101738 -50 6.1818436086767 -50 2 66 5 66 67 6 68 69 8 70 71 10 69 70 9 67 68 7 72 73 12 74 75 14 73 74 13 76 77 16 78 79 18 77 78 17 75 76 15 71 72 11 80 81 20 82 83 22 81 82 21 84 85 24 86 87 26 85 86 25 83 84 23 88 89 28 90 91 30 89 90 29 92 93 32 94 95 34 93 94 33 91 92 31 87 88 27 79 80 19 1 2 5 6 67 7 66 6 5 8 69 9 10 71 11 70 10 9 68 8 7 12 73 13 14 75 15 74 14 13 16 77 17 18 79 19 78 18 17 76 16 15 72 12 11 20 81 21 22 83 23 82 22 21 85 25 24 24 23 84 25 86 26 27 26 87 19 80 20 27 88 28 29 90 30 89 29 28 31 92 32 33 94 34 93 33 32 91 31 30 96 35 34 34 95 96 97 98 37 98 99 38 100 101 40 102 103 42 101 102 41 99 100 39 104 105 44 106 107 46 105 106 45 108 109 48 110 111 50 109 110 49 107 108 47 103 104 43 112 113 52 114 115 54 113 114 53 116 117 56 118 119 58 117 118 57 115 116 55 120 121 60 122 123 62 121 122 61 124 125 64 126 4 3 125 126 65 123 124 63 119 120 59 111 112 51 36 35 97 38 37 98 36 97 37 40 39 100 42 41 102 40 101 41 38 99 39 44 43 104 46 45 106 44 105 45 48 47 108 50 49 110 48 109 49 46 107 47 42 103 43 52 51 112 54 53 114 52 113 53 56 55 116 58 57 118 56 117 57 54 115 55 60 59 120 62 61 122 60 121 61 64 63 124 3 65 126 64 125 65 62 123 63 58 119 59 50 111 51 97 35 96 

TShapes 4
Ve
1e-07
180 0 200
0 0

0101100
*
Ed
 1e-07 1 1 0
1  1 0 0 6.28318530717959
2  1 2 0 0 6.28318530717959
2  2 2 2 0 6.28318530717959
6  1 2 2
6  2 2 0
6  3 3 0
2  3 3 0 0 6.28318530717959
2  4 3 4 0 6.28318530717959
6  4 4 0
6  5 4 4
6  6 1 0
0

0101100
+4 0 -4 0 *
Wi

0101100
+3 0 *
Fa
0  1e-07 1 0
2  1
0111000
+2 0 *

+1 0 
0

