DBRep_DrawableShape

CASCADE Topology V1, (c) Matra-Datavision
Locations 1
1
              1               0              -0               0 
             -0               1               0               0 
              0               0               1               0 
Curve2ds 8
8 0 9.0054858974328393
1 2.2213230393482899 -0 0 -1 
8 0 9.0054858974328393
1 0 0 0 1 
1 0 6.24827872613539 1 0 
1 2.2213230393482899 -7.0741083400968003 1 0 
8 3.79211936614319 4.8775829836420996
1 -1.5707963267949001 0 1 0 
8 3.79211936614319 4.8775829836420996
2 -24 125 0 -1 1 0 108
8 0 9.0054858974328393
1 3.3067866568472 0 0 -1 
8 0 9.0054858974328393
1 0 -0 6.9388939039072299e-18 -1 
Curves 4
1 -65.405407942761997 -184 85.942612316829695 0.021135329237441203 0.99939082715854322 -0.027771792333006608 
2 0 -176.930201014582 0 0 -1 -0 -0.6056056290996481 -0 0.7957649288595342 -0.7957649288595342 0 -0.6056056290996481 107.75311720756
8 1.5707963267949001 7.8539816339744801
2 0 -184 0 0 -1 -0 0 0 -1 1 0 0 108
1 -106.529738899996 -184 -17.759919197416799 0.034424387463502112 0.99939082715854333 0.0057390015791392414 
Polygon3D 0
PolygonOnTriangulations 8
2 1 2 
p 1.11597833011309 1 0 7.0741083400968 
2 1 2 
p 1.11597833011309 1 0 7.0741083400968 
7 2 4 5 6 7 8 3 
p 1.11597833011309 1 -8.88178419700125e-16 0.203536806004125 0.407073612008251 0.610610418012377 0.814147224016503 0.949805420757705 1.08546361749891 
7 2 12 13 14 15 16 17 
p 1.11597833011309 1 -8.88178419700125e-16 0.203536806004125 0.407073612008251 0.610610418012377 0.814147224016503 0.949805420757705 1.08546361749891 
6 1 3 4 5 6 2 
p 1.11597833011309 1 3.79211936614319 4.00921208964297 4.22630481314275 4.44339753664253 4.66049026014231 4.8775829836421 
6 1 9 10 11 12 13 
p 1.11597833011309 1 3.79211936614319 4.00921208964297 4.22630481314275 4.44339753664253 4.66049026014231 4.8775829836421 
2 1 2 
p 1.11597833011309 1 0 7.0741083400968 
2 13 3 
p 1.11597833011309 1 0 7.0741083400968 
Surfaces 5
10 0 6.2831853071795898 -27 18
3 0 -184 0 0 -1 -0 1 0 0 0 -0 1 108
0.034906581044197103
10 0 6.2831853071795898 -18 27
3 -59.349351651765502 -184 77.984963028234304 -0 1 0 -0.60560562909964699 -0 0.79576492885953498 0.79576492885953498 0 0.60560562909964699 10
-0.034906581044197103
5 0 -177 0 0 -1 -0 -0.6056056290996481 -0 0.7957649288595342 -0.7957649288595342 0 -0.6056056290996481 105.754335553243 2
1 24 -184 -125 0 -1 -0 1 0 0 0 -0 1 
1 -106.529738899996 -184 -17.759919197416799 -0.98578559144676114 0.034899492709245507 -0.16434352163866003 0.16444369627237795 6.9388939039072284e-18 -0.98638647129625523 -0.034424387463502057 -0.99939082715854322 -0.0057390015791392432 
Triangulations 5
13 11 1 1.11597833011309
-65.405407942762 -184 85.9426123168297 -65.2558943339327 -176.930201014582 85.7461516490673 -106.286217053537 -176.930201014582 -17.719320878482 -81.2411145053343 -176.930201014582 70.7857018180749 -93.8723431325834 -176.930201014582 52.9029059952737 -102.628107384269 -176.930201014582 32.836044869459 -107.146930692258 -176.930201014582 11.4135669785845 -107.706120661236 -176.930201014582 -3.18211251427231 -82.381505963869 -184 69.837579247315 -95.490249996024 -184 50.454059853463 -104.1162573398 -184 28.702002674945 -107.854584876965 -184 5.60254594069966 -106.529738899996 -184 -17.7599191974168 2.22132303934829 0 2.22132303934829 -7.0741083400968 3.3067866568472 -7.0741083400968 2.42485984535242 -7.0741083400968 2.62839665135654 -7.0741083400968 2.83193345736067 -7.0741083400968 3.0354702633648 -7.0741083400968 3.171128460106 -7.0741083400968 2.43841576284807 0 2.65550848634785 0 2.87260120984764 0 3.08969393334742 0 3.3067866568472 0 1 2 4 9 1 4 9 4 5 5 6 10 7 11 6 12 7 8 8 3 13 10 9 5 6 11 10 11 7 12 12 8 13 
5 3 1 1.11597833011309
-65.405407942762 -184 85.9426123168297 -65.2558943339327 -176.930201014582 85.7461516490673 -61.0429626326633 -176.930201014582 87.5899084788755 -63.2596513509466 -176.930201014582 86.919886168754 -61.0858333784333 -184 87.833040567173 0 0 0 7.0741083400968 0.475993792431248 7.0741083400968 0.237996896215624 7.0741083400968 0.475993792431248 0 5 4 1 2 1 4 4 5 3 
137 251 1 1.11597833011309
-64.0454209127372 -175 84.155591308114 -65.2558943339327 -176.930201014582 85.7461516490673 -64.4446581200002 -175.11177132851 84.6801884263874 -64.7992720542168 -175.434592484164 85.1461506278187 -65.0696270448512 -175.932381317523 85.5013966981184 -65.2028915753864 -176.410865159697 85.6765061002858 -80.6685317137455 -175 68.385433240248 -93.5047031494686 -175 49.4049590348755 -101.951348289454 -175 28.1051964994094 -105.611944074391 -175 5.48605114227044 -104.314645870644 -175 -17.3906338352047 -81.2411145053343 -176.930201014582 70.7857018180749 -93.8723431325834 -176.930201014582 52.9029059952737 -102.628107384269 -176.930201014582 32.836044869459 -107.146930692258 -176.930201014582 11.4135669785845 -107.706120661236 -176.930201014582 -3.18211251427231 -106.286217053537 -176.930201014582 -17.719320878482 -104.964907627074 -175.11177132851 -17.4990410872136 -105.542488763109 -175.434592484164 -17.5953315166453 -105.982832267851 -175.932381317523 -17.6687426142794 -106.199888258924 -176.410865159697 -17.7049287243983 -67.4311687726489 -175.093618664897 82.2513853034731 -70.3624152112955 -175.093618664897 79.7582812754832 -73.2015570349347 -175.093618664897 77.1607734152987 -75.9448777983046 -175.093618664897 74.4622618685898 -78.5887864862021 -175.093618664897 71.6662789951592 -81.1298222141326 -175.093618664897 68.7764847450717 -83.5646587586182 -175.093618664897 65.7966618677692 -85.8901089112341 -175.093618664897 62.7307109604395 -88.1031286506747 -175.093618664897 59.582645362123 -90.2008211273863 -175.093618664897 56.3565859002399 -92.1804404555519 -175.093618664897 53.0567554964145 -94.0393953074643 -175.093618664897 49.6874736386577 -95.775252305582 -175.093618664897 46.2531507271447 -97.3857392078273 -175.093618664897 42.758282300987 -98.8687478819587 -175.093618664897 39.2074431535588 -100.222337065122 -175.093618664897 35.6052813440781 -101.444734904969 -175.093618664897 31.9565121132833 -102.534341279019 -175.093618664897 28.2659117111688 -103.489729889221 -175.093618664897 24.538311144859 -104.309650128987 -175.093618664897 20.7785898548057 -104.993028720234 -175.093618664897 16.9916693275853 -105.538971118313 -175.093618664897 13.1825066536585 -105.946762682969 -175.093618664897 9.3560880385233 -106.215869613805 -175.093618664897 5.51742227575711 -106.345939649033 -175.093618664897 1.6715341904908 -106.336802526583 -175.093618664897 -2.17654193810267 -106.188470206975 -175.093618664897 -6.02176896669504 -105.901136857665 -175.093618664897 -9.85911348143855 -105.475178598881 -175.093618664897 -13.68355238672 -67.7786774293568 -175.365710205172 82.6752704138668 -70.7250301390485 -175.365710205172 80.1693180955748 -73.5788035696922 -175.365710205172 77.5584238966435 -76.3362621232079 -175.365710205172 74.8460054855012 -78.9937962779825 -175.365710205172 72.0356134260782 -81.5479273137437 -175.365710205172 69.1309265301078 -83.9953118652158 -175.365710205172 66.1357470415502 -86.3327462985952 -175.365710205172 63.053995659444 -88.5571709051161 -175.365710205172 59.8897064056992 -90.6656739062192 -175.365710205172 56.64702134455 -92.6554952650784 -175.365710205172 53.3301851605806 -94.5240302994974 -175.365710205172 49.9435396024199 -96.2688330914465 -175.365710205172 46.4915177993793 -97.8876196887769 -175.365710205172 42.9786384584733 -99.378271094921 -175.365710205172 39.409499949418 -100.738836042665 -175.365710205172 35.7887742853513 -101.967533548364 -175.365710205172 32.1212010071537 -103.062755243256 -175.365710205172 28.4115809793745 -104.023067478817 -175.365710205172 24.664770105886 -104.847213203419 -175.365710205172 20.8856729734903 -105.534113607807 -175.365710205172 17.0792364318003 -106.082869537267 -175.365710205172 13.2504431177987 -106.492762668623 -175.365710205172 9.40430493355102 -106.763256450521 -175.365710205172 5.54585648561046 -106.893996805782 -175.365710205172 1.6801484947028 -106.884812594883 -175.365710205172 -2.18775881568236 -106.735715839983 -175.365710205172 -6.05280234313964 -106.446901709189 -175.365710205172 -9.90992273396413 -106.018748261072 -175.365710205172 -13.7540710058609 -68.0577591814282 -175.790801774094 83.0156895573965 -71.0162436308887 -175.790801774094 80.4994188677506 -73.8817676019567 -175.790801774094 77.877774194553 -76.6505801150592 -175.790801774094 75.1541872786354 -79.3190567862155 -175.790801774094 72.3322233035348 -81.8837045713663 -175.790801774094 69.4155762286572 -84.3411663387789 -175.790801774094 66.4080639538734 -86.6882252635435 -175.790801774094 63.3136233218764 -88.9218090384059 -175.790801774094 60.1363049648429 -91.0389938954276 -175.790801774094 56.8802680021429 -93.0370084332068 -175.790801774094 53.5497745960402 -94.9132372446511 -175.790801774094 50.1491843725088 -96.6652243405534 -175.790801774094 46.6829487144696 -98.2906763644891 -175.790801774094 43.1556049349162 -99.7874655948271 -175.790801774094 39.5717703375589 -101.153632729923 -175.790801774094 35.9361361727599 -102.387389452852 -175.790801774094 32.2534614966721 -103.48712077232 -175.790801774094 28.5285669416207 -104.451387136693 -175.790801774094 24.7663284058804 -105.278926318375 -175.790801774094 20.97167067111 -105.968655066065 -175.790801774094 17.1495609557983 -106.51967052274 -175.790801774094 13.3050024131596 -106.931251407496 -175.790801774094 9.44302758199167 -107.202858959705 -175.790801774094 5.56869179906658 -107.334137644257 -175.790801774094 1.68706658167981 -107.324915616956 -175.790801774094 -2.19676701098135 -107.175204949464 -175.790801774094 -6.07772502895962 -106.885201613499 -175.790801774094 -9.95072728643375 -106.455285224307 -175.790801774094 -13.8107040116971 -68.2422867678371 -176.329096866522 83.2407731483397 -71.2087926685099 -176.329096866522 80.717679998438 -74.0820860435156 -176.329096866522 78.0889271605023 -76.8584057431081 -176.329096866522 75.3579556799735 -79.5341175563766 -176.329096866522 72.5283404068061 -82.1057189684389 -176.329096866522 69.6037853159784 -84.5698437452437 -176.329096866522 66.5881186589781 -86.9232663399814 -176.329096866522 63.4852879526093 -89.1629061153348 -176.329096866522 60.2993548116815 -91.2858313760423 -176.329096866522 57.0344896323431 -93.2892632064961 -176.329096866522 53.69496613302 -95.1705791083514 -176.329096866522 50.2851557601058 -96.9273164333842 -176.329096866522 46.8095219657248 -98.5571756071058 -176.329096866522 43.2726143650597 -100.058023138912 -176.329096866522 39.6790627808916 -101.427894414831 -176.329096866522 36.0335711831478 -102.664996269205 -176.329096866522 32.3409115313911 -103.767709331953 -176.329096866522 28.60591752831 -104.73459014833 -176.329096866522 24.8334782923873 -105.564373068414 -176.329096866522 21.0285319580294 -106.255971903844 -176.329096866522 17.1960592115329 -106.808481349647 -176.329096866522 13.3410767713518 -107.221178169282 -176.329096866522 9.46863082119696 -107.493522141359 -176.329096866522 5.58379040456721 -107.625156766793 -176.329096866522 1.69164078935535 -107.61590973546 -176.329096866522 -2.20272318878259 -107.465793151751 -176.329096866522 -6.09420379558286 -107.175003518731 -176.329096866522 -9.97770707112345 -106.74392148091 -176.329096866522 -13.8481494978333 -8.88178419700125e-16 4.71238898038468 -8.88178419700125e-16 6.24827872613538 -8.88178419700125e-16 5.04828806778036 -8.88178419700125e-16 5.38418715517604 -8.88178419700125e-16 5.72008624257172 -8.88178419700125e-16 5.98418248435355 0.21709272349978 4.71238898038468 0.434185446999562 4.71238898038468 0.651278170499344 4.71238898038468 0.868370893999125 4.71238898038468 1.08546361749891 4.71238898038468 0.203536806004125 6.24827872613539 0.407073612008251 6.24827872613539 0.610610418012377 6.24827872613539 0.814147224016503 6.24827872613539 0.949805420757705 6.24827872613539 1.08546361749891 6.24827872613539 1.08546361749891 5.04828806778036 1.08546361749891 5.38418715517604 1.08546361749891 5.72008624257173 1.08546361749891 5.98418248435357 0.036182120583296 5.01956692953482 0.0723642411665929 5.01956692953482 0.10854636174989 5.01956692953482 0.144728482333187 5.01956692953482 0.180910602916484 5.01956692953482 0.217092723499781 5.01956692953482 0.253274844083078 5.01956692953482 0.289456964666374 5.01956692953482 0.325639085249671 5.01956692953482 0.361821205832968 5.01956692953482 0.398003326416265 5.01956692953482 0.434185446999562 5.01956692953482 0.470367567582859 5.01956692953482 0.506549688166156 5.01956692953482 0.542731808749453 5.01956692953482 0.57891392933275 5.01956692953482 0.615096049916047 5.01956692953482 0.651278170499344 5.01956692953482 0.687460291082641 5.01956692953482 0.723642411665938 5.01956692953482 0.759824532249235 5.01956692953482 0.796006652832531 5.01956692953482 0.832188773415828 5.01956692953482 0.868370893999125 5.01956692953482 0.904553014582422 5.01956692953482 0.940735135165719 5.01956692953482 0.976917255749016 5.01956692953482 1.01309937633231 5.01956692953482 1.04928149691561 5.01956692953482 0.036182120583296 5.32674487868497 0.0723642411665929 5.32674487868497 0.10854636174989 5.32674487868497 0.144728482333187 5.32674487868497 0.180910602916484 5.32674487868497 0.217092723499781 5.32674487868497 0.253274844083078 5.32674487868497 0.289456964666374 5.32674487868497 0.325639085249671 5.32674487868497 0.361821205832968 5.32674487868497 0.398003326416265 5.32674487868497 0.434185446999562 5.32674487868497 0.470367567582859 5.32674487868497 0.506549688166156 5.32674487868497 0.542731808749453 5.32674487868497 0.57891392933275 5.32674487868497 0.615096049916047 5.32674487868497 0.651278170499344 5.32674487868497 0.687460291082641 5.32674487868497 0.723642411665938 5.32674487868497 0.759824532249235 5.32674487868497 0.796006652832531 5.32674487868497 0.832188773415828 5.32674487868497 0.868370893999125 5.32674487868497 0.904553014582422 5.32674487868497 0.940735135165719 5.32674487868497 0.976917255749016 5.32674487868497 1.01309937633231 5.32674487868497 1.04928149691561 5.32674487868497 0.036182120583296 5.63392282783511 0.0723642411665929 5.63392282783511 0.10854636174989 5.63392282783511 0.144728482333187 5.63392282783511 0.180910602916484 5.63392282783511 0.217092723499781 5.63392282783511 0.253274844083078 5.63392282783511 0.289456964666374 5.63392282783511 0.325639085249671 5.63392282783511 0.361821205832968 5.63392282783511 0.398003326416265 5.63392282783511 0.434185446999562 5.63392282783511 0.470367567582859 5.63392282783511 0.506549688166156 5.63392282783511 0.542731808749453 5.63392282783511 0.57891392933275 5.63392282783511 0.615096049916047 5.63392282783511 0.651278170499344 5.63392282783511 0.687460291082641 5.63392282783511 0.723642411665938 5.63392282783511 0.759824532249235 5.63392282783511 0.796006652832531 5.63392282783511 0.832188773415828 5.63392282783511 0.868370893999125 5.63392282783511 0.904553014582422 5.63392282783511 0.940735135165719 5.63392282783511 0.976917255749016 5.63392282783511 1.01309937633231 5.63392282783511 1.04928149691561 5.63392282783511 0.036182120583296 5.94110077698525 0.0723642411665929 5.94110077698525 0.10854636174989 5.94110077698525 0.144728482333187 5.94110077698525 0.180910602916484 5.94110077698525 0.217092723499781 5.94110077698525 0.253274844083078 5.94110077698525 0.289456964666374 5.94110077698525 0.325639085249671 5.94110077698525 0.361821205832968 5.94110077698525 0.398003326416265 5.94110077698525 0.434185446999562 5.94110077698525 0.470367567582859 5.94110077698525 0.506549688166156 5.94110077698525 0.542731808749453 5.94110077698525 0.57891392933275 5.94110077698525 0.615096049916047 5.94110077698525 0.651278170499344 5.94110077698525 0.687460291082641 5.94110077698525 0.723642411665938 5.94110077698525 0.759824532249235 5.94110077698525 0.796006652832531 5.94110077698525 0.832188773415828 5.94110077698525 0.868370893999125 5.94110077698525 0.904553014582422 5.94110077698525 0.940735135165719 5.94110077698525 0.976917255749016 5.94110077698525 1.01309937633231 5.94110077698525 1.04928149691561 5.94110077698525 29 57 28 1 23 22 31 30 8 28 27 7 30 31 59 28 7 29 55 26 27 63 34 35 3 22 23 60 31 32 25 53 24 30 29 7 54 82 53 24 1 7 29 30 58 26 7 27 10 47 46 26 25 7 53 3 24 26 54 25 82 5 81 1 22 3 6 12 2 24 7 25 51 52 4 35 36 64 110 6 109 8 32 31 58 59 87 33 32 8 61 32 33 10 42 9 62 33 34 3 52 51 85 56 57 91 92 120 23 1 24 115 12 114 23 24 3 128 129 15 36 8 9 17 16 21 30 7 8 34 33 8 34 8 35 55 56 84 82 4 53 36 35 8 37 36 9 61 62 90 59 60 88 9 38 37 39 38 9 83 112 5 81 80 4 9 40 39 41 40 9 114 85 86 113 84 85 9 42 41 10 43 42 111 112 12 88 89 117 43 10 44 13 12 116 44 10 45 11 48 10 13 117 118 10 46 45 14 123 124 13 120 121 10 48 47 11 49 48 11 18 50 18 48 49 18 49 50 49 11 50 3 51 4 56 27 28 36 37 65 52 53 4 53 52 3 58 86 57 53 25 54 38 66 37 54 26 55 60 61 89 56 55 27 38 39 67 57 56 28 91 62 63 29 58 57 68 39 40 30 59 58 80 81 5 59 31 60 41 69 40 60 32 61 112 83 84 62 61 33 41 42 70 63 62 34 42 43 71 64 63 35 87 115 86 36 65 64 72 43 44 37 66 65 110 111 6 66 38 67 45 73 44 67 39 68 116 12 115 69 68 40 45 46 74 70 69 41 46 47 75 71 70 42 13 119 120 43 72 71 76 47 48 44 73 72 77 48 18 13 122 14 45 74 73 74 46 75 127 128 14 76 75 47 77 19 106 48 77 76 18 19 79 19 77 78 77 18 78 19 78 79 78 18 79 4 80 5 54 55 83 63 64 92 5 82 83 81 4 82 64 65 93 83 82 54 65 66 94 84 83 55 66 67 95 85 84 56 68 96 67 86 85 57 110 109 5 58 87 86 97 68 69 59 88 87 114 12 113 88 60 89 70 98 69 89 61 90 71 99 70 90 62 91 116 117 13 92 91 63 71 72 100 93 92 64 118 119 13 65 94 93 101 72 73 66 95 94 13 121 122 95 67 96 74 102 73 96 68 97 75 103 74 97 69 98 14 122 123 99 98 70 75 76 104 100 99 71 77 105 76 125 126 14 101 100 72 73 102 101 129 130 15 102 74 103 132 15 131 104 103 75 134 105 20 105 104 76 19 20 108 20 105 106 77 106 105 20 106 107 106 19 107 20 107 108 107 19 108 5 109 6 88 116 87 89 90 118 111 12 6 111 110 5 12 112 113 112 111 5 119 90 91 113 112 84 92 93 121 114 113 85 94 122 93 115 114 86 94 95 123 116 115 87 95 96 124 117 116 88 96 97 125 118 117 89 97 98 126 119 118 90 98 99 127 120 119 91 99 100 128 121 120 92 100 101 129 122 121 93 125 14 124 94 123 122 130 101 102 95 124 123 126 127 14 124 96 125 103 131 102 125 97 126 14 128 15 127 126 98 103 104 132 128 127 99 105 133 104 131 15 130 129 128 100 101 130 129 15 132 16 102 131 130 16 132 133 131 103 132 16 133 134 133 132 104 20 21 137 134 135 16 105 134 133 16 135 21 134 20 135 21 135 136 135 20 136 21 136 137 136 20 137 
54 52 1 1.11597833011309
-65.405407942762 -184 85.9426123168297 -106.529738899996 -184 -17.7599191974168 -82.381505963869 -184 69.837579247315 -95.490249996024 -184 50.454059853463 -104.1162573398 -184 28.702002674945 -107.854584876965 -184 5.60254594069966 -61.0858333784333 -184 87.833040567173 -89.8502511842588 -184 -117.808880658996 -42.2635182733322 -184 91.1519224610613 -74.9104001814676 -184 -126.211521596915 -88.532316947592 -184 -121.489529452572 -86.0103072138462 -184 -124.476767825504 -82.6027898758531 -184 -126.393262486363 -78.7401858013941 -184 -126.996931234767 -34.0714962283075 -184 99.8063447501531 -38.3529938223822 -184 92.7470416679868 -35.4497036573732 -184 95.8142085991372 -38.7178180168476 -184 -111.716798548259 -32.914204526031 -184 109.432386299816 -30.6603854654109 -184 -111.99068561481 -34.6602776741589 -184 -111.005772228865 -9.00731007409748 -184 108.418793912511 -9.98636764407169 -184 112.764441449787 -12.4831042302223 -184 116.453548748706 -16.1534694227243 -184 118.977756663523 -20.4916867389109 -184 119.989229234133 -24.899949644515 -184 119.348585496451 -28.7707993200108 -184 117.144106185304 -31.5708325122825 -184 113.679568645353 18.7924625584931 -184 -135.811177262227 -8.74092780964729 -184 100.790603043745 27.6606635665612 -184 -136.428015674318 23.1673373414732 -184 -136.97107651371 -2.74458284669603 -184 95 -8.22585559986501 -184 98.5595801579713 -6.91253307807279 -184 96.683961206295 -4.99222241274861 -184 95.4368968748445 95.0512309652973 -184 -104.186000424811 62.4559001156097 -184 -122.606071742643 66.0277992443886 -184 95 99.7284462887095 -184 -97.4290821785758 98.044522001396 -184 -101.260720546891 72.0185328295924 -184 100.666666666667 68.2466510126187 -184 95.4253523133186 70.1509048700062 -184 96.6411010564593 71.4705678887559 -184 98.4748723826524 123.72844628871 -184 8.57091782142428 87.7771090655007 -184 111.390059135374 83.4376440511031 -184 111.986815915277 79.1731093555771 -184 110.986406451009 75.5517268412531 -184 108.522128879288 73.0560224724896 -184 104.922332361528 123.61391198477 -184 13.8887492759953 98 -184 108 -89.405407942762 210.94261231683 -130.529738899996 107.240080802583 -106.381505963869 194.837579247315 -119.490249996024 175.454059853463 -128.1162573398 153.702002674945 -131.854584876965 130.6025459407 -85.0858333784333 212.833040567173 -113.850251184259 7.19111934100383 -66.2635182733322 216.151922461061 -98.9104001814676 -1.21152159691492 -112.532316947592 3.51047054742838 -110.010307213846 0.523232174496197 -106.602789875853 -1.39326248636348 -102.740185801394 -1.99693123476739 -58.0714962283075 224.806344750153 -62.3529938223822 217.747041667987 -59.4497036573732 220.814208599137 -62.7178180168476 13.2832014517408 -56.914204526031 234.432386299816 -54.6603854654109 13.0093143851895 -58.6602776741589 13.994227771135 -33.0073100740975 233.418793912511 -33.9863676440717 237.764441449787 -36.4831042302223 241.453548748706 -40.1534694227243 243.977756663523 -44.4916867389109 244.989229234134 -48.899949644515 244.348585496451 -52.7707993200108 242.144106185304 -55.5708325122825 238.679568645353 -5.20753744150694 -10.8111772622274 -32.7409278096473 225.790603043745 3.6606635665612 -11.4280156743177 -0.8326626585268 -11.9710765137098 -26.744582846696 220 -32.225855599865 223.559580157971 -30.9125330780728 221.683961206295 -28.9922224127486 220.436896874845 71.0512309652973 20.8139995751891 38.4559001156097 2.39392825735735 42.0277992443886 220 75.7284462887096 27.5709178214242 74.044522001396 23.7392794531089 48.0185328295924 225.666666666667 44.2466510126187 220.425352313319 46.1509048700062 221.641101056459 47.4705678887559 223.474872382652 99.7284462887096 133.570917821424 63.7771090655007 236.390059135374 59.4376440511031 236.986815915277 55.1731093555771 235.986406451009 51.5517268412531 233.522128879288 49.0560224724896 229.922332361528 99.6139119847696 138.888749275995 74 233 51 52 43 18 8 10 9 3 4 5 9 4 9 5 6 2 34 6 7 1 3 3 9 7 13 8 12 34 2 20 2 8 18 8 11 12 13 14 8 8 14 10 31 19 15 19 25 29 9 6 34 20 2 21 9 34 37 28 25 27 9 37 16 17 35 15 2 18 21 22 23 25 43 50 51 23 24 25 25 19 22 25 26 27 29 25 28 32 39 30 20 30 39 19 31 22 36 17 16 32 30 33 20 41 47 15 35 31 17 36 35 36 16 37 41 20 39 38 41 39 50 48 49 47 34 20 41 38 42 44 53 45 53 34 47 40 34 53 44 40 53 46 45 54 46 48 43 48 50 43 53 54 45 54 48 46 
4 2 1 1.11597833011309
-106.529738899996 -184 -17.7599191974168 -106.286217053537 -176.930201014582 -17.719320878482 -89.6067293378005 -176.930201014582 -117.768282340061 -89.8502511842588 -184 -117.808880658996 0 0 4.90864872366769e-17 -7.0741083400968 101.429778664848 -7.07410834009681 101.429778664848 0 2 3 4 4 1 2 

TShapes 10
Ve
1e-07
-65.2558943339327 -176.930201014582 85.7461516490673
0 0

0101100
*
Ve
1e-07
-65.405407942762 -184 85.9426123168297
0 0

0101100
*
Ed
 1e-07 1 1 0
1  1 0 0 7.0741083400968
2  1 1 0 0 7.0741083400968
2  2 2 0 0 7.0741083400968
4 G1 1 0 2 0
6  1 1 0
6  2 2 0
0

0101000
-10 0 +9 0 *
Ve
1e-07
-106.286217053537 -176.930201014582 -17.719320878482
0 0

0101100
*
Ed
 1e-07 1 1 0
1  2 0 -8.88178419700125e-16 1.08546361749891
2  3 3 0 -8.88178419700125e-16 1.08546361749891
2  4 1 0 -8.88178419700125e-16 1.08546361749891
4 G1 3 0 1 0
6  3 1 0
6  4 3 0
0

0101100
+10 0 -7 0 *
Ve
1e-07
-106.529738899996 -184 -17.7599191974168
0 0

0101100
*
Ed
 1e-07 1 1 0
1  3 0 3.79211936614319 4.8775829836421
2  5 1 0 3.79211936614319 4.8775829836421
2  6 4 0 3.79211936614319 4.8775829836421
6  5 4 0
6  6 1 0
0

0101000
+9 0 -5 0 *
Ed
 1e-07 1 1 0
1  4 0 0 7.0741083400968
2  7 1 0 0 7.0741083400968
2  8 5 0 0 7.0741083400968
4 G1 1 0 5 0
6  7 5 0
6  8 1 0
0

0101000
-7 0 +5 0 *
Wi

0101100
+8 0 +6 0 -4 0 -3 0 *
Fa
0  1e-07 1 0
2  1
0111000
+2 0 *

+1 1 
0

