DBRep_DrawableShape

CASCADE Topology V1, (c) Matra-Datavision
Locations 2
1
              1               0              -0               0 
             -0               1               0               0 
              0               0               1            -300 
2  1 -1 0
Curve2ds 7
1 0 0 0 -1 
1 1 0 0 -1 
1 1 0 0 -1 
1 1 0 0 -1 
6 0 1 0 1  1 1  
1 0 0 1 0 
1 0 -300 1 0 
Curves 3
1 -140.714116150552 -140.71408270874801 91.500010000000202 0 0 -1 
1 -138.59280522151099 -138.59278823422801 88.5 0 0 -1 
6 0 5 -140.714082708749 -140.714116150552 91.500010000000103  -140.714082708749 -140.714116150552 90.529719999999998  -140.42073427333699 -140.420744120628 89.629720000000006  -139.915273649689 -139.91530095711499 88.914860000000004  -139.27889209151499 -139.27890053873401 88.500010000000003  -138.59278823422801 -138.59280522151099 88.5  
Polygon3D 0
PolygonOnTriangulations 0
Surfaces 4
6 -0 -0 1 
6 0 5 -140.714082708749 -140.714116150552 91.500010000000103  -140.714082708749 -140.714116150552 90.529719999999998  -140.42073427333699 -140.420744120628 89.629720000000006  -139.915273649689 -139.91530095711499 88.914860000000004  -139.27889209151499 -139.27890053873401 88.500010000000003  -138.59278823422801 -138.59280522151099 88.5  
6 -0 -0 1 
6 0 2 -140.714116150552 -140.71408270874801 92.500020000000404  -140.714116150552 -140.71408270874801 92.000020000000404  -140.714116150552 -140.71408270874801 91.500010000000401  
6 -0 -0 1 
6 0 5 -134.81896028095099 -134.81900332215 88.403675343809198  -135.504548280526 -135.504590347706 88.447565046544696  -136.22236192056999 -136.222401300591 88.476693909725299  -136.974658496073 -136.97469309948099 88.493278899106301  -137.763902712564 -137.76393001714101 88.499987918949699  -138.59278823422801 -138.59280522151099 88.5  
8 0 0 5 6 -76.153943693821702 -183.85182190142601 91.500010000000103  -88.187017298709605 -178.86755794204299 91.500010000000103  -99.828627727638803 -172.938218591729 91.500010000000103  -110.985993600569 -166.102234869798 91.500010000000103  -121.571356286172 -158.410188101665 91.500010000000103  -131.50440097358501 -149.92380007447699 91.500010000000103  -140.714116150552 -140.714082708749 91.500010000000103  
-76.153943693821702 -183.85182190142601 90.529719999999998  -88.187017298709605 -178.86755794204299 90.529719999999998  -99.828627727638803 -172.938218591729 90.529719999999998  -110.985993600569 -166.102234869798 90.529719999999998  -121.571356286172 -158.410188101665 90.529719999999998  -131.50440097358501 -149.92380007447699 90.529719999999998  -140.714116150552 -140.714082708749 90.529719999999998  
-75.995162866106199 -183.46853467068399 89.629720000000006  -88.003150380404193 -178.49466289217301 89.629720000000006  -99.620490918720606 -172.57768597968001 89.629720000000006  -110.75459652807901 -165.75595482391401 89.629720000000006  -121.317891531794 -158.079945291196 89.629720000000006  -131.23022855386199 -149.61125048460701 89.629720000000006  -140.420744120628 -140.42073427333699 89.629720000000006  
-75.721625678871902 -182.808125221327 88.914860000000004  -87.686389495785306 -177.85215640985601 88.914860000000004  -99.261912432460306 -171.956477245656 88.914860000000004  -110.355939813554 -165.15930057914201 88.914860000000004  -120.881211198816 -157.51092059153399 88.914860000000004  -130.75786771080601 -149.072708683266 88.914860000000004  -139.91530095711499 -139.915273649689 88.914860000000004  
-75.377201036823607 -181.97664542839701 88.500010000000003  -87.287544628548005 -177.043219157034 88.500010000000003  -98.810417826993799 -171.174356687433 88.500010000000003  -109.85398556561999 -164.408097056424 88.500010000000003  -120.331384296379 -156.794505681223 88.500010000000003  -130.16311836800801 -148.39467481510999 88.500010000000003  -139.27890053873401 -139.27889209151499 88.500010000000003  
-75.005892194954697 -181.080210806548 88.5  -86.857564277878495 -176.171086642056 88.5  -98.323674650534102 -170.33113432885199 88.5  -109.312840634834 -163.59820552309299 88.5  -119.738626581434 -156.02211901820101 88.5  -129.52192844323599 -147.66366612431699 88.5  -138.59280522151099 -138.59278823422801 88.5  

Triangulations 0

TShapes 7
Ve
0.0011
-140.714116150552 -140.714082708748 91.5000100000002
0 0

0101100
*
Ed
 0.0011 1 1 0
1  1 0 0 300
2  1 1 0 0 300
2  2 2 0 0 300
0

0101000
+7 0 -7 1 *
Ve
0.0011
-138.592805221511 -138.592788234228 88.5
0 0

0101100
*
Ed
 0.0011 1 1 0
1  2 0 0 300
2  3 1 0 0 300
2  4 3 0 0 300
0

0101000
+5 0 -5 1 *
Ed
 0.001 1 1 0
1  3 0 0 1
2  5 4 0 0 1
2  6 1 0 0 1
2  7 1 2 0 1
0

0101000
+7 0 -5 0 *
Wi

0101000
+6 0 -4 0 -3 0 +3 1 *
Fa
0  0.001 1 0

0111000
+2 0 *

+1 0 
0

