DBRep_DrawableShape

CASCADE Topology V1, (c) Matra-Datavision
Locations 1
1
              1               0              -0               0 
             -0               1               0               0 
              0               0               1             -20 
Curve2ds 4
1 0 90 1 0 
1 6.2831853071795898 -0 0 1 
1 0 -0 0 1 
1 0 0 1 0 
Curves 3
2 0 0 90 0 0 1 1 0 -0 -0 1 0 26
1 26 8.6002392293246796e-14 0 0 0 1 
2 0 0 0 0 0 1 1 0 -0 -0 1 0 26
Polygon3D 0
PolygonOnTriangulations 0
Surfaces 1
2 0 0 0 0 0 1 1 0 -0 -0 1 0 26
Triangulations 0

TShapes 7
Ve
1e-07
26 8.60023922932468e-14 70
0 0

0101100
*
Ed
 1e-07 1 1 0
2  1 1 1 0 6.28318530717959
1  1 1 0 6.28318530717959
0

0101100
+7 0 -7 0 *
Ve
1e-07
26 8.60023922932468e-14 -20
0 0

0101100
*
Ed
 1e-07 1 1 0
1  2 1 0 90
3  2 3C0 1 1 0 90
0

0101000
+5 0 -7 0 *
Ed
 1e-07 1 1 0
2  4 1 1 0 6.28318530717959
1  3 1 0 6.28318530717959
0

0101100
+5 0 -5 0 *
Wi

0101000
-6 0 +4 0 +3 0 -4 0 *
Fa
0  1e-07 1 1

1111000
+2 0 *

+1 0 
0

