DBRep_DrawableShape

CASCADE Topology V1, (c) Matra-Datavision
Locations 3
1
0.650789183269033 -0.452370248302571 0.609782418072787 -0.575395940882253 
0.681360947798287 0.702312090655569 -0.206167374078499 0.532516993126071 
-0.334993578677928 0.549653423322073 0.765284533016891 -0.0601668670168909 
1
              1               0              -0 -1.32712927634041 
             -0               1               0 1.53480154088257e-18 
              0               0               1 0.0138242632952128 
2  1 1 2 1 0
Curve2ds 6
1 0 5 1 0 
2 0 0 1 0 -0 1 0.29999999999999999
1 6.2831853071795898 -0 0 1 
1 0 -0 0 1 
1 0 0 1 0 
2 0 0 1 0 -0 1 0.29999999999999999
Curves 3
2 0 0 5 0 0 1 1 0 -0 -0 1 0 0.29999999999999999
1 0.29999999999999999 -7.3478807948841202e-17 0 0 0 1 
2 0 0 0 0 0 1 1 0 -0 -0 1 0 0.29999999999999999
Polygon3D 0
PolygonOnTriangulations 0
Surfaces 3
2 0 0 0 0 0 1 1 0 -0 -0 1 0 0.29999999999999999
1 0 0 5 0 0 1 1 0 -0 -0 1 0 
1 0 0 0 0 0 1 1 0 -0 -0 1 0 
Triangulations 0

TShapes 13
Ve
1e-07
0.3 -7.34788079488412e-17 5
0 0

0101100
*
Ed
 1e-07 1 1 0
1  1 0 0 6.28318530717959
2  1 1 0 0 6.28318530717959
2  2 2 0 0 6.28318530717959
0

0101100
+13 0 -13 0 *
Ve
1e-07
0.3 -7.34788079488412e-17 0
0 0

0101100
*
Ed
 1e-07 1 1 0
1  2 0 0 5
3  3 4CN 1 0 0 5
0

0101000
-13 0 +11 0 *
Ed
 1e-07 1 1 0
1  3 0 0 6.28318530717959
2  5 1 0 0 6.28318530717959
2  6 3 0 0 6.28318530717959
0

0101100
+11 0 -11 0 *
Wi

0101000
-12 0 +10 0 +9 0 -10 0 *
Fa
0  1e-07 1 0

0111000
+8 0 *
Wi

0101000
+12 0 *
Fa
0  1e-07 2 0

0111000
+6 0 *
Wi

0101000
-9 0 *
Fa
0  1e-07 3 0

0111000
-4 0 *
Sh

0101100
+7 0 +5 0 -3 0 *
So

1100100
+2 0 *

+1 3 
0

