DBRep_DrawableShape

CASCADE Topology V1, (c) Matra-Datavision
Locations 2
1
              1               0              -0               0 
             -0               1               0               0 
              0               0               1             500 
2  1 -1 0
Curve2ds 6
1 6.2264488458898803 0 0 -1 
1 7.6183055109315401 0 0 -1 
1 1.3351202037519501 0 0 -1 
2 346.20141523832001 -1.13686837721616e-13 1 0 -0 1 50
1 0 0 1 0 
1 0 -500 1 0 
Curves 3
1 223.02025355361999 367.55169589391801 0 0 0 1 
1 184.77573119900501 419.00483166286102 0 0 0 1 
2 173.10070761916 370.38699723546102 0 0 0 1 1 0 -0 -0 1 0 50
Polygon3D 0
PolygonOnTriangulations 7
2 1 2 
p 30.4617207468911 1 0 500 
2 1 2 
p 30.4617207468911 1 0 500 
2 3 4 
p 30.4617207468911 1 0 500 
2 1 2 
p 30.4617207468911 1 0 500 
4 14 16 17 15 
p 3.39297711052232 1 6.22644884588988 6.69040106757043 7.15435328925099 7.61830551093154 
4 2 7 8 4 
p 3.39297711052232 1 6.22644884588988 6.69040106757043 7.15435328925099 7.61830551093154 
4 1 5 6 3 
p 3.39297711052232 1 6.22644884588988 6.69040106757043 7.15435328925099 7.61830551093154 
Surfaces 4
2 173.10070761916 370.38699723546102 0 0 0 -1 1 0 0 -0 1 -0 50
1 223.02025355361999 367.55169589391801 0 0.99839091868919605 -0.0567060268308704 0 -0.0567060268308704 -0.99839091868919605 0 0 -0 -1 
2 0 -350.44936636922699 0 0 0 -1 1 0 0 -0 1 -0 791.32915636246503
1 -173.10070761916 370.38699723546102 0 0 0 1 1 0 -0 -0 1 0 
Triangulations 4
8 6 1 16.9273489287067
223.02025355362 367.551695893918 0 223.02025355362 367.551695893918 500 184.775731199005 419.004831662861 0 184.775731199005 419.004831662861 500 219.012062144597 390.189712343234 0 205.297376875035 408.641075303398 0 219.012062144597 390.189712343234 500 205.297376875035 408.641075303398 500 6.22644884588988 0 6.22644884588988 -500 7.61830551093154 0 7.61830551093154 -500 6.69040106757043 0 7.15435328925099 0 6.69040106757043 -500 7.15435328925099 -500 2 7 5 5 1 2 7 8 5 8 4 3 3 6 8 8 6 5 
4 2 1 43.1242396651414
223.02025355362 367.551695893918 0 223.02025355362 367.551695893918 500 171.011637558244 -548.134568958426 0 171.011637558244 -548.134568958426 500 0 0 0 -500 917.16205317108 0 917.16205317108 -500 1 2 4 4 3 1 
4 2 1 27.4155371121694
184.775731199005 419.004831662861 0 184.775731199005 419.004831662861 500 -184.775731199005 419.004831662861 0 -184.775731199005 419.004831662861 500 1.33512020375195 0 1.33512020375195 -500 1.80647244983784 0 1.80647244983784 -500 1 2 4 4 3 1 
18 17 1 20.8697067882466
-223.02025355362 367.551695893918 0 -171.011637558244 -548.134568958426 0 -184.775731199005 419.004831662861 0 -205.297376875035 408.641075303398 0 -219.012062144597 390.189712343234 0 -140.072236698986 -591.55674369291 0 -166.50625859258 -566.217045666436 0 -155.692408528737 -581.393838816397 0 140.072236698986 -591.55674369291 0 -5.6843418860808e-14 -619.176326939149 0 171.011637558244 -548.134568958426 0 155.692408528737 -581.393838816397 0 166.50625859258 -566.217045666436 0 223.02025355362 367.551695893918 0 184.775731199005 419.004831662861 0 219.012062144597 390.189712343234 0 205.297376875035 408.641075303398 0 0 -100.085747638144 0 -49.9195459344598 -2.83530134154353 2.08907006091567 -918.521566193887 -11.6750235798445 48.6178344273999 -32.1966692558751 38.2540780679367 -45.9113545254374 19.8027151077725 33.028470920174 -961.943740928371 6.59444902658031 -936.604042901897 17.4082990904232 -951.780836051859 313.172944318146 -961.943740928371 173.10070761916 -989.56332417461 344.112345177405 -918.521566193887 328.793116147897 -951.780836051859 339.60696621174 -936.604042901897 396.12096117278 -2.83530134154364 357.876438818165 48.6178344273999 392.112769763758 19.8027151077723 378.398084494195 38.2540780679365 173.10070761916 -470.472744873605 2 7 8 8 6 2 18 1 2 11 18 2 5 1 3 3 4 5 3 1 14 14 1 18 2 6 10 11 10 9 12 13 9 11 9 13 11 14 18 14 15 3 17 14 16 14 17 15 2 10 11 

TShapes 7
Ve
1e-07
223.02025355362 367.551695893918 0
0 0

0101100
*
Ed
 1e-07 1 1 0
1  1 0 0 500
2  1 1 0 0 500
4 G1 2 0 1 0
6  1 2 0
6  2 1 0
0

0101000
+7 0 -7 1 *
Ve
1e-07
184.775731199005 419.004831662861 0
0 0

0101100
*
Ed
 1e-07 1 1 0
1  2 0 0 500
2  2 1 0 0 500
2  3 3 0 0 500
4 G1 1 0 3 0
6  3 1 0
6  4 3 0
0

0101000
+5 0 -5 1 *
Ed
 1e-07 1 1 0
2  4 4 0 6.22644884588988 7.61830551093154
1  3 0 6.22644884588988 7.61830551093154
2  5 1 0 6.22644884588988 7.61830551093154
2  6 1 2 6.22644884588988 7.61830551093154
6  5 4 0
6  6 1 2
6  7 1 0
0

0101000
+7 0 -5 0 *
Wi

0101000
+6 0 -4 0 -3 0 +3 1 *
Fa
0  1e-07 1 0
2  1
0111000
+2 0 *

-1 0 
0

