DBRep_DrawableShape

CASCADE Topology V1, (c) Matra-Datavision
Locations 1
1
              1               0              -0               0 
             -0               1               0               0 
              0               0               1               0 
Curve2ds 6
1 141.98111712316299 0 -0 -1 
1 2.7390203745291601 0 0 -1 
7 0 0  11 242 25  2.7390203745291601 -607.25271355079792  2.7687153613278861 -605.87618997223751  2.7987844289626604 -604.50705716372738  2.8292966419672476 -603.14513496819347  2.8603299803923221 -601.79078378463464  2.8919640699837879 -600.44464550042437  2.9242858742665043 -599.10773033578096  2.9573969893642063 -597.78155962412427  2.9914184622044133 -596.46823237654917  3.0264963322196845 -595.17044118819217  3.0628183765102808 -593.89162088028479  3.105389998096407 -592.47968975328115  3.110143927496726 -592.32317996494965  3.1149221339853215 -592.16705087395178  3.1197251729523314 -592.01131211657344  3.1245536273115375 -591.85597371422489  3.1294081075062401 -591.70104607679548  3.1342892514984482 -591.54653999777247  3.1391977247837204 -591.39246665992152  3.1441342203756153 -591.23883763003744  3.1490994588181915 -591.08566486271218  3.1565915528585804 -590.85660861616498  3.1590962780645766 -590.78037351444209  3.1616084680003467 -590.7042570767685  3.1641282268665818 -590.62826098411654  3.1666556588690074 -590.55238692262219  3.1691908682084535 -590.47663657076339  3.1717339590878684 -590.40101161593952  3.1742850357119567 -590.32551373723879  3.1768442022811803 -590.25014461995852  3.1794115630002491 -590.17490594571825  3.1832750516066226 -590.06224612384563  3.1845649583909306 -590.02472591744902  3.1858569574281028 -589.98723901503138  3.1871510637247624 -589.94978565409588  3.1884472922818867 -589.91236606974064  3.1897456581096968 -589.8749805010342  3.1910461762067417 -589.83762918191542  3.1923488615830373 -589.80031235161357  3.1936537292398275 -589.76303024498486  3.1949607941835039 -589.72578309974858  3.1975793486530226 -589.65135920463547  3.1988907341464801 -589.61418552127975  3.2002005110637683 -589.5771560446118  3.2015111201046906 -589.54020160562175  3.2028230742592569 -589.50330788933172  3.2041353105912895 -589.46650542560656  3.2054474514777191 -589.42980527242321  3.2067604146827442 -589.39318166381918  3.2080747789662043 -589.35661849896132  3.2093892788622629 -589.32015215545994  3.2212286949333753 -588.99261117053766  3.2318051782455353 -588.70643758241761  3.242463675841174 -588.4246077616699  3.2532321079143913 -588.14662293819163  3.2641368907173756 -587.87211517852973  3.2752029687653232 -587.6008467924205  3.2864538470825941 -587.33270975914138  3.2979116233975003 -587.06772513052954  3.3095970203892402 -586.80604245630843  3.3215294178918682 -586.54793919208487  3.358121819596088 -585.78558197049097  3.3835768295995545 -585.29326661478046  3.4102376735704434 -584.82014832816014  3.4382285330431599 -584.371467645282  3.4676554935090844 -583.95446841228795  3.4986096681309387 -583.57838552348255  3.5311699642540977 -583.2543833651398  3.5654054928009122 -582.9954449337464  3.6013776204478698 -582.8162116648715  3.6391416646829708 -582.73277393957142  3.6812236421007869 -582.76426469032378  3.6837062492381953 -582.76655863565077  3.6861960647825405 -582.76929840072023  3.6886931004437891 -582.77248825764741  3.6911973679235692 -582.77613247728289  3.6937088789362456 -582.78023533248995  3.6962276451808473 -582.78480109358748  3.6987536783712471 -582.78983403351276  3.70128699020978 -582.79533842300623  3.7038275924057964 -582.80131853427349  3.707649448795435 -582.81100869105524  3.7089252263274948 -582.81435875947363  3.7102028306483432 -582.81782938940444  3.7114822631369497 -582.8214211248079  3.7127635251886537 -582.82513451268323  3.7140466181724148 -582.82897009505564  3.7153315434904242 -582.83292842032631  3.7166183025115935 -582.83701003038675  3.7179068966315238 -582.84121547244206  3.7191973272286618 -582.84554529025468  3.721135729921015 -582.85222739885285  3.7217823236093892 -582.85448599956942  3.7224293769265859 -582.85677590048488  3.7230768900316464 -582.85909716969877  3.7237248631088544 -582.86144987700459  3.7243732963026086 -582.86383408984091  3.7250221898070617 -582.86624987815071  3.7256715437666719 -582.86869730983938  3.7263213583656873 -582.87117645406227  3.7269716337631422 -582.8736873794162  3.7282731064973791 -582.87877292991368  3.7289243558086076 -582.88134777718585  3.7295755666834891 -582.88395256452532  3.7302266125226118 -582.88658679788171  3.7308775650678916 -582.8892507470955  3.7315285329930492 -582.89194482427479  3.7321795654696568 -582.89466921046858  3.7328306207917712 -582.89742373588808  3.7334815999575395 -582.90020800794139  3.7341324453088647 -582.90302179243258  3.7399901748582485 -582.92861645391451  3.7451941312292583 -582.95327874369332  3.7503926593530719 -582.97983371855571  3.7555833959854206 -583.00825999625954  3.7607641285391153 -583.03853361099982  3.7659327950951607 -583.07062800632457  3.7710874843866447 -583.10451404469575  3.7762264358176436 -583.14015999697256  3.7813480394453274 -583.17753155189325  3.7864508359935045 -583.21659180912025  3.8016988785469219 -583.33872023165202  3.811783564836825 -583.42674409658673  3.821776826540439 -583.52106820252232  3.8316696968687141 -583.62137045263069  3.8414548577427232 -583.7273172016379  3.8511265061114339 -583.83856912921101  3.8606802202706869 -583.95478711064243  3.8701128261937998 -584.07563809281248  3.8794222638372915 -584.20080096312427  3.8886074534775292 -584.32997242540841  3.9021985162916972 -584.52932309318328  3.9066977558057365 -584.59670543512402  3.911165874305508 -584.66498398672161  3.9156029189790771 -584.73412436467834  3.9200089904624802 -584.80409371625467  3.924384242836787 -584.87486071203591  3.9287288836284611 -584.9463955558399  3.933043173813203 -585.01866997375942  3.9373274278087811 -585.09165722401315  3.9415820134827144 -585.16533208978296  3.9500326908105787 -585.31400967692264  3.9542292639314409 -585.3890228683498  3.9583929552110488 -585.4645930972124  3.962544463435111 -585.54111875478998  3.9666270868045124 -585.6173950522807  3.9707540752213202 -585.69573466563259  3.9747656646317786 -585.77281285994491  3.9788267082092479 -585.8519948805116  3.9828233227274921 -585.93092115804677  3.9868022856560805 -586.01051949594523  3.9986564147795187 -586.2506490150023  4.0064530669608986 -586.41260053855058  4.0141476150521465 -586.57629620743842  4.0217437599641164 -586.74162222115115  4.0292449356730735 -586.90847174019041  4.036654337856949 -587.07674460560406  4.0439749525164679 -587.24634707237556  4.0512095846253633 -587.41719152701933  4.0583608867411725 -587.58919621982955  4.065431387656111 -587.76228498602643  4.0794156543785016 -588.1104889615533  4.0863294692068344 -588.28560371280378  4.0931673104501973 -588.46166120573014  4.099931468411012 -588.63859634007247  4.1066241788023561 -588.81634894067611  4.1132476226547272 -588.99486375219669  4.1198039264377408 -589.17409044521423  4.1262951619324655 -589.35398361070077  4.1327233463400646 -589.53450276392573  4.139090442206796 -589.71561234234252  4.1485523150949426 -589.98811638848417  4.1516914884846337 -590.07909091776946  4.1548161229664986 -590.17020140408715  4.1579264623245082 -590.2614442492046  4.1610227487989411 -590.35281614672715  4.1641052230834177 -590.44431408205094  4.1671741243226093 -590.53593533290984  4.1702296901224454 -590.62767746818429  4.17327215653357 -590.71953834947692  4.1763017580689112 -590.81151612967528  4.1823356973117169 -590.99570237805472  4.1853402989493889 -591.0879195554711  4.1883321651615475 -591.18023964589406  4.1913112599745315 -591.27265227162229  4.1942777389738941 -591.36515341739971  4.1972318418330437 -591.45774204695044  4.2001738171816179 -591.55041770525509  4.2031038799408336 -591.64317914837932  4.2060222009880501 -591.73602395438274  4.2089289292749719 -591.8289491579111  4.2234055144318168 -592.29396775024213  4.2348043177478516 -592.66724157867679  4.2460316591106455 -593.04164694356382  4.2570973923483191 -593.41706608131346  4.2680103483536227 -593.7933904369122  4.278778461093049 -594.17052020618007  4.289408893734846 -594.54836389481591  4.2999081646405051 -594.92683785827739  4.3102822734847397 -595.30586585956269  4.3205368272757045 -595.68537861315872  4.3408175056023675 -596.44524806258914  4.3508435920240469 -596.82560487195497  4.3607606383361972 -597.20632128652449  4.3705735154821062 -597.58734156057881  4.3802867874720555 -597.96861656395538  4.3899047460838627 -598.35010364655341  4.3994314456363215 -598.73176652764778  4.4088707376851914 -599.113575156156  4.4182263057864182 -599.49550559905629  4.4275017002113142 -599.87753990714941  4.4412997089294892 -600.45072904025801  4.4458797095265119 -600.64180878755724  4.450441559594605 -600.83293440987597  4.4549843922696768 -601.02405218400861  4.4595090857790014 -601.2151802212461  4.4640170224536213 -601.40635750372883  4.4685083872096403 -601.59757442453986  4.4729822648803887 -601.7887770549064  4.4774384778274747 -601.97994253715706  4.4818787871548729 -602.17112802195982  4.4907267385114498 -602.55347342706727  4.4951345157465461 -602.74463889234517  4.4995264087336242 -602.93579521183335  4.5039027233940772 -603.12694051518588  4.5082637573698738 -603.31807297549096  4.5126098000349275 -603.5091908011841  4.5169411324776219 -603.70029224575467  4.5212580275217578 -603.89137559849325  4.5255607497066999 -604.08243919153529  4.5298495553022553 -604.27348139557978  4.5512252402914148 -605.22857752747461  4.5681072193364676 -605.99228642921048  4.5847864100550728 -606.75552623283943  4.6012770689063398 -607.51820631718442  4.6175920986151437 -608.28024650613304  4.6337432184981759 -609.04157702273312  4.6497411349296813 -609.80213846965989  4.6655957116507505 -610.56188177772754  4.681316140221556 -611.32076818634471  4.6969111103664023 -612.07876919764112  4.7123889803846906 -612.83586654834198 
 0 12 0.25 10 0.28125 10 0.296875 10 0.3046875 10 0.3125 10 0.375 10 0.5 10 0.5078125 10 0.51171875 10 0.513671875 10 0.515625 10 0.53125 10 0.5625 10 0.578125 10 0.59375 10 0.625 10 0.65625 10 0.671875 10 0.6875 10 0.75 10 0.8125 10 0.84375 10 0.875 10 1 12
1 1.33578627719456e-14 0 0 -1 
1 4.7123889803846897 0 0 -1 
7 0 0  11 242 25  2.7390203745291601 -142.74728644920202  2.7687153613275268 -144.12381002773412  2.7987844289620654 -145.4929428362932  2.829296641965855 -146.8548650316344  2.8603299803913607 -148.20921621550841  2.8919640699812414 -149.55535449922712  2.9242858742648021 -150.89226966439156  2.9573969893609235 -152.21844037555095  2.9914184622013948 -153.53176762345214  3.026496332215824 -154.82955881161118  3.0628183765059109 -156.10837911957921  3.1053899980913582 -157.52031024654829  3.1101439274913316 -157.67682003490785  3.114922133980802 -157.83294912580197  3.119725172945599 -157.98868788341562  3.1245536273081242 -158.14402628535362  3.1294081074986702 -158.29895392331156  3.1342892514944993 -158.4534600018259  3.1391977247771052 -158.60753334002504  3.1441342203702587 -158.76116236974849  3.1490994588122416 -158.91433513710336  3.156591552852658 -159.14339138367288  3.1590962780582479 -159.21962648524539  3.1616084679950527 -159.29574292337691  3.1641282268589781 -159.37173901516476  3.1666556588649377 -159.44761307782568  3.1691908681999466 -159.52336342849134  3.1717339590834612 -159.59898838424994  3.1742850357045209 -159.67448626239073  3.1768442022752676 -159.74985537991645  3.1794115629937236 -159.82509405408766  3.1832750516001611 -159.93775387596042  3.1845649583842746 -159.97527408241942  3.1858569574218891 -160.01276098461224  3.187151063717534 -160.05021434603538  3.1884472922762228 -160.08763392962703  3.1897456581020758 -160.12501949923541  3.1910461762008362 -160.1623708175326  3.192348861575963 -160.1996876484065  3.1936537292332408 -160.23696975474226  3.1949607941767573 -160.27421690007529  3.1975793486462103 -160.34864079516689  3.1988907341399302 -160.38581447853315  3.200200511056662 -160.42284395520767  3.2015111200986781 -160.45979839417882  3.2028230742517394 -160.49669211048914  3.2041353105854884 -160.53349457421217  3.2054474514705014 -160.57019472737869  3.2067604146764617 -160.60681833601257  3.2080747789595265 -160.64338150084973  3.2093892788557121 -160.67984784435919  3.2212286949270434 -161.00738882930358  3.2318051782388504 -161.29356241734553  3.2424636758357424 -161.57539223834709  3.2532321079065203 -161.85337706132773  3.264136890712817 -162.12788482172019  3.2752029687569899 -162.3991532070356  3.2864538470770728 -162.66729024096517  3.2979116233899761 -162.93227486917834  3.3095970203823084 -163.19395754357902  3.3215294178844923 -163.45206080774821  3.3581218195880145 -164.21441802936539  3.3835768295910924 -164.70673338500956  3.4102376735609159 -165.17985167182891  3.4382285330340872 -165.62853235431726  3.4676554934979862 -166.04553158791947  3.4986096681207042 -166.42161447605437  3.5311699642421521 -166.74561663501041  3.5654054927889076 -167.0045550660285  3.6013776204348229 -167.18378833512216  3.6391416646689208 -167.26722606039056  3.6812236420851323 -167.23573530968903  3.6837062492222508 -167.2334413643909  3.6861960647671452 -167.23070159923611  3.6886931004269652 -167.22751174248381  3.6911973679086185 -167.22386752261372  3.6937088789189274 -167.21976466765923  3.6962276451654432 -167.21519890635503  3.6987536783543411 -167.21016596657236  3.7012869901934509 -167.20466157701549  3.703827592389155 -167.19868146576479  3.7076494487786102 -167.18899130899973  3.7089252263108587 -167.18564124050383  3.7102028306307422 -167.18217061084169  3.7114822631213227 -167.1785788748733  3.7127635251696702 -167.1748654878657  3.7140466181574072 -167.17102990449681  3.715331543471561 -167.16707158010908  3.7166183024953887 -167.16298996945514  3.7179068966137834 -167.15878452770147  3.7191973272114454 -167.15445470978449  3.7211357299034562 -167.14777260122207  3.721782323592504 -167.14551400043806  3.7224293769074448 -167.14322409971547  3.723076890017079 -167.14090283014258  3.723724863087245 -167.13855012332365  3.7243732962891083 -167.13616591000192  3.7250221897862152 -167.13375012205697  3.7256715437508254 -167.13130269016568  3.7263213583472483 -167.12882354602704  3.7269716337455328 -167.1263126206521  3.7282731064794752 -167.12122707015695  3.7289243557910088 -167.11865222290027  3.7295755666652539 -167.11604743551376  3.7302266125055059 -167.11341320225517  3.730877565049326 -167.11074925289142  3.731528532976002 -167.10805517590043  3.7321795654513812 -167.10533078952184  3.7328306207742878 -167.10257626424345  3.733481599939704 -167.09979199211406  3.7341324452911353 -167.09697820764831  3.7399901748406021 -167.07138354618749  3.7451941312115484 -167.0467212563068  3.7503926593359211 -167.0201662817712  3.7555833959672862 -166.99174000344252  3.7607641285227502 -166.96146638961764  3.7659327950769228 -166.92937199328171  3.7710874843702196 -166.89548595580152  3.7762264358002233 -166.85984000293587  3.7813480394284991 -166.8224684483113  3.7864508359766584 -166.78340819099662  3.8016988785304329 -166.661279768502  3.8117835648206486 -166.57325590355254  3.8217768265242302 -166.47893179762278  3.8316696968534405 -166.3786295476244  3.8414548577266054 -166.27268279834928  3.8511265060969984 -166.16143087121429  3.8606802202551291 -166.04521288931753  3.8701128261795734 -165.92436190751971  3.879422263822772 -165.7991990370148  3.8886074534634716 -165.67002757479816  3.9021985162780424 -165.47067690702463  3.9066977557920612 -165.40329456504071  3.9111658742925637 -165.33501601360246  3.9156029189649342 -165.26587563532419  3.9200089904506332 -165.19590628422665  3.9243842428224149 -165.12513928790725  3.9287288836167211 -165.0536044445742  3.9330431737998537 -164.98133002634586  3.9373274277964123 -164.90834277624347  3.9415820134702173 -164.83466791042514  3.9500326907983605 -164.68599032330278  3.9542292639194585 -164.61097713184057  3.9583929551986561 -164.53540690308307  3.9625444634241114 -164.45888124528926  3.9666270867915721 -164.38260494813645  3.9707540752107544 -164.30426533438975  3.9747656646196337 -164.22718714042207  3.9788267081979534 -164.14800511963827  3.9828233227161403 -164.0690788422047  3.9868022856448331 -163.98948050427177  3.9986564147688148 -163.7493509852406  4.0064530669493532 -163.58739946159881  4.0141476150440489 -163.42370379296554  4.0217437599496257 -163.25837777878903  4.0292449356687001 -163.09152826037283  4.0366543378412674 -162.92325539432815  4.043974952511288 -162.75365292803971  4.051209584613261 -162.58280847311366  4.0583608867328103 -162.41080378043361  4.0654313876467665 -162.23771501418463  4.079415654369698 -161.88951103869329  4.0863294691981986 -161.7143962873119  4.09316731044128 -161.53833879473979  4.0999314684034491 -161.36140365976763  4.1066241787928917 -161.18365105997145  4.1132476226479575 -161.00513624766805  4.1198039264286628 -160.82590955522343  4.1262951619253503 -160.6460163894171  4.1327233463320443 -160.46549723632344  4.1390904421993531 -160.2843876578668  4.1485523150874704 -160.01188361172996  4.151691488477919 -159.92090908244805  4.1548161229577829 -159.82979859610964  4.1579264623197627 -159.73855575102968  4.161022748788902 -159.64718385347226  4.1641052230789963 -159.55568591814895  4.1671741243137781 -159.46406466732159  4.1702296901164466 -159.37232253201063  4.1732721565263429 -159.28046165073425  4.1763017580621185 -159.18848387053615  4.1823356973049703 -159.00429762214239  4.1853402989426476 -158.91208044479617  4.1883321651550025 -158.81976035414326  4.1913112599678772 -158.7273477288974  4.1942777389672719 -158.63484658237832  4.1972318418268983 -158.5422579536835  4.2001738171747762 -158.44958229461571  4.2031038799348028 -158.3568208520114  4.2060222009816028 -158.26397604574674  4.2089289292687404 -158.17105084229738  4.2234055144258491 -157.70603224996012  4.234804317741955 -157.33275842145031  4.246031659105399 -156.95835305679947  4.2570973923422937 -156.58293391858655  4.2680103483492156 -156.20660956360246  4.2787784610871613 -155.82947979370556  4.2894088937305366 -155.45163610556006  4.2999081646354211 -155.07316214178488  4.3102822734802757 -154.69413414065249  4.3205368272712246 -154.31462138698981  4.3408175055982792 -153.5547519375931  4.350843592019821 -153.17439512807599  4.3607606383329189 -152.7936787139196  4.3705735154774281 -152.4126584390857  4.3802867874696432 -152.03138343677193  4.3899047460793286 -151.64989635303559  4.3994314456336907 -151.26823347288931  4.4088707376816023 -150.88642484374822  4.4182263057834641 -150.50449440116375  4.4275017002083068 -150.12246009294799  4.4412997089267785 -149.54927095987722  4.4458797095236005 -149.35819121246797  4.4504415595924813 -149.16706559045721  4.4549843922664865 -148.97594781573906  4.4595090857769977 -148.78481977930235  4.464017022451114 -148.59364249598187  4.4685083872070974 -148.40242557583946  4.472982264878234 -148.21122294505315  4.4774384778251193 -148.02005746300463  4.4818787871526071 -147.82887197812195  4.4907267385093705 -147.44652657305576  4.4951345157438576 -147.25536110763062  4.4995264087329634 -147.06420478853113  4.5039027233895528 -146.87305948449264  4.5082637573709068 -146.68192702505254  4.512609800030142 -146.49080919853671  4.5169411324775792 -146.2997077545522  4.5212580275189005 -146.10862440149256  4.5255607497051633 -145.91756080857888  4.529849555300383 -145.72651860449542  4.5512252402899511 -144.77142247262165  4.5681072193345287 -144.00771357075254  4.5847864100552087 -143.24447376746406  4.6012770689027898 -142.48179368244382  4.6175920986178474 -141.71975349445384  4.6337432184933798 -140.95842297676197  4.6497411349324418 -140.19786153077928  4.6655957116481828 -139.43811822205936  4.6813161402221777 -138.67923181376287  4.6969111103660746 -137.92123080234416  4.7123889803846897 -137.16413345165799 
 0 12 0.25 10 0.28125 10 0.296875 10 0.3046875 10 0.3125 10 0.375 10 0.5 10 0.5078125 10 0.51171875 10 0.513671875 10 0.515625 10 0.53125 10 0.5625 10 0.578125 10 0.59375 10 0.625 10 0.65625 10 0.671875 10 0.6875 10 0.75 10 0.8125 10 0.84375 10 0.875 10 1 12
Curves 4
1 242.62079885943999 95.809679563140193 375 -0 0 -1 
7 0 0  8 44 7  242.62079885944033 95.809679563140222 -232.25271355079803  245.10360975721983 94.652532402636552 -229.94402617822604  247.57498440894051 93.328588564367934 -227.65691582897648  250.03946917667315 91.823386553785781 -225.39058505889241  252.49918890341797 90.11273727578461 -223.14914883864614  254.95355617936249 88.17588759349276 -220.93834126477722  257.40083245620497 85.960153973280484 -218.77387174728568  259.83649842361802 83.425072095190629 -216.67172830660982  263.91796372555643 78.346215684691856 -213.30763492280528  265.47850633049563 76.17169438146891 -212.06574843392772  267.04750157271877 73.745996837978012 -210.86634847513204  268.65887139323684 70.931380965456441 -209.70321523653931  270.27430744576935 67.613912700543509 -208.64734202301918  271.79061255269772 63.706926666637429 -207.84012405160286  273.04173782943019 59.144225150189548 -207.50094026263145  274.08445677375101 52.030141297791907 -208.0162202351836  274.28735633805024 50.115098013273396 -208.24440752237984  274.40609287496778 48.244158850219186 -208.55847885482788  274.4485018277278 46.444968601900818 -208.94233046367845  274.42630236192122 44.730548870827697 -209.37887892472696  274.35058517377615 43.103930900595223 -209.85429928553614  274.23067292814642 41.559377881595495 -210.35909835775431  273.89755243499729 38.457678447098459 -211.47454999153285  273.67673974121413 36.922599724202051 -212.08821042032031  273.41877518533545 35.467145605949497 -212.72294818164733  273.13008644126035 34.082842699729092 -213.37327721629524  272.81549436441753 32.763006462467182 -214.03517414140421  272.47872322408233 31.501397121160469 -214.7058103448062  272.12255721932979 30.291786171093818 -215.38345990078656  271.05110940392245 26.958206996795443 -217.34381078898664  270.29380622083619 24.954796966734637 -218.63887829361263  269.48984625015805 23.083506035542293 -219.94595149632764  268.64703316507666 21.326195834823608 -221.26035442121812  267.7711394483207 19.669319709390944 -222.57875482256389  266.86655916583635 18.101421558476236 -223.89899100290995  265.93602822196323 16.613843470304452 -225.22011104858703  263.95767548211023 13.681382749810014 -227.95912480988346  262.90705276124157 12.248473110615377 -229.37603996059099  261.83198776606463 10.890848665864569 -230.79199407220514  260.73458768142302 9.6021267424430512 -232.20620994503651  259.61651274978044 8.3774178597351128 -233.61807560901545  258.47910305647162 7.2127163803033998 -235.02714095070357  257.32343475813207 6.1046132202107799 -236.43311538164195  256.15030575456257 5.0503306189640043 -237.83586654834198 
 0 9 0.30494308053241098 7 0.51381588160445801 7 0.59015478078287797 7 0.67440161189835701 7 0.83156349282903197 7 1 9
1 256.15030575456302 5.0503306189639998 375 -0 0 -1 
7 0 0  8 44 7  242.6207988594403 95.809679563140207 232.25271355079801  245.10360975737441 94.652532402564418 229.94402617808228  247.57498440923808 93.328588564208516 227.65691582870255  250.03946917713637 91.823386553502374 225.39058505846006  252.49918890400596 90.112737275375423 223.14914883811937  254.95355618012383 88.175887592893432 220.93834126408635  257.40083245709832 85.960153972469811 218.7738717464951  259.83649842466491 83.425072094102703 216.67172830570743  263.91796372667795 78.346215683146113 213.30763492190346  265.47850633159055 76.171694379829816 212.06574843310185  267.04750157372678 73.745996836229168 210.86634847437037  268.65887139426974 70.931380963508715 209.70321523585076  270.27430744668936 67.613912698411113 208.64734202246152  271.7906125535381 63.706926664268678 207.84012405120691  273.04173783006803 59.144225147581544 207.50094026252927  274.08445677404774 52.030141295117843 208.01622023548003  274.28735633826801 50.115098010594338 208.24440752280665  274.406092875046 48.244158847540739 208.55847885532233  274.4485018277831 46.444968599279278 208.94233046431114  274.42630236183328 44.730548868264663 209.3788789253959  274.35058517365553 43.103930898090027 209.85429928629097  274.23067292794707 41.559377879152692 210.35909835856054  273.89755243467187 38.457678444728757 211.47454999246403  273.67673974082595 36.92259972185493 212.08821042132379  273.41877518487138 35.467145603614455 212.7229481826939  273.13008644076319 34.082842697417775 213.37327721742872  272.81549436383779 32.763006460164711 214.03517414256683  272.47872322346632 31.501397118878049 214.70581034603958  272.12255721865256 30.291786168818909 215.38345990206435  271.05110940311221 26.958206994586448 217.34381079039733  270.29380621992283 24.954796964549551 218.63887829508309  269.4898462492103 23.08350603342096 219.94595149789737  268.64703316400028 21.326195832712738 221.26035442281295  267.77113944719792 19.669319707298637 222.57875482426354  266.86655916463843 18.101421556439966 223.89899100464746  265.93602822068283 16.613843468270932 225.22011105039775  263.95767548089259 13.681382748149776 227.95912481152081  262.90705276018366 12.248473109278727 229.37603996199238  261.83198776515758 10.890848664801453 230.79199407337168  260.73458768068218 9.6021267416291849 232.2062099459703  259.61651274921445 8.3774178591571093 233.61807560971238  258.47910305609798 7.2127163799441831 235.02714095116889  257.32343475793465 6.1046132200338805 236.43311538187342  256.15030575456262 5.0503306189640043 237.83586654834201 
 0 9 0.30494308055473901 7 0.51381588162233105 7 0.59015478080235395 7 0.67440161192200898 7 0.83156349285841502 7 1 9
Polygon3D 0
PolygonOnTriangulations 0
Surfaces 3
2 219.38679887544001 45.958087364460397 375 0 -0 1 -0.74377739537266185 -0.66842739780222893 0 -0.66842739780222893 0.74377739537266185 0 55
1 113.93016702785999 155.787666344374 375 -0.42243636334545681 -0.90639258543054357 0 0.90639258543054357 -0.42243636334545681 0 0 0 1 
1 256.15030575456302 5.0503306189639803 375 -0.66842739780222893 0.74377739537266185 0 -0.74377739537266185 -0.66842739780222893 0 0 0 1 
Triangulations 0

TShapes 10
Ve
0.00105855904799907
242.62079885944 95.8096795631401 232.252713550798
0 0

0101100
*
Ve
0.00105855904799778
242.620798859441 95.8096795631397 -232.252713550797
0 0

0101100
*
Ed
 1e-07 1 1 0
2  1 2 1 142.747286449202 607.252713550798
1  1 1 142.747286449202 607.252713550798
2  2 1 1 142.747286449202 607.252713550798
0

0101000
+10 0 -9 0 *
Ve
0.00105855904799778
256.150305754563 5.05033061896397 -237.835866548342
0 0

0101100
*
Ed
 6.84016743281012e-06 1 1 0
2  3 1 1 0 1
1  2 1 0 1
0

0101000
+9 0 -7 0 *
Ve
0.00105855904799907
256.150305754563 5.05033061896397 237.835866548342
0 0

0101100
*
Ed
 1e-07 1 1 0
2  4 3 1 137.164133451658 612.835866548342
1  3 1 137.164133451658 612.835866548342
2  5 1 1 137.164133451658 612.835866548342
0

0101000
+5 0 -7 0 *
Ed
 6.84016724484016e-06 1 1 0
2  6 1 1 0 1
1  4 1 0 1
0

0101000
+10 0 -5 0 *
Wi

0101100
+8 0 +6 0 -4 0 -3 0 *
Fa
0  1e-07 1 1

1111000
+2 0 *

-1 0 
0

