DBRep_DrawableShape

CASCADE Topology V1, (c) Matra-Datavision
Locations 1
1
              1               0              -0               0 
             -0               1               0               0 
              0               0               1               0 
Curve2ds 8
1 193.44095501169701 0 0 -1 
1 -0.31572811188013628 0 0 -1 
7 0 0  6 7 2  -0.31572811188013628 -618.76023555451491  -0.26087538587103576 -614.59907483346274  -0.20683333783431046 -610.5238419466483  -0.15369561013047753 -606.56469905582821  -0.10150586982448165 -602.74648815449916  -0.050280658093288251 -599.08895929126493  3.524958103184872e-15 -595.60663399626287 
 0 7 1 7
7 0 0  11 192 20  3.5527136788005009e-15 -595.60663399626299  0.018288106084656842 -594.34007123371794  0.036747507003573709 -593.07489183262533  0.055393570288329662 -591.81137948405285  0.074241500539958913 -590.54989448996866  0.093306930617097467 -589.29088028961496  0.11260651282508383 -588.03486998011499  0.13215851010361718 -586.78249284658352  0.15198338721621477 -585.53448087974107  0.17210440193781681 -584.29167530677353  0.1925481962439391 -583.05503311082543  0.21854468531253346 -581.51828367026371  0.22376542166782351 -581.21142592717786  0.22901131251803331 -580.90487484520668  0.23428286591227804 -580.59869785264527  0.23953721483881571 -580.2953320341984  0.24493869210375635 -579.98538347553972  0.25018195002427929 -579.68662522978889  0.25558604919539679 -579.3804912710649  0.26094564754320587 -579.07904673705548  0.26634777205470844 -578.77724767488371  0.27719599483834956 -578.17546772208436  0.28264461983500444 -577.87533876681209  0.28811876375090284 -577.5759702500676  0.29361942163951954 -577.27736528903222  0.29914757829585265 -576.97953070128483  0.30470420825228761 -576.68247700400536  0.31029027578414564 -576.38621841468409  0.31590673490365512 -576.09077285079866  0.32155452936527101 -575.79616192963385  0.32723459266189836 -575.50241096879938  0.34437435875718797 -574.62382501946365  0.35593364609737999 -574.04165584387317  0.36763323596030484 -573.46327428207928  0.3794805341664157 -572.88897145845442  0.39148291714228639 -572.31909858164397  0.40364782262364995 -571.75406873171346  0.41598284035125405 -571.19435864179127  0.42849580277566818 -570.64051048558815  0.44119487575301547 -570.09313366001152  0.45408864924817033 -569.55290657084129  0.48028380681793331 -568.48825026349039  0.49358504517645785 -567.96381306597027  0.50709958471768635 -567.44803349369806  0.52083727705752003 -566.94173364552989  0.53480865215984275 -566.44580425284437  0.54902538666924461 -565.96121786589765  0.56350077225615414 -565.48904206477823  0.57825018394724959 -565.03045264020341  0.59329154847010468 -564.58674680492527  0.60864581258655648 -564.15935637931887  0.62826031114511749 -563.647487148913  0.63221216177212591 -563.54603241445932  0.63612373225295249 -563.44730195121213  0.6402456352871071 -563.34487948233163  0.64416192578588771 -563.24964435891798  0.64833945909399326 -563.14942582141282  0.65238736437260059 -563.05456644339245  0.6565483700196354 -562.95868847866518  0.66070891697744649 -562.86486350565917  0.66490483828685365 -562.77217757375035  0.67335021649989379 -562.58963559384119  0.67760044925798057 -562.49975837154966  0.68187729815800235 -562.41134414439557  0.68617984689379874 -562.32446007725991  0.69050719035927199 -562.2391712732566  0.6948584346552571 -562.15554077257946  0.6992326970785816 -562.0736295538012  0.70362910613602958 -561.99349653267996  0.70804680153003419 -561.91519856305581  0.71248493417034042 -561.83879043629929  0.72585813015914258 -561.61539377217116  0.73485187764053361 -561.47423028782976  0.74391731085671264 -561.34125856454  0.75304789232108327 -561.21686680314178  0.76223714481112825 -561.10140726889097  0.77147865137425686 -560.99519629275528  0.78076605531946919 -560.89851426889106  0.79009306022702097 -560.81160565824689  0.79945342993943092 -560.73467898466117  0.80884098856809261 -560.66790683809995  0.83706688433241938 -560.49846394165797  0.85596792939763489 -560.42665000084673  0.87490288029731034 -560.39706231036712  0.89382123506762468 -560.41015971279637  0.91267109966106619 -560.46576041712797  0.93139842242410609 -560.56302078124031  0.94994622859673394 -560.70041409625526  0.9682538547855547 -560.87570936926431  0.98625618346296917 -561.08595010692761  1.0038828774453659 -561.32743309903469  1.0232044565023626 -561.62921896444936  1.0253442472302168 -561.66317028299318  1.027476832416075 -561.69753178293217  1.0296020579096747 -561.73229408929978  1.0317197695559492 -561.76744782846436  1.0338298132079258 -561.80298362470478  1.0359320347079299 -561.83889210487462  1.0380262799095734 -561.87516389330699  1.0401123946569573 -561.91178961627145  1.0421902248005106 -561.94875989890727  1.0463290075743767 -562.02337083472617  1.0483894536436318 -562.06100173283096  1.0504424322770998 -562.09897462780884  1.052488585419892 -562.13730500043084  1.0545185888407036 -562.17579895614597  1.0565393862904859 -562.21457750795025  1.0585635848481274 -562.25388134220304  1.0605856570058807 -562.29360393595891  1.0625915617838499 -562.33346843503523  1.0645984820085799 -562.3737992430905  1.0705987691444601 -562.49572867330846  1.0745772827427693 -562.57836646009503  1.0785343773135105 -562.66232743730006  1.0824703116519541 -562.7475832951759  1.0863853445587266 -562.8341057243947  1.0902797348266238 -562.92186641511489  1.094153741257448 -563.0108370578937  1.0980076226447153 -563.10098934310372  1.1018416377880618 -563.19229496115349  1.1056560454835189 -563.28472560244722  1.1170412226192996 -563.56530766736421  1.1245538302364371 -563.75676328061695  1.1319907374193281 -563.95241457302336  1.139353704329181 -564.15206498345185  1.1466444412552743 -564.3555266194179  1.1538646086055491 -564.56262024765715  1.1610158169184412 -564.77317530663595  1.1680996268507349 -564.98702989316371  1.175117549187819 -565.2040307740258  1.1820710448365808 -565.42403337779353  1.2027424848149741 -566.09263864270156  1.2162724621665713 -566.54987845236349  1.2295576725813797 -567.01726633716351  1.2426228912047104 -567.49446298831731  1.2554644283603678 -567.97991586324497  1.2680957846295953 -568.47299630241855  1.2805416096069202 -568.97370741901079  1.2928055543537329 -569.48116711999876  1.3048841802896325 -569.9942628076119  1.3168222672845356 -570.51425914049071  1.3403870341371291 -571.56517627100766  1.3520094814644956 -572.09588969591493  1.3634814674135451 -572.63150821471561  1.3748115196930599 -573.17170917889609  1.3860073164148874 -573.7161949859003  1.3970757835034451 -574.26469098773339  1.4080231921115149 -574.81694342884691  1.418855256031025 -575.37271734958313  1.4295772291060755 -575.93179452277627  1.4401940026462938 -576.49397136416007  1.4717426032233392 -578.1892278505461  1.49237296877531 -579.33102836803175  1.5126367070244278 -580.48295500349741  1.5325650540707336 -581.6437108711782  1.5521856823246447 -582.81219227824454  1.5715233082699114 -583.98747538846158  1.5906003001935527 -585.16880289508958  1.609437285955313 -586.3555706828713  1.6280537607176924 -587.54731450064025  1.6464686947087157 -588.74369662544348  1.6738173640892695 -590.54489048556445  1.6828880235017905 -591.14640367780294  1.6919136164865465 -591.74887686064164  1.7009022621539931 -592.35269781900183  1.7098522913436085 -592.95759202166209  1.7187591289123749 -593.56308940821191  1.7276240531582034 -594.16912487063075  1.7364538574621062 -594.77601776463723  1.7452518797487135 -595.38385956852323  1.7540123057022654 -595.99212258741431  1.7714698786077927 -597.21005017281334  1.7801660496149623 -597.81964703889014  1.78883093419073 -598.42984344822924  1.7974658172519222 -599.04060713978049  1.8060719396148377 -599.65190712307492  1.8146504980021889 -600.26371367645675  1.8232026450314023 -600.87599834814341  1.8317294892300184 -601.48873395667943  1.8402320950197772 -602.10189458906234  1.8487114827294711 -602.71545560308493  1.8740829203020219 -604.55726967041414  1.890908542774085 -605.78665042072862  1.9076531311028748 -607.01735061094325  1.9243240468156089 -608.2491992738012  1.9409283778718471 -609.48203974410342  1.9574729386550198 -610.71572965194673  1.9739642699840199 -611.95014093232805  1.9904086391004319 -613.1851598140729  2.0068120396800162 -614.4206868302382  2.0231801918242507 -615.65663681018896  2.0395185420653945 -616.89293888441705 
 0 12 0.125 10 0.15625 10 0.1875 10 0.25 10 0.3125 10 0.328125 10 0.34375 10 0.375 10 0.4375 10 0.4453125 10 0.453125 10 0.46875 10 0.5 10 0.5625 10 0.625 10 0.75 10 0.8125 10 0.875 10 1 12
1 -2.6267141797074299e-13 0 0 -1 
1 2.0395185420653945 0 0 -1 
7 0 0  11 192 20  3.5388358909926865e-15 -154.39336600373699  0.018288106084742659 -155.65992876629039  0.036747507003735046 -156.92510816737109  0.055393570288618063 -158.18862051602409  0.074241500540268637 -159.45010550991449  0.093306930617604589 -160.70911971063228  0.11260651282556251 -161.96513001967821  0.13215851010430504 -163.21750715365371  0.15198338721692498 -164.46551912018916  0.17210440193867246 -165.70832469332871  0.19254819624489117 -166.94496688921649  0.21854468531362745 -168.48171632980865  0.2237654216689462 -168.78857407283357  0.22901131251919002 -169.09512515499873  0.23428286591345848 -169.40130214718675  0.23953721483998516 -169.70466796615275  0.24493869210511898 -170.01461652428918  0.25018195002544591 -170.31337477043306  0.25558604919672573 -170.61950872893942  0.26094564754448252 -170.92095326303965  0.26634777205601778 -171.2227523251826  0.27719599483967178 -171.82453227799758  0.28264461983638378 -172.12466123322304  0.28811876375215284 -172.42402975009216  0.29361942164106414 -172.72263471090375  0.29914757829698824 -173.02046929895008  0.30470420825391642 -173.31752299592756  0.31029027578535834 -173.61378158547478  0.31590673490517618 -173.90922714924233  0.32155452936666029 -174.20383807044627  0.32723459266334909 -174.49758903127628  0.344374358758682 -175.37617498060632  0.35593364609890027 -175.95834415623094  0.36763323596192016 -176.53672571792916  0.37948053416793354 -177.11102854173268  0.3914829171440799 -177.6809014183072  0.40364782262519466 -178.24593126846878  0.41598284035312266 -178.80564135823096  0.42849580277738036 -179.35948951450268  0.44119487575487271 -179.90686634007469  0.45408864925004316 -180.44709342922849  0.48028380681990002 -181.51174973660525  0.49358504517851393 -182.0361869340104  0.50709958471966587 -182.55196650663274  0.52083727705982197 -183.0582663540979  0.53480865216179618 -183.55419574782604  0.54902538667175382 -184.03878213357279  0.56350077225828854 -184.51095793577835  0.57825018394977445 -184.96954735957669  0.59329154847255361 -185.41325319527957  0.60864581258912487 -185.84064362071359  0.62826031114772996 -186.35251285117101  0.63221216177476081 -186.45396758551709  0.63612373225557628 -186.5526980490686  0.64024563528955991 -186.65512051738204  0.64416192578871079 -186.75035564156519  0.64833945909641932 -186.85057417826422  0.65238736437531575 -186.94543355693435  0.65654837002225408 -187.04131152125953  0.66070891698010292 -187.13513649444843  0.66490483828952163 -187.22782242629782  0.67335021650261362 -187.41036440622727  0.67760044926063656 -187.50024162846006  0.68187729816093201 -187.58865585576328  0.68617984689623912 -187.67553992263322  0.69050719036249031 -187.76082872698601  0.69485843465760866 -187.84445922730742  0.69923269708177516 -187.92637044635998  0.70362910613865359 -188.00650346731891  0.7080468015329876 -188.08480143701229  0.71248493417321079 -188.16120956374709  0.72585813016210743 -188.38460622787886  0.73485187764348159 -188.5257697122083  0.74391731085984136 -188.65874143549564  0.75304789232399261 -188.7831331969538  0.76223714481449512 -188.89859273101192  0.77147865137714233 -189.00480370746874  0.78076605532290255 -189.10148573096532  0.79009306023012538 -189.18839434189161  0.79945342994275881 -189.26532101532189  0.80884098857139619 -189.33209316192963  0.83706688433581267 -189.50153605835388  0.8559679294011262 -189.57334999915255  0.87490288030068242 -189.60293768965747  0.89382123507135702 -189.58984028716168  0.91267109966431437 -189.53423958288835  0.93139842242794657 -189.43697921872453  0.94994622860000877 -189.29958590370842  0.96825385478924109 -189.12429063071542  0.98625618346639421 -188.91404989302163  1.0038828774488868 -188.67256690091662  1.0232044565058651 -188.37078103550004  1.0253442472337504 -188.3368297169084  1.0274768324195245 -188.30246821712592  1.0296020579132832 -188.26770591043689  1.0317197695593483 -188.2325521717475  1.0338298132115464 -188.19701637496718  1.0359320347113705 -188.1611078952584  1.0380262799131381 -188.12483610653541  1.0401123946604662 -188.08821038369427  1.042190224804042 -188.05124010102972  1.0463290075779146 -187.97662916519744  1.0483894536471938 -187.93899826717976  1.0504424322805783 -187.90102537190359  1.0524885854235739 -187.86269499992457  1.0545185888441166 -187.82420104319348  1.0565393862942865 -187.78542249259579  1.0585635848514297 -187.74611865724501  1.0605856570095737 -187.70639606424655  1.0625915617873343 -187.66653156478824  1.0645984820121202 -187.62620075685234  1.0705987691479604 -187.50427132661474  1.0745772827462994 -187.42163353980038  1.0785343773169425 -187.3376725627067  1.0824703116554744 -187.25241670462358  1.0863853445621738 -187.16589427564836  1.0902797348300253 -187.07813358472268  1.0941537412609375 -186.98916294206941  1.0980076226480784 -186.8990106567972  1.1018416377914824 -186.80770503877361  1.1056560454868933 -186.71527439746444  1.117041222622654 -186.43469233257352  1.1245538302396394 -186.24323671918563  1.1319907374228539 -186.04758542716633  1.1393537043319566 -185.84793501598872  1.1466444412590935 -185.64447338107203  1.153864608608097 -185.43737975171274  1.1610158169220535 -185.22682469364833  1.1680996268535797 -185.01297010654329  1.175117549191004 -184.79596922595189  1.1820710448396046 -184.57596662209556  1.2027424848180073 -183.90736135721772  1.2162724621691923 -183.45012154747488  1.2295576725850001 -182.98273366284653  1.2426228912062094 -182.50553701143605  1.2554644283649126 -182.02008413675421  1.268095784630604 -181.52700369744488  1.2805416096109425 -181.02629258084261  1.2928055543556609 -180.51883287993812  1.3048841802925311 -180.005737192254  1.316822267287036 -179.48574085939316  1.3403870341396227 -178.43482372889943  1.3520094814669616 -177.90411030384172  1.3634814674158169 -177.36849178550207  1.3748115196955799 -176.82829082042926  1.3860073164169631 -176.28380501467714  1.3970757835058478 -175.7353090115092  1.4080231921136195 -175.18305657150114  1.4188552560332215 -174.62728265006118  1.429577229108185 -174.06820547720307  1.4401940026483633 -173.50602863571496  1.4717426032253351 -171.81077214936502  1.4923729687770491 -170.66897163180155  1.5126367070266722 -169.51704499652854  1.5325650540717752 -168.35628912849594  1.5521856823273463 -167.18780772192693  1.5715233082705198 -166.01252461117716  1.5906003001959967 -164.83119710499696  1.6094372859563491 -163.64442931693372  1.6280537607194046 -162.45268549930074  1.646468694710129 -161.25630337445091  1.6738173640906735 -159.45510951434792  1.682888023503142 -158.85359632208173  1.6919136164879001 -158.25112313931444  1.7009022621553602 -157.6473021808502  1.7098522913447207 -157.04240797830587  1.718759128913729 -156.43691059167662  1.7276240531592617 -155.83087512929461  1.7364538574633386 -155.22398223528552  1.7452518797497885 -154.61614043139875  1.7540123057033357 -154.00787741250943  1.7714698786088101 -152.78994982712089  1.7801660496158236 -152.18035296101951  1.7888309341919513 -151.57015655174058  1.7974658172522759 -150.95939286014999  1.806071939616464 -150.34809287677737  1.8146504980022145 -149.73628632366876  1.8232026450328414 -149.12400165158977  1.8317294892304197 -148.51126604341249  1.8402320950206541 -147.89810541082483  1.8487114827301521 -147.28454439687124  1.8740829203026528 -145.44273032954953  1.8909085427745738 -144.21334957916707  1.9076531311034517 -142.98264938920292  1.9243240468159106 -141.75080072583708  1.9409283778722677 -140.51796025631972  1.9574729386553418 -139.28427034756757  1.9739642699841509 -138.04985906801772  1.9904086391007236 -136.81484018570299  2.0068120396800735 -135.57931316983974  2.0231801918243315 -134.34336318978654  2.0395185420653945 -133.10706111558301 
 0 12 0.125 10 0.15625 10 0.1875 10 0.25 10 0.3125 10 0.328125 10 0.34375 10 0.375 10 0.4375 10 0.4453125 10 0.453125 10 0.46875 10 0.5 10 0.5625 10 0.625 10 0.75 10 0.8125 10 0.875 10 1 12
7 0 0  6 7 2  -0.31572811188013628 -131.23976444548498  -0.26087538587103565 -135.40092516653831  -0.20683333783431138 -139.47615805334786  -0.15369561013048416 -143.43530094417585  -0.1015058698244739 -147.25351184549777  -0.050280658093288064 -150.91104070873635  3.5527136788005009e-15 -154.39336600373696 
 0 7 1 7
Curves 6
1 -244.630545957827 -54.0872719902247 375 -0 0 -1 
7 0 0  5 6 2  -244.63054595782725 -54.08727199022475 -243.76023555451502  -250.0479321243653 -50.964040971779895 -238.76684268925072  -255.108239139245 -47.452724669424057 -233.90234941585959  -259.76628253753904 -43.623654635528759 -229.22702878523879  -264.00923999949481 -39.549213754262333 -224.78542435026449  -267.84066251669009 -35.285885426037709 -220.60663399626299 
 0 6 1 6
7 0 0  7 38 7  -267.84066251669009 -35.285885426037709 -220.60663399626299  -269.87276369443521 -33.024711024620025 -218.39034973290802  -271.85588989546534 -30.648412301435393 -216.17856660843751  -273.78725098160959 -28.148765839043033 -213.97310594687895  -275.66285678948856 -25.517374054397568 -211.77693787914217  -277.47720595842713 -22.7437272830174 -209.59439668194005  -279.22297475808659 -19.813265863127782 -207.43139611646001  -282.99211705506519 -12.789454209044145 -202.60450857766713  -284.95177323740717 -8.6257133035793618 -199.9797148741217  -286.77475243832055 -4.1343704765852252 -197.40829154418412  -288.43872291656686 0.74173196281788933 -194.90648965147312  -289.87371207594833 6.0961041512389533 -192.53827560587067  -291.01400592206573 11.955594772717323 -190.38021809931124  -292.20365802063679 23.579418018800595 -187.24053274695609  -292.47203583906048 29.290536584675976 -186.03445349460563  -292.31466319229025 35.375554377985154 -185.23079043074779  -291.65406916910041 41.577391092103639 -184.97362497048613  -290.49063148164498 47.660397306942755 -185.3074209251636  -288.94793999722219 53.336056589583407 -186.12425547909231  -285.91675498880193 62.423432976192466 -188.04376273822425  -284.4022749034292 66.221913483265794 -189.11564436751001  -282.79802531304318 69.722778968432223 -190.32571047431341  -281.13217532650003 72.959067198646565 -191.63436081621072  -279.4230381579228 75.961393459491433 -193.01447754146622  -277.67966553729235 78.763694793695691 -194.44957562228797  -272.58112090670772 86.310283517530848 -198.70674638203144  -269.15885215061996 90.605001166332983 -201.63532290870651  -265.65980791742658 94.452492314764299 -204.6579772971713  -262.10076350542806 97.90664092734265 -207.74478024514323  -258.4926142014034 101.02848112730312 -210.87302216316417  -254.83804173142366 103.85225313592457 -214.03363193574157  -247.10170073042801 109.18986354659778 -220.69595937751092  -243.01871932499205 111.64930872881182 -224.19631663075518  -238.88581965429353 113.82168796982776 -227.71692915680606  -234.70627057251156 115.72628831865683 -231.25107009997168  -230.48297949089189 117.37552744241309 -234.79389012389839  -226.21825579741144 118.77829077438878 -238.34188341062469  -221.91373238342629 119.93893452213823 -241.89293888441708 
 0 8 0.13919194874772101 6 0.314579636420805 6 0.448702328383904 6 0.56137096991487501 6 0.77151998069749494 6 1 8
1 -221.91373238342601 119.938934522138 375 -0 0 -1 
7 0 0  7 38 7  -267.84066251669009 -35.285885426037709 220.60663399626301  -269.87276369442998 -33.024711024624679 218.3903497329122  -271.85588989546102 -30.648412301445195 216.17856660844913  -273.78725098159197 -28.148765839057472 213.97310594689029  -275.66285678947781 -25.517374054420035 211.77693787916112  -277.47720595840633 -22.743727283045715 209.59439668196146  -279.22297475806573 -19.813265863163554 207.43139611648772  -282.992117055091 -12.789454208999578 202.60450857763379  -284.95177323745588 -8.6257133034752727 199.97971487406065  -286.77475243842525 -4.1343704763577769 197.40829154403818  -288.43872291667958 0.74173196317906265 194.90648965130038  -289.87371207608044 6.0961041517013781 192.53827560565793  -291.01400592219642 11.955594773388917 190.38021809906317  -292.20365802068881 23.579418019772532 187.24053274674429  -292.47203583906889 29.290536585835355 186.03445349441409  -292.31466319219976 35.375554379183846 185.23079043065155  -291.65406916893318 41.577391093426151 184.97362497046538  -290.49063148136253 47.660397308259462 185.30742092526737  -288.94793999687278 53.336056590853261 186.12425547927975  -285.91675498827431 62.423432977588206 188.04376273858884  -284.4022749027684 66.221913484814863 189.11564436798906  -282.79802531225096 69.722778970089252 190.32571047492092  -281.13217532557741 72.959067200403254 191.63436081694428  -279.42303815686006 75.961393461336229 193.01447754232188  -277.67966553609875 78.763694795603797 194.44957562327303  -272.58112090532285 86.310283519318034 198.70674638321373  -269.15885214920115 90.605001167943357 201.63532290992165  -265.65980791597218 94.452492316282488 204.6579772984397  -262.10076350391665 97.906640928723434 207.74478024644517  -258.49261419989267 101.02848112858086 210.8730221644779  -254.83804172985418 103.85225313711793 214.03363193709694  -247.10170072904498 109.1898635474316 220.69595937869818  -243.01871932382431 111.64930872942416 224.19631663174729  -238.88581965335038 113.8216879702594 227.71692915760764  -234.70627057179192 115.72628831893645 231.25107010056834  -230.48297949041407 117.37552744257083 234.79389012430039  -226.2182557971669 118.7782907744547 238.34188341082415  -221.91373238342632 119.93893452213823 241.89293888441702 
 0 8 0.139191948746786 6 0.31457963642318598 6 0.44870232838734397 6 0.56137096992568902 6 0.77151998070957795 6 1 8
7 0 0  5 6 2  -244.63054595782731 -54.087271990224757 243.76023555451499  -250.04793212436525 -50.964040971779895 238.76684268925058  -255.10823913924469 -47.452724669424519 233.90234941585965  -259.76628253753944 -43.623654635528396 229.22702878523884  -264.00923999949475 -39.549213754262318 224.78542435026438  -267.84066251669014 -35.285885426037709 220.60663399626301 
 0 6 1 6
Polygon3D 0
PolygonOnTriangulations 0
Surfaces 3
2 -197.181809956287 28.214717365173801 375 0 -0 1 -0.74377739537266185 -0.66842739780222893 0 -0.66842739780222893 0.74377739537266185 0 95
1 -77.045541533922702 -150.70336468744401 375 0.49946037896357998 0.86633673005682799 0 -0.86633673005682799 0.49946037896357998 0 0 -0 1 
1 -221.91373238342601 119.93893452213899 375 0.26033602554883789 -0.96551807533646661 -0 0.96551807533646661 0.26033602554883789 0 0 -0 1 
Triangulations 0

TShapes 14
Ve
0.000815006774850458
-244.630545957827 -54.0872719902245 243.760235554515
0 0

0101100
*
Ve
0.00081500677485046
-244.630545957826 -54.0872719902252 -243.760235554516
0 0

0101100
*
Ed
 1e-07 1 1 0
2  1 2 1 131.239764445485 618.760235554515
1  1 1 131.239764445485 618.760235554515
2  2 1 1 131.239764445485 618.760235554515
0

0101000
+14 0 -13 0 *
Ve
0.00198701686116069
-267.84066251669 -35.2858854260377 -220.606633996263
0 0

0101100
*
Ed
 5.53280387108065e-06 1 1 0
2  3 1 1 0 1
1  2 1 0 1
0

0101000
+13 0 -11 0 *
Ve
0.00198701686116069
-221.913732383426 119.938934522139 -241.892938884417
0 0

0101100
*
Ed
 3.63765312468147e-05 1 1 0
2  4 1 1 0 1
1  3 1 0 1
0

0101000
+11 0 -9 0 *
Ve
0.00198701686116059
-221.913732383426 119.938934522139 241.892938884417
0 0

0101100
*
Ed
 1e-07 1 1 0
2  5 3 1 133.107061115583 616.892938884417
1  4 1 133.107061115583 616.892938884417
2  6 1 1 133.107061115583 616.892938884417
0

0101000
+7 0 -9 0 *
Ve
0.00198701686116059
-267.84066251669 -35.2858854260377 220.606633996263
0 0

0101100
*
Ed
 3.63765312843213e-05 1 1 0
2  7 1 1 0 1
1  5 1 0 1
0

0101000
+5 0 -7 0 *
Ed
 5.53280373029588e-06 1 1 0
2  8 1 1 0 1
1  6 1 0 1
0

0101000
+14 0 -5 0 *
Wi

0101100
+12 0 +10 0 +8 0 -6 0 -4 0 -3 0 *
Fa
0  1e-07 1 1

1111000
+2 0 *

-1 0 
0

