DBRep_DrawableShape

CASCADE Topology V1, (c) Matra-Datavision
Locations 1
1
              1               0              -0               0 
             -0               1               0               0 
              0               0               1              50 
Curve2ds 7
1 0.16084147072676599 9.4247779607693793 -0 -1 
1 0.787128270656128 0 0 1 
1 2.1936229122069002 -40 1 0 
1 0 3.14159265358979 1 0 
7 0 0  11 42 5  1.8959394827657903 3.14159265358979  1.8959394823510323 3.190100639760042  1.8957180750775591 3.238466757482755  1.8952777348890935 3.2863563747725122  1.8946296865599423 3.3335361097982426  1.8937908129631522 3.3798476705094056  1.8927810705573085 3.4251871699997065  1.8916214130829427 3.4694899175065408  1.8903322234745721 3.5127206851794832  1.8889322539871352 3.5548694504704903  1.8874380745342449 3.5959526142835592  1.8842899839497467 3.6760867752674695  1.8826356303583605 3.7151454474128842  1.8809167384705896 3.7531943071152289  1.8791439967074277 3.7903508299335469  1.8773168377056846 3.8268604103993837  1.875450407183574 3.8626209409656087  1.8735508509336369 3.8977026383604247  1.8716159691288983 3.9323146276526417  1.8696589423347199 3.9663262413622706  1.8676789860748539 3.9998878470306756  1.8636833253927974 4.0661302368169894  1.8616670256956163 4.0988212881801775  1.8596393728591227 4.1310725537275701  1.8575868110576561 4.1631665868905587  1.8555596666855916 4.1944393600078422  1.8534629460775665 4.2263554443599993  1.8514397673199789 4.2568668184470777  1.8493428450864411 4.2882051569502764  1.847277721368449 4.318857976662879  1.8452028515549399 4.3494911207529681  1.8410563299546863 4.4104714786324619  1.8389836825995742 4.4408353884677956  1.83691286659034 4.4710980535529092  1.8348450552017157 4.5012839833554761  1.8327813770834875 4.5314171724517447  1.8307229162575112 4.5615211005327474  1.8286707121228902 4.5916187323987625  1.8266257594490556 4.6217325179621636  1.8245890083831109 4.6518843922478608  1.8225613644436134 4.6820957753907511  1.8205436885247297 4.7123875726384901 
 0 12 0.25 10 0.5 10 0.75 10 1 12
2 0 -115 0.81223286206741396 0.58333333333333304 -0.58333333333333304 0.81223286206741396 70
1 0 4.7123889803846897 1 0 
Curves 4
2 49.5830365009095 -65.588235294117695 40 0.70588235294117674 -0.70832909287013479 0 -0.70832909287013479 -0.70588235294117674 0 0 -0 -1 6
2 0 -115 40 0 -0 1 0.81223286206741396 0.58333333333333304 0 -0.58333333333333304 0.81223286206741396 0 64
7 0 0  6 17 4  -51.982903172314558 -77.666666666666771 39.999999999999979  -51.982903138586707 -77.666666619704088 40.633991866602685  -52.005459421213004 -77.560096659592858 41.263598852499548  -52.049793607487153 -77.350620915828813 41.848071787550019  -52.108484334547938 -77.073524581954956 42.375676307681829  -52.176847388603051 -76.751053323387723 42.845867133564603  -52.351997660867475 -75.925686153456638 43.819133508047983  -52.464245855097246 -75.397296405873803 44.285178071822699  -52.584096904382584 -74.833919028298169 44.679646248946  -52.709213469048478 -74.246724133312796 45.008229876880492  -52.838016303421327 -73.64321570851304 45.278223419125254  -53.074966486794473 -72.53485431238164 45.662472078745637  -53.181583112857126 -72.036786561258609 45.797107807806597  -53.289649064856071 -71.532602504847901 45.898021426997452  -53.398808192295782 -71.0240062791421 45.965729636432513  -53.508731020354112 -70.512549870080051 45.999999417225581  -53.619024220860702 -70.00001045448991 45.999999999994053 
 0 7 0.297041934673623 5 0.68940537653824097 5 1 7
2 0 -115 46 0 -0 1 0.81223286206741396 0.58333333333333304 0 -0.58333333333333304 0.81223286206741396 0 70
Polygon3D 0
PolygonOnTriangulations 0
Surfaces 4
5 0 -115 40 -0 -0 -1 0.81223286206741396 0.58333333333333304 -0 -0.58333333333333304 0.81223286206741396 -0 70 6
5 60.207972893961497 -55 40 -0 -0 -1 2.8421709430403998e-16 -1 0 -1 -2.8421709430403998e-16 0 15 6
2 0 -115 0 -0 0 -1 0 -1 -0 1 0 -0 64
1 0 0 -4 0 0 1 1 0 -0 -0 1 0 
Triangulations 0

TShapes 10
Ve
1e-07
49.5830365009095 -65.5882352941177 46
0 0

0101100
*
Ve
1e-07
45.3330619436886 -69.8235294117647 40
0 0

0101100
*
Ed
 1e-07 1 1 0
2  1 1 0 4.71238898038469 6.28318530717959
1  1 0 4.71238898038469 6.28318530717959
2  2 2 0 4.71238898038469 6.28318530717959
0

0101000
+10 0 -9 0 *
Ve
1e-05
-51.9829031723146 -77.6666666666668 40
0 0

0101100
*
Ed
 1e-07 1 1 0
2  3 3 0 0.160841470726766 1.89593948276579
1  2 0 0.160841470726766 1.89593948276579
2  4 1 0 0.160841470726766 1.89593948276579
0

0101000
+9 0 -7 0 *
Ve
2.32961217648219e-05
-53.619026473818 -70 46
0 0

0101100
*
Ed
 9.67465839108435e-06 1 1 0
2  5 1 0 0 1
1  3 0 0 1
0

0101000
+7 0 -5 0 *
Ed
 1e-07 1 1 0
2  6 4 1 0.160841470726766 1.82054359481523
1  4 0 0.160841470726766 1.82054359481523
2  7 1 0 0.160841470726766 1.82054359481523
0

0101000
+10 0 -5 0 *
Wi

0101100
+8 0 +6 0 +4 0 -3 0 *
Fa
0  1e-07 1 0

1111000
+2 0 *

-1 0 
0

