DBRep_DrawableShape

CASCADE Topology V1, (c) Matra-Datavision
Locations 6
1
              1               0              -0               0 
             -0               1               0               0 
              0               0               1            -500 
1
              1               0              -0               0 
             -0               1               0               0 
              0               0               1             -20 
2  2 -1 0
1
              1               0              -0               0 
             -0               1               0               0 
              0               0               1            -200 
2  4 -1 0
2  1 -1 0
Curve2ds 8
1 0 0 0 -1 
1 1 0 0 -1 
1 0 0 1 0 
1 0 -20 1 0 
1 0 0 1 0 
1 0 -200 1 0 
1 0 0 1 0 
1 0 -500 1 0 
Curves 2
1 409.00170000000003 153.71214294433599 0 0 0 -1 
7 0 0  14 15 2  409.00170000000003 153.71214294433599 0  400.92199438475399 145.25851364959399 0  396.92811333697398 132.899785308079 0  399.064761936141 118.775290660625 0  408.15466125770098 106.192295258333 0  423.06471454574199 98.858202268589196 0  440.50819555030699 99.600444623122399 0  455.78673092802097 108.996522715548 0  464.48246568190899 124.684228854338 0  464.43533676323199 142.14343078725801 0  456.43466554381502 156.706667689581 0  443.45358546863901 165.21840094738999 0  429.246935797932 166.71430248701299 0  417.08140561520798 162.165772239017 0  409.00169999994802 153.712142944232 0 
 0 15 1 15
Polygon3D 0
PolygonOnTriangulations 0
Surfaces 3
6 -0 -0 1 
7 0 0  14 15 2  409.00170000000003 153.71214294433599 0  400.92199438475399 145.25851364959399 0  396.92811333697398 132.899785308079 0  399.064761936141 118.775290660625 0  408.15466125770098 106.192295258333 0  423.06471454574199 98.858202268589196 0  440.50819555030699 99.600444623122399 0  455.78673092802097 108.996522715548 0  464.48246568190899 124.684228854338 0  464.43533676323199 142.14343078725801 0  456.43466554381502 156.706667689581 0  443.45358546863901 165.21840094738999 0  429.246935797932 166.71430248701299 0  417.08140561520798 162.165772239017 0  409.00169999994802 153.712142944232 0 
 0 15 1 15
6 -0 -0 1 
7 0 0  14 15 2  409.00170000000003 153.71214294433599 0  400.92199438475399 145.25851364959399 0  396.92811333697398 132.899785308079 0  399.064761936141 118.775290660625 0  408.15466125770098 106.192295258333 0  423.06471454574199 98.858202268589196 0  440.50819555030699 99.600444623122399 0  455.78673092802097 108.996522715548 0  464.48246568190899 124.684228854338 0  464.43533676323199 142.14343078725801 0  456.43466554381502 156.706667689581 0  443.45358546863901 165.21840094738999 0  429.246935797932 166.71430248701299 0  417.08140561520798 162.165772239017 0  409.00169999994802 153.712142944232 0 
 0 15 1 15
6 -0 -0 1 
7 0 0  14 15 2  409.00170000000003 153.71214294433599 0  400.92199438475399 145.25851364959399 0  396.92811333697398 132.899785308079 0  399.064761936141 118.775290660625 0  408.15466125770098 106.192295258333 0  423.06471454574199 98.858202268589196 0  440.50819555030699 99.600444623122399 0  455.78673092802097 108.996522715548 0  464.48246568190899 124.684228854338 0  464.43533676323199 142.14343078725801 0  456.43466554381502 156.706667689581 0  443.45358546863901 165.21840094738999 0  429.246935797932 166.71430248701299 0  417.08140561520798 162.165772239017 0  409.00169999994802 153.712142944232 0 
 0 15 1 15
Triangulations 0

TShapes 7
Ve
1e-07
409.0017 153.712142944336 0
0 0

0101100
*
Ed
 1e-07 1 1 0
1  1 0 0 500
3  1 2C2 1 0 0 500
0

0101000
+7 0 -7 1 *
Ed
 1e-07 1 1 0
1  2 0 0 1
2  3 2 0 0 1
2  4 2 3 0 1
2  5 3 0 0 1
2  6 3 5 0 1
2  7 1 0 0 1
2  8 1 6 0 1
0

0101100
+7 0 -7 0 *
Wi

0101000
+6 0 -6 0 -5 0 +5 1 *
Fa
0  1e-07 1 0

0111000
+4 0 *
Sh

0101000
+3 0 *
Co

1100000
+2 0 *

+1 0 
0

