DBRep_DrawableShape

CASCADE Topology V1, (c) Matra-Datavision
Locations 5
1
              1               0              -0               0 
             -0 1.11022302462516e-16              -1               0 
              0               1 1.11022302462516e-16               0 
1
              1               0              -0               0 
             -0               1               0              10 
              0               0               1               7 
1
              1               0              -0               5 
             -0               1               0               5 
              0               0               1               0 
2  1 1 2 1 3 1 0
2  3 -1 2 -1 1 -1 0
Curve2ds 4
7 0 0  1 2 2  0 2000  6.2831853071795898 2000 
 0 2 6.2831853071795898 2
8 0 2000
1 6.2831853071795898 0 0 1 
8 0 2000
1 0 0 0 1 
8 0 6.2831853071795898
1 0 0 1 0 
Curves 3
2 495 693 515 0 0 1 1 0 -0 -0 1 0 300
1 795 693 -1485 0 0 1 
2 495 693 -1485 0 0 1 1 0 -0 -0 1 0 300
Polygon3D 0
PolygonOnTriangulations 0
Surfaces 3
2 495 693 -1485 0 0 1 1 0 -0 -0 1 0 300
1 495 693 515 0 0 1 1 0 -0 -0 1 0 
1 495 693 -1485 0 0 1 1 0 -0 -0 1 0 
Triangulations 0

TShapes 13
Ve
1e-05
800 -500 700
0 0

0101100
*
Ed
 1e-05 1 1 0
1  1 0 0 6.28318530717959
2  1 1 0 0 6.28318530717959
0

0101100
+13 5 -13 5 *
Ve
1e-05
800 1500 700
0 0

0101100
*
Ed
 1e-05 1 1 0
1  2 0 0 2000
3  2 3CN 1 0 0 2000
0

0101000
-13 5 +11 5 *
Ed
 1e-05 1 1 0
1  3 0 0 6.28318530717959
2  4 1 0 0 6.28318530717959
0

0101100
+11 5 -11 5 *
Wi

0101000
-12 0 +10 0 +9 0 -10 0 *
Fa
0  1e-05 1 0

0111000
+8 0 *
Wi

0101000
+12 0 *
Fa
0  1e-05 2 0

0111000
+6 0 *
Wi

0101000
-9 0 *
Fa
0  1e-05 3 0

0111000
-4 0 *
Sh

0101100
+7 0 +5 0 -3 0 *
So

1100100
+2 0 *

+1 4 
0

