DBRep_DrawableShape

CASCADE Topology V1, (c) Matra-Datavision
Locations 0
Curve2ds 4
1 0 0 0 1 
1 0 0 1 0 
1 1.5707963267949001 0 0 1 
1 0 2.7925268031909298 1 0 
Curves 4
2 200 0 0 0 -1 0 1 0 0 -0 0 1 50
2 0 0 0 0 0 1 1 0 -0 -0 1 0 250
2 -6.9829626776862667e-13 200 0 1 3.4914813388431334e-15 -0 -3.4914813388431334e-15 1 0 0 0 1 50
2 0 0 17.101007166283321 0 0 1 1 0 -0 -0 1 0 153.01536896070454
Polygon3D 0
PolygonOnTriangulations 0
Surfaces 1
5 0 0 0 0 0 1 1 0 -0 -0 1 0 200 50
Triangulations 0

TShapes 10
Ve
1e-07
250 0 0
0 0

0101100
*
Ve
1e-07
153.015368960705 0 17.1010071662833
0 0

0101100
*
Ed
 1e-07 1 1 0
1  1 0 0 2.79252680319093
2  1 1 0 0 2.79252680319093
0

0101000
+10 0 -9 0 *
Ve
1e-07
-8.72870334710783e-13 250 0
0 0

0101100
*
Ed
 1e-07 1 1 0
1  2 0 0 1.5707963267949
2  2 1 0 0 1.5707963267949
0

0101000
+10 0 -7 0 *
Ve
1e-07
-5.34250305282497e-13 153.015368960705 17.1010071662833
0 0

0101100
*
Ed
 1e-07 1 1 0
1  3 0 0 2.79252680319093
2  3 1 0 0 2.79252680319093
0

0101000
+7 0 -5 0 *
Ed
 1e-07 1 1 0
1  4 0 0 1.5707963267949
2  4 1 0 0 1.5707963267949
0

0101000
+9 0 -5 0 *
Wi

0101100
-8 0 +6 0 +4 0 -3 0 *
Fa
1  1e-07 1 0

1111000
+2 0 *

+1 0 
0

