DBRep_DrawableShape

CASCADE Topology V1, (c) Matra-Datavision
Locations 0
Curve2ds 4
1 -150 0 0 1 
1 0 -150 1 0 
1 150 0 0 1 
1 0 150 1 0 
Curves 4
7 0 0  1 2 2  40 150 -150  40 -150 -150 
 -150 2 150 2
7 0 0  1 2 2  40 150 -150  40 150 150 
 -150 2 150 2
7 0 0  1 2 2  40 150 150  40 -150 150 
 -150 2 150 2
7 0 0  1 2 2  40 -150 -150  40 -150 150 
 -150 2 150 2
Polygon3D 0
PolygonOnTriangulations 0
Surfaces 1
9 0 0 0 0 1 1 2 2 2 2 40 150 -150  40 -150 -150  
40 150 150  40 -150 150  

-150 2
150 2

-150 2
150 2

Triangulations 0

TShapes 10
Ve
1e-07
40 150 -150
0 0

0101100
*
Ve
1e-07
40 -150 -150
0 0

0101100
*
Ed
 1e-07 1 1 0
1  1 0 -150 150
2  1 1 0 -150 150
0

0101000
+10 0 -9 0 *
Ve
1e-07
40 150 150
0 0

0101100
*
Ed
 1e-07 1 1 0
1  2 0 -150 150
2  2 1 0 -150 150
0

0101000
+10 0 -7 0 *
Ve
1e-07
40 -150 150
0 0

0101100
*
Ed
 1e-07 1 1 0
1  3 0 -150 150
2  3 1 0 -150 150
0

0101000
+7 0 -5 0 *
Ed
 1e-07 1 1 0
1  4 0 -150 150
2  4 1 0 -150 150
0

0101000
+9 0 -5 0 *
Wi

0101100
-8 0 +6 0 +4 0 -3 0 *
Fa
1  1e-07 1 0

1111000
+2 0 *

e1 0 
0

