DBRep_DrawableShape

CASCADE Topology V1, (c) Matra-Datavision
Locations 0
Curve2ds 16
1 0 0 1 0 
1 30.074955962766033 0 0 1 
1 0 0 0 1 
1 0 1 1 0 
1 0 0 0 1 
1 64.187438464406569 0 0 1 
1 0 0 1 0 
1 64.187439668570022 0 0 1 
1 0 0 0 1 
7 0 0  1 2 2  0 1  64.187439668570022 1 
 0 2 64.187438714941791 2
1 0 0 1 0 
1 30.074953392781484 0 0 1 
1 0 0 0 1 
1 0 1 1 0 
1 0 0 1 0 
7 0 0  1 2 2  0 1  64.187438464406569 1 
 0 2 64.18743751077831 2
Curves 12
1 25 -25 25 -0.29667135126735517 0.29667135126735517 0.90772915491042983 
7 0 0  1 2 2  16.07762217522 -16.07762217522 52.299914360050003  -4.8289948701860004 -36.984238624569997 52.299914360050003 
 0 2 1 2
1 4.093383848667 -45.90661525726 25 -0.29667138186765357 0.29667131250219864 0.90772915757893313 
7 0 0  1 2 2  25 -25 25  4.093383848667 -45.90661525726 25 
 0 2 1 2
1 16.07762217522 -16.07762217522 52.299914360050003 -0.63996355653571957 0.63996355653571957 -0.42531552124546979 
7 0 0  1 2 2  -25 25 25  -45.90661525726 4.0933838486670027 25 
 0 2 1 2
1 -4.8289948701860004 -36.984238624569997 52.299914360050003 -0.63996353818542062 0.63996357068653054 -0.42531552756435237 
1 -25 25 25 0.29667137661870913 -0.29667137661870913 -0.90772913833936175 
7 0 0  1 2 2  -16.07762217522 16.07762217522 -2.2999115288260015  -36.984238624569997 -4.8289948701860004 -2.2999115288260015 
 0 2 1 2
1 -45.90661525726 4.093383848667 25 0.29667133785354943 -0.29667140721901031 -0.90772914100786539 
1 -16.07762217522 16.07762217522 -2.2999115288260001 0.63996356854150671 -0.63996356854150671 0.4253154851157433 
1 -36.984238624569997 -4.8289948701860004 -2.2999115288260001 0.63996358269231846 -0.63996355019120799 0.42531549143462566 
Polygon3D 0
PolygonOnTriangulations 0
Surfaces 6
9 0 0 0 0 1 1 2 2 2 2 25 -25 25  4.093383848667 -45.90661525726 25  
16.07762217522 -16.07762217522 52.299914360050003  -4.8289948701860004 -36.984238624569997 52.299914360050003  

0 2
30.074955962766033 2

0 2
1 2

9 0 0 0 0 1 1 2 2 2 2 16.07762217522 -16.07762217522 52.299914360050003  -4.8289948701860004 -36.984238624569997 52.299914360050003  
-25 25 25  -45.90661525726 4.0933838486670027 25  

0 2
64.187439668570022 2

0 2
1 2

9 0 0 0 0 1 1 2 2 2 2 -16.07762217522 16.07762217522 -2.2999115288260001  -36.984238624569997 -4.8289948701860004 -2.2999115288260001  
25 -25 25  4.0933838486670027 -45.90661525726 25  

0 2
64.187438464406569 2

0 2
1 2

9 0 0 0 0 1 1 2 2 2 2 -25 25 25  -45.90661525726 4.093383848667 25  
-16.07762217522 16.07762217522 -2.2999115288260015  -36.984238624569997 -4.8289948701860004 -2.2999115288260015  

0 2
30.074953392781484 2

0 2
1 2

1 -4.4408920985006262e-16 4.4408920985006262e-16 25.000000707805999 0.70710678118654746 0.70710678118654757 0 0.70710678118654757 -0.70710678118654746 0 0 0 -1 
1 -20.906616225837247 -20.906616225837251 25.000000707805999 0.70710678118654713 0.70710678118654791 1.2256865074703566e-15 0.70710678118654791 -0.70710678118654713 0 8.666912410411446e-16 8.6669124104114559e-16 -1 
Triangulations 0

TShapes 35
Ve
0.003
25 -25 25
0 0

0101101
*
Ve
0.003
16.07762217522 -16.07762217522 52.29991436005
0 0

0101101
*
Ed
 0.003 1 1 0
1  1 0 0 30.074955962766
2  1 1 0 0 30.074955962766
0

0101000
+35 0 -34 0 *
Ve
0.003
-4.828994870186 -36.98423862457 52.29991436005
0 0

0101101
*
Ed
 1e-07 1 1 0
1  2 0 0 1
2  2 1 0 0 1
2  3 2 0 0 1
0

0101000
+34 0 -32 0 *
Ve
0.003
4.093383848667 -45.90661525726 25
0 0

0101101
*
Ed
 0.003 1 1 0
1  3 0 0 30.074955874353
2  4 1 0 0 30.074955874353
0

0101000
+30 0 -32 0 *
Ed
 1e-07 1 1 0
1  4 0 0 1
2  5 1 0 0 1
2  6 3 0 0 1
0

0101000
+35 0 -30 0 *
Wi

0101000
+33 0 +31 0 -29 0 -28 0 *
Fa
0  1e-07 1 0

0111000
+27 0 *
Ve
0.003
-25 25 25
0 0

0101101
*
Ed
 0.003 1 1 0
1  5 0 0 64.18743966857
2  7 2 0 0 64.18743966857
0

0101000
+34 0 -25 0 *
Ve
0.003
-45.90661525726 4.093383848667 25
0 0

0101101
*
Ed
 1e-07 1 1 0
1  6 0 0 1
2  8 2 0 0 1
2  9 4 0 0 1
0

0101000
+25 0 -23 0 *
Ed
 0.003 1 1 0
1  7 0 0 64.1874387149418
2  10 2 0 0 64.1874387149418
0

0101000
+32 0 -23 0 *
Wi

0101000
+24 0 +22 0 -21 0 -31 0 *
Fa
0  1e-07 2 0

0111000
+20 0 *
Ve
0.003
-16.07762217522 16.07762217522 -2.299911528826
0 0

0101101
*
Ed
 0.003 1 1 0
1  8 0 0 30.0749533927815
2  11 4 0 0 30.0749533927815
0

0101000
+25 0 -18 0 *
Ve
0.003
-36.98423862457 -4.828994870186 -2.299911528826
0 0

0101101
*
Ed
 1e-07 1 1 0
1  9 0 0 1
2  12 4 0 0 1
2  13 3 0 0 1
0

0101000
+18 0 -16 0 *
Ed
 0.003 1 1 0
1  10 0 0 30.0749533043684
2  14 4 0 0 30.0749533043684
0

0101000
+23 0 -16 0 *
Wi

0101000
+17 0 +15 0 -14 0 -22 0 *
Fa
0  1e-07 4 0

0101000
+13 0 *
Ed
 0.003 1 1 0
1  11 0 0 64.1874384644066
2  15 3 0 0 64.1874384644066
0

0101000
+18 0 -35 0 *
Ed
 0.003 1 1 0
1  12 0 0 64.1874375107783
2  16 3 0 0 64.1874375107783
0

0101000
+16 0 -30 0 *
Wi

0101000
+11 0 +28 0 -10 0 -15 0 *
Fa
0  1e-07 3 0

0101000
+9 0 *
Wi

0101100
+33 0 +24 0 +17 0 +11 0 *
Fa
0  0.003 5 0

0111100
-7 0 *
Wi

0101100
+29 0 +21 0 +14 0 +10 0 *
Fa
0  0.003 6 0

0111100
-5 0 *
Sh

0101100
+26 0 +19 0 +12 0 +8 0 +6 0 -4 0 *
So

0100000
+3 0 *
Co

1100000
+2 0 *

+1 0 