DBRep_DrawableShape

CASCADE Topology V1, (c) Matra-Datavision
Locations 0
Curve2ds 4
1 4.4576245751248296 0 0 1 
1 0 1.5707963267949001 1 0 
1 4.9671533856445498 0 0 1 
1 0 3.14159265358979 1 0 
Curves 4
2 -22.78090814540246 -47.416049559785904 36.25 -0.96772269652450627 0.25201742525337079 0 -0.25201742525337079 -0.96772269652450627 0 0 0 1 2
2 -4.2072238922119096 23.905113220214801 38.25 0 0 1 1 0 -0 -0 1 0 73.700000047683702
2 14.366460360978614 -47.416049559785918 36.25 -0.96772269652450638 -0.25201742525337045 0 0.25201742525337045 -0.96772269652450638 -0 0 0 1 2
2 -4.2072238922119096 23.905113220214801 36.250000000000007 0 0 1 1 0 -0 -0 1 0 71.700000047683702
Polygon3D 0
PolygonOnTriangulations 0
Surfaces 1
5 -4.2072238922119096 23.905113220214801 36.25 0 0 1 1 0 -0 -0 1 0 73.700000047683702 2
Triangulations 0

TShapes 10
Ve
1e-07
-22.7809081454025 -47.4160495597859 38.25
0 0

0101100
*
Ve
1e-07
-22.2768732948957 -45.4806041667369 36.25
0 0

0101100
*
Ed
 1e-07 1 1 0
1  1 0 1.5707963267949 3.14159265358979
2  1 1 0 1.5707963267949 3.14159265358979
0

0101000
+10 0 -9 0 *
Ve
1e-07
14.3664603609786 -47.4160495597859 38.25
0 0

0101100
*
Ed
 1e-07 1 1 0
1  2 0 4.45762457512483 4.96715338564455
2  2 1 0 4.45762457512483 4.96715338564455
0

0101000
+10 0 -7 0 *
Ve
1e-07
13.8624255104719 -45.4806041667369 36.25
0 0

0101100
*
Ed
 1e-07 1 1 0
1  3 0 1.5707963267949 3.14159265358979
2  3 1 0 1.5707963267949 3.14159265358979
0

0101000
+7 0 -5 0 *
Ed
 1e-07 1 1 0
1  4 0 4.45762457512483 4.96715338564455
2  4 1 0 4.45762457512483 4.96715338564455
0

0101000
+9 0 -5 0 *
Wi

0101100
-8 0 +6 0 +4 0 -3 0 *
Fa
1  1e-07 1 0

1101000
+2 0 *

+1 0 
0

