DBRep_DrawableShape

CASCADE Topology V1, (c) Matra-Datavision
Locations 0
Curve2ds 6
6 0 1 0 1  1 1  
6 0 1 1 0  1 1  
6 0 1 0 1  1 1  
6 0 1 0 0  1 0  
6 0 1 0 0  0 1  
6 0 1 0 0  0 1  
Curves 4
6 0 7 1381.07690000001 737.89177999998401 861.32183999998904  1380.7682716027 738.287939383413 860.50295584565799  1349.5585247346801 777.09358045522299 736.31231005961604  1376.8189924963301 741.93778680511502 842.90933151259605  1345.69549560531 780.26938158112898 717.12641388006296  1350.04242368206 771.11509587845603 736.14356238082098  1342.27690309594 776.05216009644005 701.90264615628701  1336.5358741124301 779.83554160659003 674.15500526936398  
6 0 4 1584.7112548770499 781.01286904670701 665.11638093603597  1522.6693561560701 780.74427036469501 667.43137695883502  1460.6250160007301 780.44212890552706 669.67750477550601  1398.58055904159 780.14016661541302 671.92046135202202  1336.5358741124301 779.83554160659298 674.15500526935602  
6 0 7 1631.07690000003 737.89177999998196 861.32183999998495  1630.7528567915499 738.30772603342996 860.462055705843  1596.3638225341499 781.06578506026096 723.59884617457499  1631.35238016571 736.10257503912601 860.65298603588496  1588.54409847138 789.10249214350199 688.28278311651695  1602.1364644083401 767.48514949132402 745.00156353870705  1589.3640697810599 778.23031733122798 689.09861385783097  1584.7112548770499 781.01286904670803 665.11638093603597  
6 0 1 1631.0769 737.89178000000004 861.32183999999995  1381.0769 737.89178000000004 861.32183999999995  
Polygon3D 0
PolygonOnTriangulations 0
Surfaces 3
8 0 0 7 4 1631.07690000003 737.89177999998196 861.32183999998495  1568.57690000002 737.89177999998196 861.32183999998495  1506.07690000002 737.89177999998299 861.32183999998597  1443.57690000002 737.89177999998299 861.32183999998699  1381.07690000001 737.89177999998401 861.32183999998904  
1630.7528567915499 738.30772603342996 860.462055705843  1568.25671049434 738.30277937092603 860.47228074079601  1505.76056419713 738.29783270842097 860.48250577575004  1443.2644178999101 738.29288604591704 860.49273081070396  1380.7682716027 738.287939383413 860.50295584565799  
1596.3638225341499 781.06578506026096 723.59884617457499  1534.6624980842801 780.07273390900195 726.77721214583505  1472.96117363442 779.07968275774203 729.955578117095  1411.2598491845499 778.086631606482 733.13394408835597  1349.5585247346801 777.09358045522299 736.31231005961604  
1631.35238016571 736.10257503912601 860.65298603588496  1567.7190332483699 737.56137798062298 856.21707240506305  1504.08568633102 739.02018092212097 851.78115877424102  1440.45233941368 740.47898386361805 847.34524514341797  1376.8189924963301 741.93778680511502 842.90933151259605  
1588.54409847138 789.10249214350199 688.28278311651695  1527.83194775486 786.89421450290899 695.49369080740405  1467.11979703834 784.685936862316 702.70459849829001  1406.40764632183 782.47765922172198 709.91550618917699  1345.69549560531 780.26938158112898 717.12641388006296  
1602.1364644083401 767.48514949132402 745.00156353870705  1539.1129542267699 768.392636088107 742.78706324923598  1476.0894440452 769.30012268488997 740.57256295976299  1413.0659338636301 770.20760928167294 738.35806267029204  1350.04242368206 771.11509587845603 736.14356238082098  
1589.3640697810599 778.23031733122798 689.09861385783097  1527.59227810978 777.68577802253003 692.29962193244705  1465.8204864385 777.14123871383401 695.500630007057  1404.04869476722 776.59669940513697 698.70163808167297  1342.27690309594 776.05216009643902 701.90264615628701  
1584.7112548770499 781.01286904670803 665.11638093603597  1522.6693561560701 780.74427036469297 667.43137695884298  1460.6250160007301 780.44212890552501 669.67750477550499  1398.58055904159 780.14016661541098 671.92046135202702  1336.5358741124301 779.83554160659003 674.15500526936296  

8 0 0 4 1 1587.52093183847 774.59897473774504 652.394801173833  1584.7112548770599 781.01286904672702 665.11638093601096  
1524.7713013371099 774.57251226640005 655.19150288027697  1522.6693561560701 780.744270364714 667.43137695881603  
1462.02167068535 774.54604778236796 657.98820072651301  1460.6250160007301 780.44212890554502 669.67750477549498  
1399.27203988319 774.51958128565002 660.78489471254102  1398.58055904159 780.14016661542996 671.92046135201701  
1336.52240893064 774.49311277624497 663.58158483835996  1336.5358741124301 779.83554160660901 674.15500526935796  

8 0 0 3 1 1631.0769 737.89178000000004 861.32183999999995  1381.0769 737.89178000000004 861.32183999999995  
1631.42004 737.45123000000001 862.23248000000001  1381.42004 737.45123000000001 862.23248000000001  
1641.9906000000001 719.51360999999997 898.15386999999998  1391.9906000000001 719.51360999999997 898.15386999999998  
1648.9216300000001 711.06519000000003 924.70947000000001  1398.9216300000001 711.06519000000003 924.70947000000001  

Triangulations 0

TShapes 10
Ve
0.0001
1381.07690000001 737.891779999992 861.321839999994
0 0

0101100
*
Ve
0.0001
1336.53587411243 779.835541606601 674.155005269357
0 0

0101100
*
Ed
 0.0001 1 1 0
1  1 0 0 1
2  1 1 0 0 1
0

0101000
+10 0 -9 0 *
Ve
0.0001
1584.71125487705 781.012869046717 665.116380936023
0 0

0101100
*
Ed
 0.0001 1 1 0
1  2 0 0 1
2  2 1 0 0 1
2  3 2 0 0 1
0

0101000
+7 0 -9 0 *
Ve
0.0001
1631.07690000001 737.891779999991 861.321839999993
0 0

0101100
*
Ed
 0.0001 1 1 0
1  3 0 0 1
2  4 1 0 0 1
0

0101000
+5 0 -7 0 *
Ed
 0.0001 1 1 0
1  4 0 0 1
2  5 3 0 0 1
2  6 1 0 0 1
4 G1 3 0 1 0
0

0101000
+5 0 -10 0 *
Wi

0101100
+8 0 -6 0 -4 0 +3 0 *
Fa
0  1e-07 1 0

0111000
-2 0 *

-1 0 
0

