DBRep_DrawableShape

CASCADE Topology V1, (c) Matra-Datavision
Locations 0
Curve2ds 16
7 0 0  1 2 2  0 0  50.000005364415713 0 
 0 2 50.0000023841854 2
1 50.000005364415713 0 0 1 
1 0 0 0 1 
1 0 1 1 0 
1 0 0 0 1 
1 50.000006953873005 0 0 1 
1 0 0 1 0 
1 50.000003576277336 0 0 1 
1 0 0 0 1 
7 0 0  1 2 2  0 1  50.000003576277336 1 
 0 2 50.000003178914895 2
1 0 0 1 0 
1 50.000002980231102 0 0 1 
1 0 0 0 1 
7 0 0  1 2 2  0 1  50.000002980231102 1 
 0 2 50.000001589457653 2
7 0 0  1 2 2  0 0  50.000006953873005 0 
 0 2 50.000004768370694 2
1 0 1 1 0 
Curves 12
1 25 -25 -25 -0.66666665474574194 -0.33333338101702847 0.66666665474574194 
7 0 0  1 2 2  -8.3333343267440014 -41.666669845580003 8.3333343267440014  -41.666674613949993 -8.3333319425580008 -8.3333343267440014 
 0 2 1 2
1 -8.3333361148830001 8.3333361148830001 -41.666669845580003 -0.66666669845579374 -0.33333332538604943 0.66666663885118016 
7 0 0  1 2 2  25 -25 -25  -8.3333361148830001 8.3333361148830001 -41.666669845580003 
 0 2 1 2
1 -8.3333343267439997 -41.666669845580003 8.3333343267439997 0.33333334922790991 0.66666666269302255 0.66666666269302255 
7 0 0  1 2 2  8.3333343267439997 -8.3333343267440014 41.666669845580003  -25.000002384190001 25.000002384190001 25 
 0 2 1 2
1 -41.666674613950001 -8.3333319425580008 -8.3333343267439997 0.33333342340242827 0.66666664414942955 0.66666664414934951 
1 8.3333343267439997 -8.3333343267439997 41.666669845580003 0.66666667064030516 0.33333338896432929 -0.66666663487752731 
7 0 0  1 2 2  41.666669845580003 8.3333361148829983 8.3333361148829965  8.3333319425580008 41.666674613950001 -8.3333319425580044 
 0 2 1 2
1 -25.000002384190001 25.000002384190001 25 0.66666666534219132 0.33333343399881243 -0.66666661765839297 
1 41.666669845580003 8.3333361148830001 8.3333361148830001 -0.33333336512245909 -0.6666666587193848 -0.6666666587193848 
1 8.3333319425580008 41.666674613950001 -8.3333319425580008 -0.33333331478966921 -0.66666667726303175 -0.66666666534213348 
Polygon3D 0
PolygonOnTriangulations 0
Surfaces 6
9 0 0 0 0 1 1 2 2 2 2 25 -25 -25  -8.3333361148830001 8.3333361148830001 -41.666669845580003  
-8.3333343267440014 -41.666669845580003 8.3333343267440014  -41.666674613949993 -8.3333319425580008 -8.3333343267440014  

0 2
50.000005364415713 2

0 2
1 2

9 0 0 0 0 1 1 2 2 2 2 -8.3333343267439997 -41.666669845580003 8.3333343267439997  -41.666674613950001 -8.3333319425580008 -8.3333343267439997  
8.3333343267439997 -8.3333343267440014 41.666669845580003  -25.000002384190001 25.000002384190001 25  

0 2
50.000003576277336 2

0 2
1 2

9 0 0 0 0 1 1 2 2 2 2 41.666669845580003 8.3333361148830001 8.3333361148830001  8.3333319425580008 41.666674613950001 -8.3333319425580008  
25 -24.999999999999996 -24.999999999999996  -8.3333361148830001 8.3333361148830036 -41.666669845580003  

0 2
50.000006953873005 2

0 2
1 2

9 0 0 0 0 1 1 2 2 2 2 8.3333343267439997 -8.3333343267439997 41.666669845580003  -25.000002384190001 25.000002384190001 25  
41.666669845580003 8.3333361148829983 8.3333361148829965  8.3333319425580008 41.666674613950001 -8.3333319425580044  

0 2
50.000002980231102 2

0 2
1 2

1 16.666667461395001 -16.66666701436025 8.3333350718017503 0.66666668057441358 -0.66666666865348734 0.33333330154419638 0.70710677486452178 0.70710678750857336 0 -0.23570224002454324 0.23570223580985977 0.94280905282121985 
1 -16.666670292616249 16.666670292616249 -8.3333340287205022 0.66666666401754981 -0.66666667991211981 0.33333331214065981 -0.70710678961591622 -0.70710677275717893 0 0.23570224260024328 -0.23570224821982202 -0.94280904907480467 
Triangulations 0

TShapes 35
Ve
0.003
25 -25 -25
0 0

0101101
*
Ve
0.003
-8.333334326744 -41.66666984558 8.333334326744
0 0

0101101
*
Ed
 0.003 1 1 0
1  1 0 0 50.0000023841854
2  1 1 0 0 50.0000023841854
0

0101000
+35 0 -34 0 *
Ve
0.003
-41.66667461395 -8.333331942558 -8.333334326744
0 0

0101101
*
Ed
 1e-07 1 1 0
1  2 0 0 1
2  2 1 0 0 1
2  3 2 0 0 1
0

0101000
+34 0 -32 0 *
Ve
0.003
-8.333336114883 8.333336114883 -41.66666984558
0 0

0101101
*
Ed
 0.003 1 1 0
1  3 0 0 50.0000053644157
2  4 1 0 0 50.0000053644157
0

0101000
+30 0 -32 0 *
Ed
 1e-07 1 1 0
1  4 0 0 1
2  5 1 0 0 1
2  6 3 0 0 1
0

0101000
+35 0 -30 0 *
Wi

0101000
+33 0 +31 0 -29 0 -28 0 *
Fa
0  1e-07 1 0

0111000
+27 0 *
Ve
0.003
8.333334326744 -8.333334326744 41.66666984558
0 0

0101101
*
Ed
 0.003 1 1 0
1  5 0 0 50.0000035762773
2  7 2 0 0 50.0000035762773
0

0101000
+34 0 -25 0 *
Ve
0.003
-25.00000238419 25.00000238419 25
0 0

0101101
*
Ed
 1e-07 1 1 0
1  6 0 0 1
2  8 2 0 0 1
2  9 4 0 0 1
0

0101000
+25 0 -23 0 *
Ed
 0.003 1 1 0
1  7 0 0 50.0000031789149
2  10 2 0 0 50.0000031789149
0

0101000
+32 0 -23 0 *
Wi

0101000
+24 0 +22 0 -21 0 -31 0 *
Fa
0  1e-07 2 0

0111000
+20 0 *
Ve
0.003
41.66666984558 8.333336114883 8.333336114883
0 0

0101101
*
Ed
 0.003 1 1 0
1  8 0 0 50.0000029802311
2  11 4 0 0 50.0000029802311
0

0101000
+25 0 -18 0 *
Ve
0.003
8.333331942558 41.66667461395 -8.333331942558
0 0

0101101
*
Ed
 1e-07 1 1 0
1  9 0 0 1
2  12 4 0 0 1
2  13 3 0 0 1
0

0101000
+18 0 -16 0 *
Ed
 0.003 1 1 0
1  10 0 0 50.0000015894577
2  14 4 0 0 50.0000015894577
0

0101000
+23 0 -16 0 *
Wi

0101000
+17 0 +15 0 -14 0 -22 0 *
Fa
0  1e-07 4 0

0101000
+13 0 *
Ed
 0.003 1 1 0
1  11 0 0 50.0000047683707
2  15 3 0 0 50.0000047683707
0

0101000
+18 0 -35 0 *
Ed
 0.003 1 1 0
1  12 0 0 50.000006953873
2  16 3 0 0 50.000006953873
0

0101000
+16 0 -30 0 *
Wi

0101000
+11 0 +28 0 -10 0 -15 0 *
Fa
0  1e-07 3 0

0101000
+9 0 *
Wi

0101100
+33 0 +24 0 +17 0 +11 0 *
Fa
0  0.003 5 0

0111100
-7 0 *
Wi

0101100
+29 0 +21 0 +14 0 +10 0 *
Fa
0  0.003 6 0

0111100
-5 0 *
Sh

0101100
+26 0 +19 0 +12 0 +8 0 +6 0 -4 0 *
So

0100000
+3 0 *
Co

1100000
+2 0 *

+1 0 