DBRep_DrawableShape

CASCADE Topology V1, (c) Matra-Datavision
Locations 5
1
              1               0              -0  1122.825172144 
             -0               1               0               0 
              0               0               1 -3429.88988639574 
1
              1               0              -0               0 
             -0               1               0               0 
              0               0               1             -50 
2  2 -1 0
2  1 -1 2 -1 0
2  2 1 1 1 0
Curve2ds 4
1 0 0 0 -1 
1 6.2831853071795898 0 0 -1 
1 0 0 1 0 
1 0 -3609 1 0 
Curves 2
1 -605.93242802282998 -78.872802734375 1841.2778812773299 0.3111180859362721 0 -0.95037126250921033 
2 -548.910144665752 -78.872802734375 1909.9449431978701 0.311117698675617 0 -0.95037138928462495 -0.95037138928462495 0 -0.311117698675617 0 1 0 60
Polygon3D 0
PolygonOnTriangulations 0
Surfaces 2
6 -0.3111180859362721 -0 0.95037126250921033 
2 -548.910144665752 -78.872802734375 1859.9449431978701 0.311117698675617 0 -0.95037138928462495 -0.95037138928462495 0 -0.311117698675617 0 1 0 60
1 -548.910144665752 -78.872802734375 1909.9449431978701 0.311117698675617 0 -0.95037138928462495 -0.95037138928462495 0 -0.311117698675617 0 1 0 
Triangulations 0

TShapes 9
Ve
1e-07
-605.93242802283 -78.872802734375 1841.27788127733
0 0

0101100
*
Ed
 1e-07 1 1 0
1  1 0 0 3609
3  1 2CN 1 0 0 3609
0

0101000
+9 0 -9 1 *
Ed
 1e-07 1 1 0
1  2 0 0 6.28318530717959
2  3 1 3 0 6.28318530717959
2  4 1 4 0 6.28318530717959
0

0101100
+9 3 -9 3 *
Wi

0101000
+8 0 -8 0 -7 2 +7 5 *
Fa
0  1e-07 1 0

0111000
+6 0 *
Wi

0101100
+7 0 *
Fa
0  1e-07 2 0

0111000
+4 0 *
Sh

0101000
+5 0 +3 2 -3 5 *
So

1100000
-2 0 *

+1 0 
0

