DBRep_DrawableShape

CASCADE Topology V1, (c) Matra-Datavision
Locations 0
Curve2ds 16
1 0 0 1 0 
1 70.710678118654755 0 0 1 
1 0 0 0 1 
1 0 1 1 0 
1 0 0 0 1 
1 70.710678118654755 0 0 1 
1 0 0 1 0 
1 70.710678118654755 0 0 1 
1 0 0 0 1 
1 0 1 1 0 
1 0 0 1 0 
1 70.710678118654755 0 0 1 
1 0 0 0 1 
1 0 1 1 0 
1 0 0 1 0 
1 0 1 1 0 
Curves 12
1 -25 25 25 0.70710678118654746 -0.70710678118654746 0 
7 0 0  1 2 2  25 -25 25  14.509041309360001 -35.490951538090002 14.509041309360001 
 0 2 1 2
1 -35.490958690639999 14.50904846191 14.509041309360001 0.70710678118654746 -0.70710678118654746 0 
7 0 0  1 2 2  -25 25 25  -35.490958690639999 14.50904846191 14.509041309360001 
 0 2 1 2
1 25 -25 25 0 0.70710678118654746 -0.70710678118654746 
7 0 0  1 2 2  25 25 -25  14.509041309360001 14.509048461909998 -35.490958690639999 
 0 2 1 2
1 14.509041309360001 -35.490951538090002 14.509041309360001 0 0.70710678118654746 -0.70710678118654746 
1 25 25 -25 -0.70710678118654746 0.70710678118654746 0 
7 0 0  1 2 2  -25 75 -25  -35.490958690639999 64.509048461909998 -35.490958690639999 
 0 2 1 2
1 14.509041309360001 14.50904846191 -35.490958690639999 -0.70710678118654746 0.70710678118654746 0 
1 -25 75 -25 0 -0.70710678118654746 0.70710678118654746 
1 -35.490958690639999 64.509048461909998 -35.490958690639999 0 -0.70710678118654746 0.70710678118654746 
Polygon3D 0
PolygonOnTriangulations 0
Surfaces 6
9 0 0 0 0 1 1 2 2 2 2 -25 25 25  -35.490958690639999 14.50904846191 14.509041309360001  
25 -25 25  14.509041309360001 -35.490951538090002 14.509041309360001  

0 2
70.710678118654755 2

0 2
1 2

9 0 0 0 0 1 1 2 2 2 2 25 -25 25  14.509041309360001 -35.490951538090002 14.509041309360001  
25 25 -25  14.509041309360001 14.509048461909998 -35.490958690639999  

0 2
70.710678118654755 2

0 2
1 2

9 0 0 0 0 1 1 2 2 2 2 -25 75 -25  -35.490958690639999 64.509048461909998 -35.490958690639999  
-25 25 25  -35.490958690639999 14.509048461909998 14.509041309360001  

0 2
70.710678118654755 2

0 2
1 2

9 0 0 0 0 1 1 2 2 2 2 25 25 -25  14.509041309360001 14.50904846191 -35.490958690639999  
-25 75 -25  -35.490958690639999 64.509048461909998 -35.490958690639999  

0 2
70.710678118654755 2

0 2
1 2

1 2.3684757858670005e-15 25 -5.9211894646675012e-16 0.57735026918962551 0.57735026918962584 0.57735026918962584 0 0.70710678118654757 -0.70710678118654757 -0.81649658092772626 0.40824829046386291 0.40824829046386291 
1 -10.490958690639998 14.509048461909998 -10.490958690639999 0.57735026918962562 0.57735026918962584 0.57735026918962595 -2.7755575615628907e-17 0.70710678118654757 -0.70710678118654746 -0.81649658092772626 0.40824829046386285 0.40824829046386296 
Triangulations 0

TShapes 35
Ve
0.003
-25 25 25
0 0

0101101
*
Ve
0.003
25 -25 25
0 0

0101101
*
Ed
 0.003 1 1 0
1  1 0 0 70.7106781186548
2  1 1 0 0 70.7106781186548
0

0101000
+35 0 -34 0 *
Ve
0.003
14.50904130936 -35.49095153809 14.50904130936
0 0

0101101
*
Ed
 1e-07 1 1 0
1  2 0 0 1
2  2 1 0 0 1
2  3 2 0 0 1
0

0101000
+34 0 -32 0 *
Ve
0.003
-35.49095869064 14.50904846191 14.50904130936
0 0

0101101
*
Ed
 0.003 1 1 0
1  3 0 0 70.7106781186548
2  4 1 0 0 70.7106781186548
0

0101000
+30 0 -32 0 *
Ed
 1e-07 1 1 0
1  4 0 0 1
2  5 1 0 0 1
2  6 3 0 0 1
0

0101000
+35 0 -30 0 *
Wi

0101000
+33 0 +31 0 -29 0 -28 0 *
Fa
0  1e-07 1 0

0111000
+27 0 *
Ve
0.003
25 25 -25
0 0

0101101
*
Ed
 0.003 1 1 0
1  5 0 0 70.7106781186548
2  7 2 0 0 70.7106781186548
0

0101000
+34 0 -25 0 *
Ve
0.003
14.50904130936 14.50904846191 -35.49095869064
0 0

0101101
*
Ed
 1e-07 1 1 0
1  6 0 0 1
2  8 2 0 0 1
2  9 4 0 0 1
0

0101000
+25 0 -23 0 *
Ed
 0.003 1 1 0
1  7 0 0 70.7106781186548
2  10 2 0 0 70.7106781186548
0

0101000
+32 0 -23 0 *
Wi

0101000
+24 0 +22 0 -21 0 -31 0 *
Fa
0  1e-07 2 0

0111000
+20 0 *
Ve
0.003
-25 75 -25
0 0

0101101
*
Ed
 0.003 1 1 0
1  8 0 0 70.7106781186548
2  11 4 0 0 70.7106781186548
0

0101000
+25 0 -18 0 *
Ve
0.003
-35.49095869064 64.50904846191 -35.49095869064
0 0

0101101
*
Ed
 1e-07 1 1 0
1  9 0 0 1
2  12 4 0 0 1
2  13 3 0 0 1
0

0101000
+18 0 -16 0 *
Ed
 0.003 1 1 0
1  10 0 0 70.7106781186548
2  14 4 0 0 70.7106781186548
0

0101000
+23 0 -16 0 *
Wi

0101000
+17 0 +15 0 -14 0 -22 0 *
Fa
0  1e-07 4 0

0101000
+13 0 *
Ed
 0.003 1 1 0
1  11 0 0 70.7106781186548
2  15 3 0 0 70.7106781186548
0

0101000
+18 0 -35 0 *
Ed
 0.003 1 1 0
1  12 0 0 70.7106781186548
2  16 3 0 0 70.7106781186548
0

0101000
+16 0 -30 0 *
Wi

0101000
+11 0 +28 0 -10 0 -15 0 *
Fa
0  1e-07 3 0

0101000
+9 0 *
Wi

0101100
+33 0 +24 0 +17 0 +11 0 *
Fa
0  0.003 5 0

0111100
+7 0 *
Wi

0101100
+29 0 +21 0 +14 0 +10 0 *
Fa
0  0.003 6 0

0111100
+5 0 *
Sh

0101100
+26 0 +19 0 +12 0 +8 0 -6 0 +4 0 *
So

0100000
-3 0 *
Co

1100000
+2 0 *

+1 0 