DBRep_DrawableShape

CASCADE Topology V1, (c) Matra-Datavision
Locations 0
Curve2ds 4
1 0 0 0 1 
7 0 0  7 8 2  0 0  0.22439947525641268 0  0.4487801382768683 0  0.67324643776709381 0  0.89754988902781563 0  1.1220161885180164 0  1.3463968515384841 0  1.5707963267949001 0 
 0 8 1.5707963267949001 8
1 1.5707963267949001 0 0 1 
7 0 0  7 8 2  0 5  0.22439947525641346 5.0000000000000151  0.44878013827686952 4.9999999999999263  0.67324643776709436 5.0000000000001332  0.89754988902780852 4.9999999999998757  1.1220161885180233 5.0000000000000675  1.3463968515384817 4.9999999999999831  1.5707963267949001 5 
 0 8 1.5707963267949001 8
Curves 4
7 0 0  1 2 2  0 0 4.5  5 0 4.5 
 0 2 5 2
7 0 0  6 7 2  0 0 4.5  0 2.5899282718455644e-16 4.6308996938995728  0 0.041113843010135299 4.7617882503525708  0 0.12340492517990784 4.8765950748200861  0 0.23821174964742739 4.9588861569898786  0 0.36910030610042699 4.9999999999999947  0 0.50000000000000178 5 
 0 7 1.5707963267949001 7
7 0 0  1 2 2  0 0.50000000000000178 5  5 0.50000000000000178 5 
 0 2 5 2
7 0 0  6 7 2  5 0 4.5  5.000000000000008 2.5899282718455644e-16 4.6308996938995728  4.999999999999968 0.041113843010135299 4.7617882503525708  5.0000000000000382 0.12340492517990784 4.8765950748200861  4.9999999999999751 0.23821174964742739 4.9588861569898786  5.0000000000000071 0.36910030610042699 4.9999999999999947  5 0.50000000000000178 5 
 0 7 1.5707963267949001 7
Polygon3D 0
PolygonOnTriangulations 0
Surfaces 1
2 0 0.5 4.5 1 0 -0 0 -1 0 -0 0 1 0.5
Triangulations 0

TShapes 10
Ve
1e-05
0 -1.11022302462516e-16 4.5
0 0

0101100
*
Ve
1e-05
5 -1.11022302462516e-16 4.5
0 0

0101100
*
Ed
 1e-07 1 1 0
2  1 1 0 0 5
1  1 0 0 5
0

0101000
+10 0 -9 0 *
Ve
1e-05
0 0.5 5
0 0

0101100
*
Ed
 6.56790274594141e-07 1 1 0
2  2 1 0 0 1.5707963267949
1  2 0 0 1.5707963267949
0

0101000
+10 0 -7 0 *
Ve
1e-05
5 0.5 5
0 0

0101100
*
Ed
 1e-07 1 1 0
2  3 1 0 0 5
1  3 0 0 5
0

0101000
+7 0 -5 0 *
Ed
 6.56790274768277e-07 1 1 0
2  4 1 0 0 1.5707963267949
1  4 0 0 1.5707963267949
0

0101000
+9 0 -5 0 *
Wi

0101100
-8 0 +6 0 +4 0 -3 0 *
Fa
0  0 1 0

1111000
+2 0 *

+1 0 
0

