DBRep_DrawableShape

CASCADE Topology V1, (c) Matra-Datavision
Locations 0
Curve2ds 16
1 0 0 1 0 
1 70.710676432777859 0 0 1 
1 0 0 0 1 
1 0 1 1 0 
1 0 0 0 1 
1 70.710679804524602 0 0 1 
7 0 0  1 2 2  0 0  70.710678118647749 0 
 0 2 70.710676432777859 2
1 70.710678118647749 0 0 1 
1 0 0 0 1 
1 0 1 1 0 
1 0 0 1 0 
1 70.710678118654755 0 0 1 
1 0 0 0 1 
1 0 1 1 0 
7 0 0  1 2 2  0 0  70.710679804524602 0 
 0 2 70.710678118654755 2
1 0 1 1 0 
Curves 12
1 -25 25 -25 0 -0.70710676432777775 0.70710679804531684 
7 0 0  1 2 2  -25 -24.999997615810003 25  25.000007152559999 -24.999997615810003 -25 
 0 2 1 2
1 25.000007152559999 25 -75 0 -0.70710676432777775 0.70710679804531684 
7 0 0  1 2 2  -25 25 -25  25.000007152559999 25 -75 
 0 2 1 2
1 -25 -24.999997615809999 25 0.70710679804531684 0.70710676432777775 0 
7 0 0  1 2 2  25 25.000000000000004 25  75.000009536739995 25.000000000000004 -25 
 0 2 1 2
1 25.000007152559999 -24.999997615809999 -25 0.70710681490401439 0.70710674746907931 0 
1 25 25 25 0 0.70710678118654746 -0.70710678118654746 
7 0 0  1 2 2  25 75 -25  75.000009536739995 75 -75 
 0 2 1 2
1 75.000009536739995 25 -25 0 0.70710678118654746 -0.70710678118654746 
1 25 75 -25 -0.70710678118654746 -0.70710678118654746 0 
1 75.000009536739995 75 -75 -0.70710679804524545 -0.70710676432784947 0 
Polygon3D 0
PolygonOnTriangulations 0
Surfaces 6
9 0 0 0 0 1 1 2 2 2 2 -25 25 -25  25.000007152559999 25 -75  
-25 -24.999997615810003 25  25.000007152559999 -24.999997615810003 -25  

0 2
70.710676432777859 2

0 2
1 2

9 0 0 0 0 1 1 2 2 2 2 -25 -24.999997615809999 25  25.000007152559999 -24.999997615809999 -25  
25 25.000000000000004 25  75.000009536739995 25.000000000000004 -25  

0 2
70.710678118647749 2

0 2
1 2

9 0 0 0 0 1 1 2 2 2 2 25 75 -25  75.000009536739995 75 -75  
-25 25 -25  25.000007152560002 25 -75  

0 2
70.710679804524602 2

0 2
1 2

9 0 0 0 0 1 1 2 2 2 2 25 25 25  75.000009536739995 25 -25  
25 75 -25  75.000009536739995 75 -75  

0 2
70.710678118654755 2

0 2
1 2

1 5.9211894646675012e-16 25.000000596047499 2.3684757858670005e-15 0.57735026460124983 -0.57735027836637753 -0.57735026460124994 0 0.70710677275716294 -0.70710678961593221 0.81649658417219773 0.40824829208609864 0.40824828235268373 
1 50.000008344649991 25.000000596047499 -50 0.57735024624782405 -0.57735028754309037 -0.57735027377796222 2.7755575615628914e-17 0.7071067727571626 -0.70710678961593243 0.81649659715002909 0.40824827910826678 0.40824826937485187 
Triangulations 0

TShapes 35
Ve
0.003
-25 25 -25
0 0

0101101
*
Ve
0.003
-25 -24.99999761581 25
0 0

0101101
*
Ed
 0.003 1 1 0
1  1 0 0 70.7106764327779
2  1 1 0 0 70.7106764327779
0

0101000
+35 0 -34 0 *
Ve
0.003
25.00000715256 -24.99999761581 -25
0 0

0101101
*
Ed
 1e-07 1 1 0
1  2 0 0 1
2  2 1 0 0 1
2  3 2 0 0 1
0

0101000
+34 0 -32 0 *
Ve
0.003
25.00000715256 25 -75
0 0

0101101
*
Ed
 0.003 1 1 0
1  3 0 0 70.7106764327779
2  4 1 0 0 70.7106764327779
0

0101000
+30 0 -32 0 *
Ed
 1e-07 1 1 0
1  4 0 0 1
2  5 1 0 0 1
2  6 3 0 0 1
0

0101000
+35 0 -30 0 *
Wi

0101000
+33 0 +31 0 -29 0 -28 0 *
Fa
0  1e-07 1 0

0111000
+27 0 *
Ve
0.003
25 25 25
0 0

0101101
*
Ed
 0.003 1 1 0
1  5 0 0 70.7106764327779
2  7 2 0 0 70.7106764327779
0

0101000
+34 0 -25 0 *
Ve
0.003
75.00000953674 25 -25
0 0

0101101
*
Ed
 1e-07 1 1 0
1  6 0 0 1
2  8 2 0 0 1
2  9 4 0 0 1
0

0101000
+25 0 -23 0 *
Ed
 0.003 1 1 0
1  7 0 0 70.7106781186477
2  10 2 0 0 70.7106781186477
0

0101000
+32 0 -23 0 *
Wi

0101000
+24 0 +22 0 -21 0 -31 0 *
Fa
0  1e-07 2 0

0111000
+20 0 *
Ve
0.003
25 75 -25
0 0

0101101
*
Ed
 0.003 1 1 0
1  8 0 0 70.7106781186548
2  11 4 0 0 70.7106781186548
0

0101000
+25 0 -18 0 *
Ve
0.003
75.00000953674 75 -75
0 0

0101101
*
Ed
 1e-07 1 1 0
1  9 0 0 1
2  12 4 0 0 1
2  13 3 0 0 1
0

0101000
+18 0 -16 0 *
Ed
 0.003 1 1 0
1  10 0 0 70.7106781186548
2  14 4 0 0 70.7106781186548
0

0101000
+23 0 -16 0 *
Wi

0101000
+17 0 +15 0 -14 0 -22 0 *
Fa
0  1e-07 4 0

0101000
+13 0 *
Ed
 0.003 1 1 0
1  11 0 0 70.7106781186548
2  15 3 0 0 70.7106781186548
0

0101000
+18 0 -35 0 *
Ed
 0.003 1 1 0
1  12 0 0 70.7106798045246
2  16 3 0 0 70.7106798045246
0

0101000
+16 0 -30 0 *
Wi

0101000
+11 0 +28 0 -10 0 -15 0 *
Fa
0  1e-07 3 0

0101000
+9 0 *
Wi

0101100
+33 0 +24 0 +17 0 +11 0 *
Fa
0  0.003 5 0

0111100
-7 0 *
Wi

0101100
+29 0 +21 0 +14 0 +10 0 *
Fa
0  0.003 6 0

0111100
-5 0 *
Sh

0101100
+26 0 +19 0 +12 0 +8 0 +6 0 -4 0 *
So

0100000
-3 0 *
Co

1100000
+2 0 *

+1 0 