DBRep_DrawableShape

CASCADE Topology V1, (c) Matra-Datavision
Locations 0
Curve2ds 4
1 0 0 0 -1 
1 3.14159265358979 0 0 -1 
1 0 0 1 0 
1 0 -1 1 0 
Curves 4
1 0.5 -0.34999999999999998 1 0 -0 1 
1 0.500000000000003 1.3500000000000001 1 0 -0 1 
2 0.5 0.5 1 -0 0 1 0 -1 0 1 0 0 0.84999999999999998
2 0.5 0.5 2 -0 0 1 0 -1 0 1 0 0 0.84999999999999998
Polygon3D 0
PolygonOnTriangulations 0
Surfaces 1
2 0.5 0.5 1 -0 0 -1 0 -1 -0 1 0 -0 0.84999999999999998
Triangulations 0

TShapes 10
Ve
1e-07
0.5 -0.35 1
0 0

0101100
*
Ve
1e-07
0.5 -0.35 2
0 0

0101100
*
Ed
 1e-07 1 1 0
2  1 1 0 0 1
1  1 0 0 1
0

0101000
+10 0 -9 0 *
Ve
1e-07
0.500000000000003 1.35 1
0 0

0101100
*
Ve
1e-07
0.500000000000003 1.35 2
0 0

0101100
*
Ed
 1e-07 1 1 0
2  2 1 0 0 1
1  2 0 0 1
0

0101000
+7 0 -6 0 *
Ed
 1e-07 1 1 0
2  3 1 0 0 3.14159265358979
1  3 0 0 3.14159265358979
0

0101100
+10 0 -7 0 *
Ed
 1e-07 1 1 0
2  4 1 0 0 3.14159265358979
1  4 0 0 3.14159265358979
0

0101100
+9 0 -6 0 *
Wi

0101000
+8 0 -5 0 -4 0 +3 0 *
Fa
0  1e-07 1 0

1111000
+2 0 *

-1 0 
0

