DBRep_DrawableShape

CASCADE Topology V1, (c) Matra-Datavision
Locations 0
Curve2ds 0
Curves 5
1 13.2844465625012 12.347166121950099 -4 -0.99984764873271681 -0.017455065845128997 0 
1 -7.1354225717339803 11.731773479760699 10.8328408830847 -0.49998981236488327 0.0063875344869115938 -0.86600772914247548 
1 13.5 12.174550768499399 6.1047144266384601 0 -0.017452404439743007 0.99984769519125849 
7 1 0  6 7 2  -4.0579393033354298 11.6917440190264 16.204080127610801  1 -4.6800287131951102 11.6999923566111 15.1093488254359  0.999999999999996 -5.2546622797080396 11.7075332545437 14.102609800755801  1.00000000000001 -5.7996592662905 11.7146234426893 13.1513330261817  0.99999999999998901 -6.3235803632422902 11.7213869985356 12.239848110220301  1.00000000000001 -6.8327035875284698 11.7279162702792 11.3565854530026  0.999999999999998 -7.3311944756980996 11.7342720393014 10.4938967191659  1
 56.476841667688703 7 62.410181101705597 7
1 13.5 11.998172342295099 16.209428853276901 -0.99984769512624316 -0.017449750078778404 -0.00030458648573373104 
Polygon3D 0
PolygonOnTriangulations 0
Surfaces 1
1 13.5 12.3509291947036 -4 -0.017452408164466002 0.99969541351426627 0.017449746353488102 1.4094628242311558e-18 -0.017452404439743049 0.99984769519125849 0.99984769512624316 0.017449750078778435 0.00030458648573373289 
Triangulations 0

TShapes 12
Ve
1.5e-07
-15.6991675365916 11.8411781415105 -4
0 0

0101100
*
Ve
1e-07
13.5 12.3509291947036 -4
0 0

0101100
*
Ed
 1e-07 1 1 0
1  1 0 -0.215586282342079 28.9880304622699
0

0101000
-12 0 +11 0 *
Ve
0.82885229848783
-7.3311944756981 11.7342720393014 10.4938967191659
0 0

0101100
*
Ed
 1e-07 1 1 0
1  2 0 0 17.1278389140617
0

0101000
+9 0 -12 0 *
Ve
1e-07
13.5 11.9981723422951 16.2094288532769
0 0

0101100
*
Ed
 1e-07 1 1 0
1  3 0 -10.1062536576689 10.1062536576689
0

0101000
+11 0 -7 0 *
Ve
0.00030386823822365
-4.05793930333543 11.6917440190264 16.2040801276108
0 0

0101100
*
Ed
 2.60805310980778e-06 1 1 0
1  4 0 56.4768416676887 62.4101811017056
0

0101000
+5 0 -9 0 *
Ed
 1e-07 1 1 0
1  5 0 0 17.5606138704141
0

0101000
-5 0 +7 0 *
Wi

0101100
+10 0 -8 0 -6 0 -4 0 -3 0 *
Fa
0  1e-07 1 0

0111000
+2 0 *

+1 0 
0

