DBRep_DrawableShape

CASCADE Topology V1, (c) Matra-Datavision
Locations 0
Curve2ds 4
1 0 0 0 1 
1 0 230.141512712002 1 0 
1 1 0 0 1 
1 0 323.98972669712902 1 0 
Curves 4
7 1 0  10 30 4  138.10526904871 -85.091718420193104 -88.781722256848894  1 138.03287201055099 -85.2045074956783 -88.6898400328771  1.00000000000001 137.96079557437901 -85.316832257160598 -88.597871125673507  0.99999999999995504 137.88905273115299 -85.428667170255096 -88.505835271544896  1.0000000000001099 137.81765647182601 -85.539986700577998 -88.413752206822906  0.99999999999979605 137.74661978735901 -85.650765313744401 -88.321641667791496  1.00000000000027 137.67595566870199 -85.760977475369202 -88.229523390805298  0.99999999999975198 137.60567710681599 -85.870597651069602 -88.137417112136504  1.0000000000001601 137.535797092655 -85.979600306459204 -88.045342568132895  0.99999999999993405 137.466328617176 -86.087959907154897 -87.953319495088806  1.00000000000001 135.49300431901699 -89.165844395477805 -85.325270811599495  0.99999999999992695 133.77543840068699 -91.846128996295803 -82.664135431234399  1.00000000000025 132.20630868158699 -94.2856473404714 -79.830372887335599  0.99999999999947597 130.85202081438399 -96.399083987768506 -76.876371299567694  1.00000000000078 129.70380204361601 -98.182976133031403 -73.819584056997201  0.99999999999915101 128.78755496731401 -99.611712512299107 -70.689574977513502  1.0000000000007001 128.10216722849299 -100.677262174162 -67.511305919598996  0.99999999999956901 127.652468179472 -101.377470781626 -64.319606892336395  1.0000000000001901 127.43197436310101 -101.720565004723 -61.140483225785601  0.99999999999995404 127.43197436310101 -101.720565004723 -57.999999999999801  1 127.43197436310101 -101.720565004723 -56.462222731521102  0.999999999999996 127.48457678573899 -101.645598440239 -54.924445463041998  1.00000000000001 127.589776488455 -101.495672554137 -53.386668194563697  0.99999999999998102 127.74784382361401 -101.270403597751 -51.848890926084003  1.00000000000001 127.95931419243099 -100.969031545121 -50.3111136576061  1 128.22499696763799 -100.590407449672 -48.773336389126499  0.99999999999998801 128.546003784969 -100.13295344338501 -47.235559120648098  1.00000000000001 128.92379620335899 -99.594595378400697 -45.697781852169101  0.99999999999999201 129.36025273397601 -98.972668111111304 -44.160004583690302  1 129.85775523797699 -98.263793428694299 -42.622227315211497  1
 230.141512712002 11 232.40286366983199 9 294.77250587734 10 323.98972669712902 11
7 1 0  2 3 2  138.10526904871 -85.091718420193104 -88.781722256848894  1 138.89495949178399 -86.756072105992303 -89.954671443287481  0.91639830667585698 138.15721353455501 -87.809682530725993 -91.719644518653595  1
 0 3 1 3
7 1 0  10 30 4  138.15721353455501 -87.809682530725993 -91.719644518653595  1 138.08241784824699 -87.916501841691996 -91.6240065555033  1.00000000000001 138.00775827699499 -88.023126760210204 -91.528042690253898  0.99999999999995504 137.93322686655401 -88.129568646121399 -91.431742956582497  1.0000000000001099 137.85881566268 -88.235838859262898 -91.335097388199003  0.99999999999979605 137.78451671112401 -88.341948759477901 -91.2380960187498  1.00000000000027 137.71032205764499 -88.447909706602204 -91.140728881975704  0.99999999999975198 137.63622374799499 -88.553733060478606 -91.042986011507693  1.0000000000001601 137.56221382792901 -88.659430180944895 -90.944857441076707  0.99999999999993405 137.488284343202 -88.765012427841697 -90.846333204343793  1.00000000000001 135.377399484536 -91.779668449618995 -88.018848294541499  0.99999999999992695 133.49270431775599 -94.471292111809603 -85.101073007494193  1.00000000000025 131.77036901002299 -96.931041863512604 -81.988975023000805  0.99999999999947597 130.28250281433199 -99.055935018163396 -78.738134083601494  1.00000000000078 129.024582437916 -100.852431507354 -75.381930866680193  0.99999999999915101 128.01943505823101 -102.2879307429 -71.944958490658706  1.0000000000007001 127.266983340067 -103.362543170927 -68.454716787024097  0.99999999999956901 126.772979070945 -104.068054387505 -64.946877144798407  1.0000000000001901 126.530780451609 -104.413949865058 -61.452217580455297  0.99999999999995404 126.530780451609 -104.413949865058 -57.999999999999801  1 126.530780451609 -104.413949865058 -56.462222731521003  0.999999999999996 126.5833886633 -104.33881755193499 -54.924445463042098  1.00000000000001 126.68859993700001 -104.188560280194 -53.386668194563498  0.99999999999998102 126.846684742134 -103.96279177947 -51.848890926084103  1.00000000000001 127.058178706867 -103.660747093449 -50.3111136576061  1 127.323891545866 -103.281269829753 -48.773336389126399  0.99999999999998801 127.64493537608401 -102.822771720749 -47.235559120648098  1.00000000000001 128.02277242068999 -102.283164495327 -45.697781852169101  0.99999999999999201 128.45928210103801 -101.65976406160701 -44.160004583690302  1 128.95684751674401 -100.949167000603 -42.622227315211497  1
 230.141512712002 11 232.40286366983199 9 294.77250587734 10 323.98972669712902 11
7 1 0  2 3 2  129.85775523797699 -98.263793428694299 -42.622227315211497  1 129.80385283080599 -99.739518042238501 -42.622227315211497  0.95904710028819395 128.95684751674401 -100.949167000603 -42.622227315211497  1
 0 3 1 3
Polygon3D 0
PolygonOnTriangulations 0
Surfaces 1
9 1 1 0 0 2 10 3 30 2 4 138.10526904871 -85.091718420193104 -88.781722256848894  1 138.03287201055099 -85.2045074956783 -88.6898400328771  1.00000000000001 137.96079557437901 -85.316832257160598 -88.597871125673507  0.99999999999995504 137.88905273115299 -85.428667170255096 -88.505835271544896  1.0000000000001099 137.81765647182601 -85.539986700577998 -88.413752206822906  0.99999999999979605 137.74661978735901 -85.650765313744401 -88.321641667791496  1.00000000000027 137.67595566870199 -85.760977475369202 -88.229523390805298  0.99999999999975198 137.60567710681599 -85.870597651069602 -88.137417112136504  1.0000000000001601 137.535797092655 -85.979600306459204 -88.045342568132895  0.99999999999993405 137.466328617176 -86.087959907154897 -87.953319495088806  1.00000000000001 135.49300431901699 -89.165844395477805 -85.325270811599495  0.99999999999992695 133.77543840068699 -91.846128996295803 -82.664135431234399  1.00000000000025 132.20630868158699 -94.2856473404714 -79.830372887335599  0.99999999999947597 130.85202081438399 -96.399083987768506 -76.876371299567694  1.00000000000078 129.70380204361601 -98.182976133031403 -73.819584056997201  0.99999999999915101 128.78755496731401 -99.611712512299107 -70.689574977513502  1.0000000000007001 128.10216722849299 -100.677262174162 -67.511305919598996  0.99999999999956901 127.652468179472 -101.377470781626 -64.319606892336395  1.0000000000001901 127.43197436310101 -101.720565004723 -61.140483225785601  0.99999999999995404 127.43197436310101 -101.720565004723 -57.999999999999801  1 127.43197436310101 -101.720565004723 -56.462222731521102  0.999999999999996 127.48457678573899 -101.645598440239 -54.924445463041998  1.00000000000001 127.589776488455 -101.495672554137 -53.386668194563697  0.99999999999998102 127.74784382361401 -101.270403597751 -51.848890926084003  1.00000000000001 127.95931419243099 -100.969031545121 -50.3111136576061  1 128.22499696763799 -100.590407449672 -48.773336389126499  0.99999999999998801 128.546003784969 -100.13295344338501 -47.235559120648098  1.00000000000001 128.92379620335899 -99.594595378400697 -45.697781852169101  0.99999999999999201 129.36025273397601 -98.972668111111304 -44.160004583690302  1 129.85775523797699 -98.263793428694299 -42.622227315211497  1 
138.89495949178399 -86.756072105992303 -89.954671443287495  0.91639830667585698 138.819398766674 -86.863984005606099 -89.863559919847305  0.91669713167148303 138.744035632476 -86.971613716150301 -89.772191009928093  0.916995034372315 138.66887289090499 -87.078957236360196 -89.680566397949903  0.91729184259762098 138.59391328498899 -87.186010648790301 -89.588687695607703  0.91758738416657004 138.51915949957601 -87.292770119074305 -89.496556441636201  0.91788148689854299 138.444614161853 -87.399231895208601 -89.404174101309906  0.91817397861258898 138.37027984186599 -87.505392306777097 -89.3115420663176  0.91846468712815399 138.29615905305801 -87.611247764218703 -89.218661654233699  0.91875344026431105 138.22225425280101 -87.716794758037906 -89.125534108353804  0.91904006584041198 136.134057557082 -90.699048724928005 -86.479425311940403  0.92716629721996602 134.279088988616 -93.348218404729906 -83.748389152229095  0.93414628709088698 132.57935247028499 -95.775693740194498 -80.819435988839601  0.94026555653377597 131.10464887541599 -97.881788752607903 -77.747250559526705  0.94566881430687999 129.855295756619 -99.666049929826201 -74.558140231339806  0.95004755839202004 128.85600672383501 -101.093182578875 -71.285622060541797  0.95363855992693802 128.10905196980499 -102.159944528483 -67.956166693710898  0.95624462694455803 127.619604759095 -102.858947591133 -64.611582177356894  0.95797597262457101 127.380285902113 -103.200730341794 -61.282674235904203  0.95881973033515999 127.380285902114 -103.200730341794 -57.999999999999801  0.95881973033519996 127.380285902114 -103.200730341794 -56.462222731521003  0.95881973033519796 127.43284216284199 -103.125672222335 -54.924460505141397  0.95882444067438499 127.53794787608599 -102.975565706551 -53.386707869129999  0.95883385833064705 127.695872199657 -102.750026397249 -51.848959411979997  0.95884805360778702 127.907149473985 -102.44829117720499 -50.311209894080498  0.95886716405035 128.172588057632 -102.069205590742 -48.7734540149496  0.95889139741626095 128.49329876207699 -101.611183234652 -47.235685917860003  0.95892104371159004 128.87074284691599 -101.07213721394 -45.697898533565798  0.95895649628077895 129.30679951597099 -100.44938374740001 -44.160082865076802  0.95899828196029602 129.80385283080599 -99.739518042238501 -42.622227315211497  0.95904710028819395 
138.15721353455501 -87.809682530725993 -91.719644518653595  1 138.08241784824699 -87.916501841691996 -91.6240065555033  1.00000000000001 138.00775827699499 -88.023126760210204 -91.528042690253898  0.99999999999995504 137.93322686655401 -88.129568646121399 -91.431742956582497  1.0000000000001099 137.85881566268 -88.235838859262898 -91.335097388199003  0.99999999999979605 137.78451671112401 -88.341948759477901 -91.2380960187498  1.00000000000027 137.71032205764499 -88.447909706602204 -91.140728881975704  0.99999999999975198 137.63622374799499 -88.553733060478606 -91.042986011507693  1.0000000000001601 137.56221382792901 -88.659430180944895 -90.944857441076707  0.99999999999993405 137.488284343202 -88.765012427841697 -90.846333204343793  1.00000000000001 135.377399484536 -91.779668449618995 -88.018848294541499  0.99999999999992695 133.49270431775599 -94.471292111809603 -85.101073007494193  1.00000000000025 131.77036901002299 -96.931041863512604 -81.988975023000805  0.99999999999947597 130.28250281433199 -99.055935018163396 -78.738134083601494  1.00000000000078 129.024582437916 -100.852431507354 -75.381930866680193  0.99999999999915101 128.01943505823101 -102.2879307429 -71.944958490658706  1.0000000000007001 127.266983340067 -103.362543170927 -68.454716787024097  0.99999999999956901 126.772979070945 -104.068054387505 -64.946877144798407  1.0000000000001901 126.530780451609 -104.413949865058 -61.452217580455297  0.99999999999995404 126.530780451609 -104.413949865058 -57.999999999999801  1 126.530780451609 -104.413949865058 -56.462222731521003  0.999999999999996 126.5833886633 -104.33881755193499 -54.924445463042098  1.00000000000001 126.68859993700001 -104.188560280194 -53.386668194563498  0.99999999999998102 126.846684742134 -103.96279177947 -51.848890926084103  1.00000000000001 127.058178706867 -103.660747093449 -50.3111136576061  1 127.323891545866 -103.281269829753 -48.773336389126399  0.99999999999998801 127.64493537608401 -102.822771720749 -47.235559120648098  1.00000000000001 128.02277242068999 -102.283164495327 -45.697781852169101  0.99999999999999201 128.45928210103801 -101.65976406160701 -44.160004583690302  1 128.95684751674401 -100.949167000603 -42.622227315211497  1 

0 3
1 3

230.141512712002 11
232.40286366983199 9
294.77250587734 10
323.98972669712902 11

Triangulations 0

TShapes 10
Ve
1e-07
138.10526904871 -85.0917184201931 -88.7817222568489
0 0

0101100
*
Ve
1e-07
129.857755237977 -98.2637934286943 -42.6222273152115
0 0

0101100
*
Ed
 1e-07 1 1 0
1  1 0 230.141512712002 323.989726697129
2  1 1 0 230.141512712002 323.989726697129
0

0101000
+10 0 -9 0 *
Ve
1e-07
138.157213534555 -87.809682530726 -91.7196445186536
0 0

0101100
*
Ed
 1e-07 1 1 0
1  2 0 0 1
2  2 1 0 0 1
0

0101000
+10 0 -7 0 *
Ve
1e-07
128.956847516744 -100.949167000603 -42.6222273152115
0 0

0101100
*
Ed
 1e-07 1 1 0
1  3 0 230.141512712002 323.989726697129
2  3 1 0 230.141512712002 323.989726697129
0

0101000
+7 0 -5 0 *
Ed
 1e-07 1 1 0
1  4 0 0 1
2  4 1 0 0 1
0

0101000
+9 0 -5 0 *
Wi

0101100
-8 0 +6 0 +4 0 -3 0 *
Fa
1  1e-07 1 0

1101000
+2 0 *

+1 0 
0

