DBRep_DrawableShape

CASCADE Topology V1, (c) Matra-Datavision
Locations 0
Curve2ds 2
7 0 0  6 7 2  0.142802834510803 1.9779947221956  0.120121548071481 2.0416156836385202  0.096840002631946795 2.1035953506560001  0.073064040873498701 2.1640944277459702  0.048912702697358999 2.2232969815685002  0.024510385640753699 2.2814206951821001  0 2.3387674211004001 
 0 7 1 7
1 0.142802834510803 0 0 1 
Curves 4
1 24 2.30656542990118 -5.5511151231257802e-17 -1 0 0 
7 0 0  6 7 2  1.75 2.6230257204410701 0.37714264589408297  1.7789757945596301 2.5650818859212201 0.30808788067604298  1.8123331085536201 2.5091300018412501 0.24140702928492599  1.84943747225023 2.45528144618602 0.17723282681946401  1.8897668048265901 2.4035745596152598 0.11561096589349799  1.93293613598653 2.3540037731507599 0.056534809657977102  1.97874921323943 2.30656542990118 0 
 0 7 1 7
1 0 1.8300567306375699 -0.56788089060155 0 -0.64278765196357668 -0.76604440764432968 
1 2.6500000953674299 2.6230257204410701 0.37714264589408297 -1 0 0 
Polygon3D 0
PolygonOnTriangulations 0
Surfaces 3
1 24 2.30656542990118 -5.5511151231257802e-17 0 0.76604440764432968 -0.64278765196357668 0 0.64278765196357668 0.76604440764432968 1 -0 0 
5 2.8059689316723402 0 0 -1 0 0 0 1 0 -0 -0 1 3.1054441493687501 1.1499998569488501
2 2.6500000953674299 0 0 -1 0 0 0 1 0 -0 -0 1 2.6500000953674299
Triangulations 0

TShapes 10
Ve
4.80000002e-06
1.97874921323943 2.30656542990118 0
0 0

0101100
*
Ve
4.80000002e-06
0 2.30656542990118 -5.55111512312578e-17
0 0

0101100
*
Ed
 1e-07 1 1 0
1  1 0 22.0212507867606 24
0

0101000
+10 0 -9 0 *
Ve
1.31407725472159e-05
1.75 2.62302572044107 0.377142645894083
0 0

0101100
*
Ed
 4.80000002e-06 1 1 0
1  2 0 0 1
2  1 2 0 0 1
0

0101000
+7 0 -10 0 *
Ve
4.80000002e-06
0 2.62302572044107 0.377142645894083
0 0

0101100
*
Ed
 1e-07 1 1 0
1  3 0 -1.23364067026047 -0.741315888393267
0

0101000
+5 0 -9 0 *
Ed
 4.80000002e-06 1 1 0
1  4 0 0.900000095367432 2.65000009536743
2  2 3 0 0.900000095367432 2.65000009536743
0

0101000
+7 0 -5 0 *
Wi

0101100
+8 0 +6 0 -4 0 -3 0 *
Fa
0  1e-07 1 0

0111000
+2 0 *

+1 0 
0

