DBRep_DrawableShape

CASCADE Topology V1, (c) Matra-Datavision
Locations 1
1
              1               0              -0               3 
             -0               1               0               0 
              0               0               1             0.5 
Curve2ds 6
1 0 0.5 1 0 
2 0 0 1 0 -0 1 0.5
1 6.2831853071795898 -0 0 1 
1 0 -0 0 1 
1 0 0 1 0 
2 0 0 1 0 -0 1 0.5
Curves 3
2 0 0 0.5 0 0 1 1 0 -0 -0 1 0 0.5
1 0.5 -1.22464679914735e-16 0 0 0 1 
2 0 0 0 0 0 1 1 0 -0 -0 1 0 0.5
Polygon3D 0
PolygonOnTriangulations 0
Surfaces 3
2 0 0 0 0 0 1 1 0 -0 -0 1 0 0.5
1 0 0 0.5 0 0 1 1 0 -0 -0 1 0 
1 0 0 0 0 0 1 1 0 -0 -0 1 0 
Triangulations 0

TShapes 9
Ve
1e-07
0.5 -1.22464679914735e-16 0.5
0 0

0101100
*
Ed
 1e-07 1 1 0
1  1 0 0 6.28318530717959
2  1 1 0 0 6.28318530717959
2  2 2 0 0 6.28318530717959
0

0101100
+9 0 -9 0 *
Ve
1e-07
0.5 -1.22464679914735e-16 0
0 0

0101100
*
Ed
 1e-07 1 1 0
1  2 0 0 0.5
3  3 4CN 1 0 0 0.5
0

0101000
-9 0 +7 0 *
Ed
 1e-07 1 1 0
1  3 0 0 6.28318530717959
2  5 1 0 0 6.28318530717959
2  6 3 0 0 6.28318530717959
0

0101100
+7 0 -7 0 *
Wi

0101000
-8 0 +6 0 +5 0 -6 0 *
Fa
0  1e-07 1 0

0111000
+4 0 *
Sh

0101000
+3 1 *
So

1100000
+2 0 *

+1 0 
0

