DBRep_DrawableShape

CASCADE Topology V1, (c) Matra-Datavision
Locations 5
1
              1               0              -0 -4.04757161196232 
             -0               1               0               0 
              0               0               1 38.5100703912595 
2  1 -1 0
1
              1               0              -0 5.09861399408193 
             -0               1               0               0 
              0               0               1 -48.5100703912595 
2  1 1 3 1 0
2  3 -1 1 -1 0
Curve2ds 9
1 0 0 1 0 
1 3.1781007629732398 0 0 1 
1 6.2466771977961404 0 0 1 
1 0 48.777277435560102 1 0 
1 3.1050845442063402 0 0 1 
1 6.3196934165630401 0 0 1 
1 12.566370614359201 0 -1 0 
1 6.3833527283411504 0 0 1 
1 12.566370614359201 48.777277435560102 -1 0 
Curves 7
2 -515.73850976690699 66.5 0 0 0 -1 -1 -0 -0 -0 1 0 500
8 0 48.777277435560102
1 -20.1192548834536 48.250000000000199 38.510070391259497 -0.10452846616578197 -0 -0.99452189506366773 
2 -525.93573775507105 66.5 0 0 0 -1 -1 -0 -0 -0 1 0 500
8 0 48.777277435560102
1 -20.1192548834536 84.750000000000199 38.510070391259497 -0.10452846616578197 -0 -0.99452189506366773 
2 483.59514322392499 30 0 0 0 -1 -1 -0 -0 -0 1 0 500
8 0 48.777277435560102
1 -17.9461469413476 -19.999999999999901 38.510070391259497 -0.10452846616578197 -0 -0.99452189506366773 
2 473.39791523576099 30 0 0 0 -1 -1 -0 -0 -0 1 0 500
Polygon3D 0
PolygonOnTriangulations 0
Surfaces 3
10 3.1050845442063402 3.1781007629732398 0 48.777277435560102
6 -0.10452846616578197 -0 -0.99452189506366773 
8 3.1050845442063402 3.1781007629732398
2 -519.78608137886897 66.5 38.510070391259497 0 0 -1 -1 -0 -0 -0 1 0 500
10 6.2466771977961404 6.3833527283411504 0 48.777277435560102
6 -0.10452846616578197 -0 -0.99452189506366773 
8 6.2466771977961404 6.3833527283411504
2 479.54757161196198 30 38.510070391259497 0 0 1 -1 0 0 0 -1 0 500
10 6.1412086328045099 6.3196934165630401 0 48.777277435560102
6 -0.10452846616578197 -0 -0.99452189506366773 
8 6.1412086328045099 6.3196934165630401
2 479.54757161196198 103 38.510070391259497 0 0 1 -1 0 0 0 -1 0 500
Triangulations 0

TShapes 18
Ve
1e-05
-20.1192548834536 84.7500000000002 38.5100703912595
0 0

0101100
*
Ve
1e-05
-20.1192548834535 48.25 38.5100703912595
0 0

0101100
*
Ed
 1e-05 1 1 0
1  1 0 3.10508454420634 3.17810076297324
2  1 1 2 3.10508454420634 3.17810076297324
0

0101000
+18 2 -17 2 *
Ve
1e-05
-25.2178688775354 48.25 -10
0 0

0101100
*
Ed
 1e-05 1 1 0
1  2 0 0 48.7772774355601
2  2 1 0 0 48.7772774355601
2  3 2 0 0 48.7772774355601
4 G1 1 0 2 0
0

0101000
+17 0 -15 0 *
Ve
1e-05
-25.2178688775355 84.7500000000002 -10
0 0

0101100
*
Ed
 1e-05 1 1 0
1  3 0 3.10508454420634 3.17810076297324
2  4 1 5 3.10508454420634 3.17810076297324
0

0101000
+13 5 -15 5 *
Ed
 1e-05 1 1 0
1  4 0 0 48.7772774355601
2  5 1 0 0 48.7772774355601
2  6 3 0 0 48.7772774355601
4 G1 1 0 3 0
0

0101000
+18 0 -13 0 *
Wi

0101000
+16 1 +14 0 -12 4 -11 0 *
Fa
0  1e-07 1 0

0111000
+10 0 *
Ve
1e-05
-17.9461469413477 -20 38.5100703912595
0 0

0101100
*
Ed
 1e-05 1 1 0
1  5 0 6.18301788601803 6.31969341656304
2  7 2 2 6.18301788601803 6.31969341656304
0

0101000
+8 2 -17 2 *
Ve
1e-05
-23.0447609354296 -20 -10
0 0

0101100
*
Ed
 1e-05 1 1 0
1  6 0 0 48.7772774355601
2  8 2 0 0 48.7772774355601
0

0101000
+8 0 -6 0 *
Ed
 1e-05 1 1 0
1  7 0 6.18301788601803 6.31969341656304
2  9 2 5 6.18301788601803 6.31969341656304
0

0101000
+6 5 -15 5 *
Wi

0101000
-7 1 +5 0 +4 4 -14 0 *
Fa
0  1e-07 2 0

0111000
+3 0 *
Co

1100000
+9 0 +2 0 *

+1 0 
0

