DBRep_DrawableShape

CASCADE Topology V1, (c) Matra-Datavision
Locations 0
Curve2ds 5
1 0 803.99004968967097 1 0 
2 0 0 1 0 -0 1 80
1 6.2831853071795898 -0 0 1 
1 0 -0 0 1 
1 0 0 1 0 
Curves 2
2 -790 10 10 -1 0 0 0 0 -1 -0 -1 -0 80
1 10 10 10 -0.99503719020998915 2.4371382200464802e-17 -0.099503719020998915 
Polygon3D 0
PolygonOnTriangulations 0
Surfaces 2
3 10 10 10 -1 0 0 0 0 -1 -0 -1 -0 0
0.099668652491161996
1 -790 10 10 -1 0 0 0 0 -1 -0 -1 -0 
Triangulations 0

TShapes 11
Ve
1e-07
-790 10 -70
0 0

0101100
*
Ed
 1e-07 1 1 0
1  1 0 0 6.28318530717959
2  1 1 0 0 6.28318530717959
2  2 2 0 0 6.28318530717959
0

0101100
+11 0 -11 0 *
Ve
1e-07
10 10 10
0 0

0101100
*
Ed
 1e-07 1 1 0
1  2 0 0 803.990049689671
3  3 4CN 1 0 0 803.990049689671
0

0101000
-11 0 +9 0 *
Ed
 1e-07 1 1 1
2  5 1 0 0 6.28318530717959
0

0101100
+9 0 -9 0 *
Wi

0101000
-10 0 +8 0 +7 0 -8 0 *
Fa
0  1e-07 1 0

0111000
+6 0 *
Wi

0101000
+10 0 *
Fa
0  1e-07 2 0

0111000
+4 0 *
Sh

0101100
+5 0 +3 0 *
So

1100100
+2 0 *

+1 0 
0

