DBRep_DrawableShape

CASCADE Topology V1, (c) Matra-Datavision
Locations 0
Curve2ds 8
1 0 0 1 0 
1 0 0 1 0 
1 50 0 0 -1 
1 0 0 0 1 
1 0 -50 1 0 
1 0 0 1 0 
1 0 0 0 -1 
1 0 0 0 1 
Curves 4
1 -25 -25 -25 0 0 1 
1 -25 -25 25 -0 1 0 
1 -25 25 -25 0 0 1 
1 -25 -25 -25 -0 1 0 
Polygon3D 0
PolygonOnTriangulations 0
Surfaces 5
1 -25 -25 -25 1 0 -0 0 0 1 0 -1 0 
1 -25 -25 -25 -0 1 0 0 0 1 1 0 -0 
1 -25 -25 25 0 0 1 1 0 -0 -0 1 0 
1 -25 25 -25 -0 1 0 0 0 1 1 0 -0 
1 -25 -25 -25 0 0 1 1 0 -0 -0 1 0 
Triangulations 0

TShapes 10
Ve
1e-007
-25 -25 25
0 0

0101101
*
Ve
1e-007
-25 -25 -25
0 0

0101101
*
Ed
 1e-007 1 1 0
1  1 0 0 50
2  1 1 0 0 50
2  2 2 0 0 50
0

0101000
-10 0 +9 0 *
Ve
1e-007
-25 25 25
0 0

0101101
*
Ed
 1e-007 1 1 0
1  2 0 0 50
2  3 1 0 0 50
2  4 3 0 0 50
0

0101000
-7 0 +10 0 *
Ve
1e-007
-25 25 -25
0 0

0101101
*
Ed
 1e-007 1 1 0
1  3 0 0 50
2  5 1 0 0 50
2  6 4 0 0 50
0

0101000
-7 0 +5 0 *
Ed
 1e-007 1 1 0
1  4 0 0 50
2  7 1 0 0 50
2  8 5 0 0 50
0

0101000
-5 0 +9 0 *
Wi

0101000
-8 0 -6 0 +4 0 +3 0 *
Fa
0  1e-007 1 0

0101000
+2 0 *

-1 0 
0

