DBRep_DrawableShape

CASCADE Topology V1, (c) Matra-Datavision
Locations 0
Curve2ds 6
1 0 50 1 0 
1 0 0 1 0 
1 0 55.901699437494742 1 0 
2 0 0 1 0 -0 1 35.355339059327378
1 6.2831853071795862 0 0 1 
1 0 0 0 1 
Curves 3
2 0 0 -25 0 0 1 0 1 0 -1 0 0 25
2 0 0 25 0 0 1 -0.70710678118654757 0.70710678118654757 0 -0.70710678118654757 -0.70710678118654757 0 35.355339059327378
1 0 25 -25 -0.44721359549995798 0 0.89442719099991597 
Polygon3D 0
PolygonOnTriangulations 0
Surfaces 3
7 0 0 0 0 0 1 
1 0 25 -25 -0.44721359549995798 0 0.89442719099991597 
2 0 0 25 -0 -0 -1 0 1 -0 -1 0 -0 25
1 0 0 25 0 0 1 -0.70710678118654757 0.70710678118654757 0 -0.70710678118654757 -0.70710678118654757 0 
Triangulations 0

TShapes 7
Ve
0.003
0 25 -25
0 0

0101101
*
Ed
 0.003 1 1 0
1  1 0 0 6.28318530717959
2  1 2 0 0 6.28318530717959
2  2 1 0 0 6.28318530717959
0

0101100
+7 0 -7 0 *
Ve
0.003
-25 25 25
0 0

0101101
*
Ed
 0.003 1 1 0
1  2 0 0 6.28318530717959
2  3 1 0 0 6.28318530717959
2  4 3 0 0 6.28318530717959
0

0101100
+5 0 -5 0 *
Ed
 0.003 1 1 0
1  3 0 0 55.9016994374947
3  5 6CN 1 0 0 55.9016994374947
0

0101000
+7 0 -5 0 *
Wi

0101000
+6 0 -4 0 -3 0 +3 0 *
Fa
0  0.003 1 0

0101000
+2 0 *

+1 0 
0

