DBRep_DrawableShape

CASCADE Topology V1, (c) Matra-Datavision
Locations 9
1
0.809016994374947 -0.587785252292473               0               0 
0.587785252292473 0.809016994374947               0               0 
              0               0               1               0 
1
0.309016994374947 -0.951056516295154               0               0 
0.951056516295154 0.309016994374947               0               0 
              0               0               1               0 
1
0.309016994374947 -0.951056516295154               0               0 
0.951056516295154 0.309016994374947               0               0 
              0               0               1               0 
1
0.309016994374947 -0.951056516295154               0               0 
0.951056516295154 0.309016994374947               0               0 
              0               0               1               0 
1
0.309016994374947 -0.951056516295154               0               0 
0.951056516295154 0.309016994374947               0               0 
              0               0               1               0 
1
0.309016994374947 -0.951056516295154               0               0 
0.951056516295154 0.309016994374947               0               0 
              0               0               1               0 
1
0.309016994374947 -0.951056516295154               0               0 
0.951056516295154 0.309016994374947               0               0 
              0               0               1               0 
1
0.309016994374947 -0.951056516295154               0               0 
0.951056516295154 0.309016994374947               0               0 
              0               0               1               0 
1
0.309016994374947 -0.951056516295154               0               0 
0.951056516295154 0.309016994374947               0               0 
              0               0               1               0 
Curve2ds 0
Curves 10
1 10 0 0 -0.94456311656656289 0.32832989328122691 0 
1 3.2360679774997898 2.3511410091698925 0 -0.020374229220770843 0.99979242384790035 0 
1 3.0901699437494745 9.5105651629515346 0 -0.60414633977843568 -0.79687339027747628 0 
1 -1.2360679774997896 3.8042260651806146 0 -0.95715508271958061 0.2895758063514165 0 
1 -8.0901699437494727 5.8778525229247318 0 0.57118014440464682 -0.82082473320306737 0 
1 -4 4.4408920985006262e-016 0 -0.57118014440464715 -0.82082473320306726 0 
1 -8.0901699437494745 -5.8778525229247292 0 0.95715508271958061 0.28957580635141611 0 
1 -1.2360679774997902 -3.8042260651806141 0 0.60414633977843546 -0.79687339027747639 0 
1 3.0901699437494714 -9.5105651629515346 0 0.020374229220771155 0.99979242384790035 0 
1 3.2360679774997889 -2.351141009169893 0 0.94456311656656289 0.32832989328122697 0 
Polygon3D 0
PolygonOnTriangulations 0
Surfaces 1
1 10 0 0 0 0 1 1 0 -0 -0 1 0 
Triangulations 0

TShapes 22
Ve
1e-007
10 0 0
0 0

0101101
*
Ve
1e-007
4 0 0
0 0

0101101
*
Ed
 1e-007 1 1 0
1  1 0 0 7.16091058804704
0

0101000
+22 0 -21 1 *
Ve
1e-007
10 0 0
0 0

0101101
*
Ed
 1e-007 1 1 0
1  2 0 0 7.16091058804704
0

0101000
+21 1 -19 2 *
Ve
1e-007
3.23606797749979 2.35114100916989 0
0 0

0101101
*
Ed
 1e-007 1 1 0
1  3 0 0 7.16091058804704
0

0101000
+19 2 -17 3 *
Ve
1e-007
3.09016994374947 9.51056516295153 0
0 0

0101101
*
Ed
 1e-007 1 1 0
1  4 0 0 7.16091058804704
0

0101000
+17 3 -15 4 *
Ve
1e-007
-1.23606797749979 3.80422606518061 0
0 0

0101101
*
Ed
 1e-007 1 1 0
1  5 0 0 7.16091058804704
0

0101000
+15 4 -13 5 *
Ve
1e-007
-8.09016994374947 5.87785252292473 0
0 0

0101101
*
Ed
 1e-007 1 1 0
1  6 0 0 7.16091058804704
0

0101000
+13 5 -11 6 *
Ve
1e-007
-4 4.44089209850063e-016 0
0 0

0101101
*
Ed
 1e-007 1 1 0
1  7 0 0 7.16091058804704
0

0101000
+11 6 -9 7 *
Ve
1e-007
-8.09016994374947 -5.87785252292473 0
0 0

0101101
*
Ed
 1e-007 1 1 0
1  8 0 0 7.16091058804704
0

0101000
+9 7 -7 8 *
Ve
1e-007
-1.23606797749979 -3.80422606518061 0
0 0

0101101
*
Ed
 1e-007 1 1 0
1  9 0 0 7.16091058804704
0

0101000
+7 8 -5 9 *
Ed
 1e-007 1 1 0
1  10 0 0 7.16091058804704
0

0101000
+5 9 -22 0 *
Wi

0101100
+20 0 +18 0 +16 0 +14 0 +12 0 +10 0 +8 0 +6 0 +4 0 +3 0 
*
Fa
0  1e-007 1 0

1111000
+2 0 *

+1 0 
0

