DBRep_DrawableShape

CASCADE Topology V1, (c) Matra-Datavision
Locations 0
Curve2ds 6
7 0 0  5 6 2  0.347024 1  0.347024 0.80000000000000004  0.34702100000000002 0.59999999999999998  0.34701599999999999 0.40000000000000002  0.34700999999999999 0.20000000000000001  0.34700399999999998 -1.11022e-016 
 0 6 1 6
7 0 0  1 2 2  0.37289999999999957 1  0.34699999999999953 1 
 11.6272 2 11.653 2
7 0 0  1 2 2  0.4845000000000006 1  0.37270000000000003 1 
 11.515499999999999 2 11.6273 2
7 0 0  5 6 2  0.48452200000000001 1.17163e-007  0.48452200000000001 0.20000000000000001  0.48452200000000001 0.40000000000000002  0.48452200000000001 0.59999999999999998  0.48452200000000001 0.80000000000000004  0.48452200000000001 1 
 0 6 1 6
7 0 0  1 2 2  0.37283200000000005 0  0.48452200000000001 0 
 0.372832 2 0.48452200000000001 2
7 0 0  1 2 2  0.34700399999999998 0  0.37283200000000005 0 
 0.34700399999999998 2 0.372832 2
Curves 6
7 0 0  5 6 2  2398.5 882.98500000000001 602.30999999999995  2398.5 882.98500000000001 601.68799999999999  2398.5 883.22799999999995 601.06500000000005  2398.5 883.72000000000003 600.57299999999998  2398.5 884.34299999999996 600.33000000000004  2398.5 884.96500000000003 600.33000000000004 
 0 6 1 6
7 0 0  5 6 2  2402.7914928389528 882.97767272978331 602.30999999999995  2401.932426300029 882.97921443007658 602.30999999999995  2401.0733600076246 882.98071946970799 602.30999999999995  2400.2142940618728 882.98218683315031 602.30999999999995  2399.3552285678602 882.98361556417649 602.30999999999995  2398.4961636352868 882.98500477411415 602.30999999999995 
 11.6272 6 11.653 6
7 0 0  5 6 2  2421.3879267817738 882.93834309655904 602.30999999999995  2417.6653279199591 882.94720919264591 602.30999999999995  2413.9427150208671 882.95568460261472 602.30999999999995  2410.2200922177617 882.96365749897097 602.30999999999995  2406.4974659147238 882.97102436430339 602.30999999999995  2402.7748442626539 882.97770260218772 602.30999999999995 
 11.515499999999999 6 11.6273 6
7 0 0  5 6 2  2421.4000000000001 884.91800000000001 600.33000000000004  2421.3899999999999 884.29600000000005 600.33000000000004  2421.3899999999999 883.67399999999998 600.57299999999998  2421.3899999999999 883.18100000000004 601.06500000000005  2421.3899999999999 882.93799999999999 601.68799999999999  2421.3899999999999 882.93799999999999 602.30999999999995 
 0 6 1 6
7 0 0  5 6 2  2402.7974262912885 884.95766316828735 600.33000000000004  2406.5165089080806 884.95098825281616 600.33000000000004  2410.235615833617 884.94362635638277 600.33000000000004  2413.9547396507869 884.93565988109015 600.33000000000004  2417.6738733382704 884.92719205298226 600.33000000000004  2421.3930099229201 884.91833437305741 600.33000000000004 
 0.372832 6 0.48452200000000001 6
7 0 0  5 6 2  2398.4973029664088 884.96500369719774 600.33000000000004  2399.3573246610922 884.96361295505471 600.33000000000004  2400.2173479344774 884.96218260640853 600.33000000000004  2401.0773726923508 884.96071354284948 600.33000000000004  2401.9373988418611 884.95920672381408 600.33000000000004  2402.7974262912885 884.95766316828724 600.33000000000004 
 0.34700399999999998 6 0.372832 6
Polygon3D 0
PolygonOnTriangulations 0
Surfaces 1
9 0 0 0 0 5 5 61 6 13 2 2340.73 884.98000000000002 600.33000000000004  2340.73 884.35799999999995 600.33000000000004  2340.73 883.73500000000001 600.57299999999998  2340.73 883.24300000000005 601.06500000000005  2340.73 883 601.68799999999999  2340.73 883 602.30999999999995  
2374.02 885.00999999999999 600.33000000000004  2374.02 884.38800000000003 600.33000000000004  2374.02 883.76499999999999 600.57299999999998  2374.02 883.27300000000002 601.06500000000005  2374.02 883.02999999999997 601.68799999999999  2374.02 883.02999999999997 602.30999999999995  
2407.3200000000002 885.01199999999994 600.33000000000004  2407.3200000000002 884.38999999999999 600.33000000000004  2407.3200000000002 883.76700000000005 600.57299999999998  2407.3200000000002 883.27599999999995 601.06500000000005  2407.3200000000002 883.03200000000004 601.68799999999999  2407.3200000000002 883.03200000000004 602.30999999999995  
2440.6199999999999 884.84500000000003 600.33000000000004  2440.6199999999999 884.22299999999996 600.33000000000004  2440.6199999999999 883.60000000000002 600.57299999999998  2440.6199999999999 883.10799999999995 601.06500000000005  2440.6100000000001 882.86500000000001 601.68799999999999  2440.6100000000001 882.86500000000001 602.30999999999995  
2473.9200000000001 884.77099999999996 600.33000000000004  2473.9200000000001 884.149 600.33000000000004  2473.9099999999999 883.52599999999995 600.57299999999998  2473.9099999999999 883.03399999999999 601.06500000000005  2473.9099999999999 882.79100000000005 601.68799999999999  2473.9099999999999 882.79100000000005 602.30999999999995  
2507.21 884.73299999999995 600.33000000000004  2507.21 884.11199999999997 600.33000000000004  2507.21 883.48900000000003 600.57299999999998  2507.21 882.99699999999996 601.06500000000005  2507.21 882.75300000000004 601.68799999999999  2507.21 882.75300000000004 602.30999999999995  
2522.1199999999999 884.71699999999998 600.33000000000004  2522.1199999999999 884.09500000000003 600.33000000000004  2522.1199999999999 883.47199999999998 600.57299999999998  2522.1199999999999 882.98000000000002 601.06500000000005  2522.1199999999999 882.73699999999997 601.68799999999999  2522.1199999999999 882.73699999999997 602.30999999999995  
2537.02 884.71100000000001 600.33000000000004  2537.02 884.08900000000006 600.33000000000004  2537.02 883.46600000000001 600.57299999999998  2537.02 882.97400000000005 601.06500000000005  2537.02 882.73099999999999 601.68799999999999  2537.02 882.73099999999999 602.30999999999995  
2551.9299999999998 884.69500000000005 600.33000000000004  2551.9299999999998 884.07399999999996 600.33000000000004  2551.9299999999998 883.45100000000002 600.57299999999998  2551.9299999999998 882.95899999999995 601.06500000000005  2551.9299999999998 882.71500000000003 601.68799999999999  2551.9299999999998 882.71500000000003 602.30999999999995  
2566.8400000000001 884.65800000000002 600.33000000000004  2566.8400000000001 884.03599999999994 600.33000000000004  2566.8299999999999 883.41300000000001 600.57299999999998  2566.8299999999999 882.92100000000005 601.06500000000005  2566.8299999999999 882.678 601.68799999999999  2566.8299999999999 882.678 602.30999999999995  
2581.7399999999998 884.61099999999999 600.33000000000004  2581.7399999999998 883.98900000000003 600.33000000000004  2581.7399999999998 883.36599999999999 600.57299999999998  2581.7399999999998 882.87400000000002 601.06500000000005  2581.7399999999998 882.63099999999997 601.68799999999999  2581.7399999999998 882.63099999999997 602.30999999999995  
2693.4099999999999 884.34799999999996 600.33000000000004  2693.4099999999999 883.726 600.33000000000004  2693.4099999999999 883.10299999999995 600.57299999999998  2693.4099999999999 882.61099999999999 601.06500000000005  2693.4099999999999 882.36800000000005 601.68799999999999  2693.4099999999999 882.36800000000005 602.30999999999995  
2805.0799999999999 883.56600000000003 600.33000000000004  2805.0799999999999 882.94399999999996 600.33000000000004  2805.0799999999999 882.32100000000003 600.57299999999998  2805.0700000000002 881.82899999999995 601.06500000000005  2805.0700000000002 881.58600000000001 601.68799999999999  2805.0700000000002 881.58600000000001 602.30999999999995  
2916.7399999999998 883.46299999999997 600.33000000000004  2916.75 882.84100000000001 600.33000000000004  2916.75 882.21799999999996 600.57299999999998  2916.75 881.726 601.06500000000005  2916.75 881.48299999999995 601.68799999999999  2916.75 881.48299999999995 602.30999999999995  
3028.4200000000001 883.04399999999998 600.33000000000004  3028.4200000000001 882.42200000000003 600.33000000000004  3028.4099999999999 881.79899999999998 600.57299999999998  3028.4099999999999 881.30700000000002 601.06500000000005  3028.4099999999999 881.06399999999996 601.68799999999999  3028.4099999999999 881.06399999999996 602.30999999999995  
3140.0900000000001 882.18499999999995 600.33000000000004  3140.0799999999999 881.56299999999999 600.33000000000004  3140.0799999999999 880.94000000000005 600.57299999999998  3140.0799999999999 880.44799999999998 601.06500000000005  3140.0700000000002 880.20500000000004 601.68799999999999  3140.0700000000002 880.20500000000004 602.30999999999995  
3163.4000000000001 882.02800000000002 600.33000000000004  3163.4000000000001 881.40599999999995 600.33000000000004  3163.3899999999999 880.78300000000002 600.57299999999998  3163.3899999999999 880.29100000000005 601.06500000000005  3163.3899999999999 880.048 601.68799999999999  3163.3899999999999 880.048 602.30999999999995  
3186.71 881.92600000000004 600.33000000000004  3186.71 881.30399999999997 600.33000000000004  3186.71 880.68200000000002 600.57299999999998  3186.71 880.19000000000005 601.06500000000005  3186.71 879.94600000000003 601.68799999999999  3186.71 879.94600000000003 602.30999999999995  
3210.0300000000002 881.80999999999995 600.33000000000004  3210.0300000000002 881.18799999999999 600.33000000000004  3210.02 880.56500000000005 600.57299999999998  3210.02 880.07299999999998 601.06500000000005  3210.02 879.83000000000004 601.68799999999999  3210.02 879.83000000000004 602.30999999999995  
3233.3400000000001 881.74400000000003 600.33000000000004  3233.3400000000001 881.12199999999996 600.33000000000004  3233.3400000000001 880.49900000000002 600.57299999999998  3233.3400000000001 880.00699999999995 601.06500000000005  3233.3400000000001 879.76400000000001 601.68799999999999  3233.3400000000001 879.76400000000001 602.30999999999995  
3256.6599999999999 881.61699999999996 600.33000000000004  3256.6599999999999 880.995 600.33000000000004  3256.6500000000001 880.37300000000005 600.57299999999998  3256.6500000000001 879.88099999999997 601.06500000000005  3256.6500000000001 879.63699999999994 601.68799999999999  3256.6500000000001 879.63699999999994 602.30999999999995  
3268.25 881.55499999999995 600.33000000000004  3268.2399999999998 880.93299999999999 600.33000000000004  3268.2399999999998 880.30999999999995 600.57299999999998  3268.2399999999998 879.81799999999998 601.06500000000005  3268.23 879.57500000000005 601.68799999999999  3268.23 879.57500000000005 602.30999999999995  
3279.8400000000001 881.47400000000005 600.33000000000004  3279.8299999999999 880.85299999999995 600.33000000000004  3279.8299999999999 880.23000000000002 600.57299999999998  3279.8200000000002 879.73800000000006 601.06500000000005  3279.8200000000002 879.495 601.68799999999999  3279.8200000000002 879.495 602.30999999999995  
3291.4200000000001 881.37699999999995 600.33000000000004  3291.4200000000001 880.755 600.33000000000004  3291.4099999999999 880.13199999999995 600.57299999999998  3291.4099999999999 879.63999999999999 601.06500000000005  3291.4099999999999 879.39700000000005 601.68799999999999  3291.4099999999999 879.39700000000005 602.30999999999995  
3303.0100000000002 881.25800000000004 600.33000000000004  3303.0100000000002 880.63599999999997 600.33000000000004  3303 880.01400000000001 600.57299999999998  3302.9899999999998 879.52200000000005 601.06500000000005  3302.9899999999998 879.27800000000002 601.68799999999999  3302.9899999999998 879.27800000000002 602.30999999999995  
3314.5999999999999 881.12900000000002 600.33000000000004  3314.5900000000001 880.50699999999995 600.33000000000004  3314.5900000000001 879.88400000000001 600.57299999999998  3314.5799999999999 879.39300000000003 601.06500000000005  3314.5799999999999 879.149 601.68799999999999  3314.5799999999999 879.149 602.30999999999995  
3334.1799999999998 880.91099999999994 600.33000000000004  3334.1700000000001 880.28899999999999 600.33000000000004  3334.1599999999999 879.66600000000005 600.57299999999998  3334.1599999999999 879.17499999999995 601.06500000000005  3334.1599999999999 878.93100000000004 601.68799999999999  3334.1599999999999 878.93100000000004 602.30999999999995  
3353.75 880.69799999999998 600.33000000000004  3353.75 880.07600000000002 600.33000000000004  3353.7399999999998 879.45399999999995 600.57299999999998  3353.7399999999998 878.96199999999999 601.06500000000005  3353.7399999999998 878.71799999999996 601.68799999999999  3353.7399999999998 878.71799999999996 602.30999999999995  
3373.3299999999999 880.55200000000002 600.33000000000004  3373.3299999999999 879.92999999999995 600.33000000000004  3373.3200000000002 879.30700000000002 600.57299999999998  3373.3200000000002 878.81600000000003 601.06500000000005  3373.3200000000002 878.572 601.68799999999999  3373.3200000000002 878.572 602.30999999999995  
3392.9099999999999 880.49900000000002 600.33000000000004  3392.9000000000001 879.87699999999995 600.33000000000004  3392.9000000000001 879.25400000000002 600.57299999999998  3392.9000000000001 878.76199999999994 601.06500000000005  3392.9000000000001 878.51900000000001 601.68799999999999  3392.9000000000001 878.51900000000001 602.30999999999995  
3412.4899999999998 880.44100000000003 600.33000000000004  3412.48 879.81899999999996 600.33000000000004  3412.48 879.197 600.57299999999998  3412.48 878.70500000000004 601.06500000000005  3412.48 878.46100000000001 601.68799999999999  3412.48 878.46100000000001 602.30999999999995  
3424.2800000000002 880.40700000000004 600.33000000000004  3424.2800000000002 879.78499999999997 600.33000000000004  3424.2800000000002 879.16200000000003 600.57299999999998  3424.27 878.66999999999996 601.06500000000005  3424.27 878.42700000000002 601.68799999999999  3424.27 878.42700000000002 602.30999999999995  
3436.0799999999999 880.35900000000004 600.33000000000004  3436.0700000000002 879.73699999999997 600.33000000000004  3436.0700000000002 879.11400000000003 600.57299999999998  3436.0700000000002 878.62199999999996 601.06500000000005  3436.0700000000002 878.37900000000002 601.68799999999999  3436.0700000000002 878.37900000000002 602.30999999999995  
3447.8699999999999 880.29899999999998 600.33000000000004  3447.8699999999999 879.67700000000002 600.33000000000004  3447.8600000000001 879.05399999999997 600.57299999999998  3447.8600000000001 878.56200000000001 601.06500000000005  3447.8600000000001 878.31899999999996 601.68799999999999  3447.8600000000001 878.31899999999996 602.30999999999995  
3459.6599999999999 880.22000000000003 600.33000000000004  3459.6599999999999 879.59799999999996 600.33000000000004  3459.6599999999999 878.97500000000002 600.57299999999998  3459.6500000000001 878.48299999999995 601.06500000000005  3459.6500000000001 878.24000000000001 601.68799999999999  3459.6500000000001 878.24000000000001 602.30999999999995  
3471.46 880.14300000000003 600.33000000000004  3471.4499999999998 879.52200000000005 600.33000000000004  3471.4499999999998 878.899 600.57299999999998  3471.4499999999998 878.40700000000004 601.06500000000005  3471.4400000000001 878.16399999999999 601.68799999999999  3471.4400000000001 878.16399999999999 602.30999999999995  
3532.9499999999998 879.745 600.33000000000004  3532.9499999999998 879.12300000000005 600.33000000000004  3532.9400000000001 878.5 600.57299999999998  3532.9400000000001 878.00900000000001 601.06500000000005  3532.9400000000001 877.76499999999999 601.68799999999999  3532.9400000000001 877.76499999999999 602.30999999999995  
3594.46 879.15499999999997 600.33000000000004  3594.4499999999998 878.53399999999999 600.33000000000004  3594.4400000000001 877.91099999999994 600.57299999999998  3594.4299999999998 877.41899999999998 601.06500000000005  3594.4299999999998 877.17600000000004 601.68799999999999  3594.4299999999998 877.17600000000004 602.30999999999995  
3655.9400000000001 878.17899999999997 600.33000000000004  3655.9400000000001 877.55700000000002 600.33000000000004  3655.9299999999998 876.93399999999997 600.57299999999998  3655.9200000000001 876.44200000000001 601.06500000000005  3655.9200000000001 876.19899999999996 601.68799999999999  3655.9200000000001 876.19899999999996 602.30999999999995  
3717.4400000000001 877.90499999999997 600.33000000000004  3717.4299999999998 877.28300000000002 600.33000000000004  3717.4299999999998 876.65999999999997 600.57299999999998  3717.4200000000001 876.16800000000001 601.06500000000005  3717.4200000000001 875.92499999999995 601.68799999999999  3717.4200000000001 875.92499999999995 602.30999999999995  
3778.9299999999998 877.32600000000002 600.33000000000004  3778.9299999999998 876.70399999999995 600.33000000000004  3778.9200000000001 876.08100000000002 600.57299999999998  3778.9200000000001 875.58900000000006 601.06500000000005  3778.9099999999999 875.346 601.68799999999999  3778.9099999999999 875.346 602.30999999999995  
3813.9899999999998 877.01999999999998 600.33000000000004  3813.98 876.39800000000002 600.33000000000004  3813.98 875.77599999999995 600.57299999999998  3813.9699999999998 875.28399999999999 601.06500000000005  3813.9699999999998 875.03999999999996 601.68799999999999  3813.9699999999998 875.03999999999996 602.30999999999995  
3849.0500000000002 876.67999999999995 600.33000000000004  3849.04 876.05799999999999 600.33000000000004  3849.0300000000002 875.43499999999995 600.57299999999998  3849.0300000000002 874.94399999999996 601.06500000000005  3849.0300000000002 874.70000000000005 601.68799999999999  3849.0300000000002 874.70000000000005 602.30999999999995  
3884.0999999999999 876.36500000000001 600.33000000000004  3884.0999999999999 875.74300000000005 600.33000000000004  3884.0900000000001 875.12 600.57299999999998  3884.0900000000001 874.62900000000002 601.06500000000005  3884.0799999999999 874.38499999999999 601.68799999999999  3884.0799999999999 874.38499999999999 602.30999999999995  
3919.1599999999999 876 600.33000000000004  3919.1500000000001 875.37800000000004 600.33000000000004  3919.1500000000001 874.755 600.57299999999998  3919.1399999999999 874.26400000000001 601.06500000000005  3919.1399999999999 874.01999999999998 601.68799999999999  3919.1399999999999 874.01999999999998 602.30999999999995  
3954.2199999999998 875.60599999999999 600.33000000000004  3954.21 874.98500000000001 600.33000000000004  3954.1999999999998 874.36199999999997 600.57299999999998  3954.1999999999998 873.87 601.06500000000005  3954.1900000000001 873.62699999999995 601.68799999999999  3954.1900000000001 873.62699999999995 602.30999999999995  
4004.6199999999999 875.10500000000002 600.33000000000004  4004.6100000000001 874.48299999999995 600.33000000000004  4004.5999999999999 873.86000000000001 600.57299999999998  4004.5900000000001 873.36800000000005 601.06500000000005  4004.5900000000001 873.125 601.68799999999999  4004.5900000000001 873.125 602.30999999999995  
4055.0100000000002 874.22400000000005 600.33000000000004  4055 873.60199999999998 600.33000000000004  4055 872.97900000000004 600.57299999999998  4054.9899999999998 872.48800000000006 601.06500000000005  4054.9899999999998 872.24400000000003 601.68799999999999  4054.9899999999998 872.24400000000003 602.30999999999995  
4105.4099999999999 874.31899999999996 600.33000000000004  4105.4099999999999 873.697 600.33000000000004  4105.4099999999999 873.07399999999996 600.57299999999998  4105.3999999999996 872.58199999999999 601.06500000000005  4105.3999999999996 872.33900000000006 601.68799999999999  4105.3999999999996 872.33900000000006 602.30999999999995  
4155.8199999999997 873.46400000000006 600.33000000000004  4155.8100000000004 872.84199999999998 600.33000000000004  4155.8000000000002 872.22000000000003 600.57299999999998  4155.79 871.72799999999995 601.06500000000005  4155.79 871.48400000000004 601.68799999999999  4155.79 871.48400000000004 602.30999999999995  
4206.21 872.91899999999998 600.33000000000004  4206.21 872.29700000000003 600.33000000000004  4206.1999999999998 871.67399999999998 600.57299999999998  4206.1899999999996 871.18200000000002 601.06500000000005  4206.1899999999996 870.93899999999996 601.68799999999999  4206.1899999999996 870.93899999999996 602.30999999999995  
4258.6700000000001 872.28899999999999 600.33000000000004  4258.6599999999999 871.66700000000003 600.33000000000004  4258.6599999999999 871.04399999999998 600.57299999999998  4258.6499999999996 870.553 601.06500000000005  4258.6499999999996 870.30899999999997 601.68799999999999  4258.6499999999996 870.30899999999997 602.30999999999995  
4311.1300000000001 871.72299999999996 600.33000000000004  4311.1199999999999 871.101 600.33000000000004  4311.1099999999997 870.47799999999995 600.57299999999998  4311.1099999999997 869.98599999999999 601.06500000000005  4311.1099999999997 869.74300000000005 601.68799999999999  4311.1099999999997 869.74300000000005 602.30999999999995  
4363.5900000000001 871.03300000000002 600.33000000000004  4363.5799999999999 870.41099999999994 600.33000000000004  4363.5699999999997 869.78800000000001 600.57299999999998  4363.5600000000004 869.29600000000005 601.06500000000005  4363.5600000000004 869.053 601.68799999999999  4363.5600000000004 869.053 602.30999999999995  
4416.04 870.34400000000005 600.33000000000004  4416.0299999999997 869.72199999999998 600.33000000000004  4416.0299999999997 869.10000000000002 600.57299999999998  4416.0200000000004 868.60799999999995 601.06500000000005  4416.0200000000004 868.36400000000003 601.68799999999999  4416.0200000000004 868.36400000000003 602.30999999999995  
4468.5 869.68200000000002 600.33000000000004  4468.4899999999998 869.05999999999995 600.33000000000004  4468.4799999999996 868.43700000000001 600.57299999999998  4468.4799999999996 867.94500000000005 601.06500000000005  4468.4700000000003 867.702 601.68799999999999  4468.4700000000003 867.702 602.30999999999995  
4495.5500000000002 869.33900000000006 600.33000000000004  4495.54 868.71699999999998 600.33000000000004  4495.5299999999997 868.09500000000003 600.57299999999998  4495.5200000000004 867.60299999999995 601.06500000000005  4495.5200000000004 867.35900000000004 601.68799999999999  4495.5200000000004 867.35900000000004 602.30999999999995  
4522.5900000000001 869.00699999999995 600.33000000000004  4522.5799999999999 868.38499999999999 600.33000000000004  4522.5799999999999 867.76199999999994 600.57299999999998  4522.5699999999997 867.27099999999996 601.06500000000005  4522.5699999999997 867.02700000000004 601.68799999999999  4522.5699999999997 867.02700000000004 602.30999999999995  
4549.6400000000003 868.68799999999999 600.33000000000004  4549.6300000000001 868.06600000000003 600.33000000000004  4549.6199999999999 867.44299999999998 600.57299999999998  4549.6199999999999 866.95100000000002 601.06500000000005  4549.6199999999999 866.70799999999997 601.68799999999999  4549.6199999999999 866.70799999999997 602.30999999999995  
4576.6800000000003 868.38900000000001 600.33000000000004  4576.6800000000003 867.76700000000005 600.33000000000004  4576.6700000000001 867.14400000000001 600.57299999999998  4576.6700000000001 866.65200000000004 601.06500000000005  4576.6599999999999 866.40899999999999 601.68799999999999  4576.6599999999999 866.40899999999999 602.30999999999995  
4603.7299999999996 868.11599999999999 600.33000000000004  4603.7200000000003 867.49400000000003 600.33000000000004  4603.7200000000003 866.87099999999998 600.57299999999998  4603.71 866.37900000000002 601.06500000000005  4603.71 866.13599999999997 601.68799999999999  4603.71 866.13599999999997 602.30999999999995  

0 6
1 5
2 5
3 5
4 5
5 5
6 5
7 5
8 5
9 5
10 5
11 5
12 6

0 6
1 6

Triangulations 0

TShapes 14
Ve
0.0146110565807159
2398.49616363529 882.985004774114 602.31
0 0

0101101
*
Ve
0.00269736932067409
2398.49999996349 884.96500000005 600.33
0 0

0101101
*
Ed
 0.00269706309612102 1 1 0
1  1 0 0 1
2  1 1 0 0 1
0

0101000
+14 0 -13 0 *
Ve
0.0171419823683855
2402.78896217031 882.977677270541 602.31
0 0

0101101
*
Ed
 0.0146095956211538 1 1 0
1  2 0 11.6272 11.653
2  2 1 0 11.6272 11.653
0

0101000
-14 0 +11 0 *
Ve
0.00699882233613775
2421.39 882.938 602.31
0 0

0101101
*
Ed
 0.00302233796321619 1 1 0
1  3 0 11.5155 11.6273
2  3 1 0 11.5155 11.6273
0

0101000
-11 0 +9 0 *
Ve
0.00699884604801607
2421.39999997632 884.918000001133 600.33
0 0

0101101
*
Ed
 0.00699812252388536 1 1 0
1  4 0 0 1
2  4 1 0 0 1
0

0101000
-9 0 +7 0 *
Ve
1.00010056849103e-007
2402.79742629129 884.957663168287 600.33
0 0

0101101
*
Ed
 1e-007 1 1 0
1  5 0 0.372832 0.484522
2  5 1 0 0.372832 0.484522
0

0101000
-7 0 +5 0 *
Ed
 1e-007 1 1 0
1  6 0 0.347004 0.372832
2  6 1 0 0.347004 0.372832
0

0101000
-5 0 +13 0 *
Wi

0101100
-12 0 -10 0 -8 0 -6 0 -4 0 -3 0 *
Fa
0  1e-007 1 0

1101000
+2 0 *

+1 0 