DBRep_DrawableShape

CASCADE Topology V1, (c) Matra-Datavision
Locations 0
Curve2ds 4
1 10.000000399999999 0 0 -1 
1 10.000000399999999 0 0 1 
1 10 0 0 1 
1 10 0 0 -1 
Curves 2
1 20.000000199999999 9.9999997999999994 20.000000199999999 0 1 0 
1 20 10 20 0 1 0 
Polygon3D 0
PolygonOnTriangulations 0
Surfaces 4
1 9.9999997999999994 9.9999997999999994 20.000000199999999 0 0 1 1 0 -0 -0 1 0 
1 20.000000199999999 9.9999997999999994 9.9999997999999994 1 0 -0 0 0 1 0 -1 0 
1 10 10 20 0 0 1 1 0 -0 -0 1 0 
1 20 10 10 1 0 -0 0 0 1 0 -1 0 
Triangulations 0

TShapes 10
Ve
1e-007
20 10 20
0 0

0101101
*
Ve
1e-007
20 20 20
0 0

0101101
*
Ed
 1e-007 1 1 0
1  1 0 2.00000000560863e-007 10.0000002
2  1 2 0 2.00000000560863e-007 10.0000002
2  2 1 0 2.00000000560863e-007 10.0000002
0

0101000
+10 0 -9 0 *
Ed
 1e-007 1 1 0
1  2 0 0 10
2  3 3 0 0 10
2  4 4 0 0 10
0

0101000
-9 0 +10 0 *
Wi

0101000
+8 0 -7 0 *
Fa
0  1e-007 1 0

0111000
+6 0 *
Wi

0101000
-8 0 +7 0 *
Fa
0  1e-007 2 0

0111000
+4 0 *
Sh

0101000
-5 0 -3 0 *
So

0100000
+2 0 *

+1 0 
0

