DBRep_DrawableShape

CASCADE Topology V1, (c) Matra-Datavision
Locations 0
Curve2ds 15
7 0 0  3 25 23  1.9870839542970273 3.1620130058381077  1.9870839542970862 3.2681599483819097  1.9870839542971059 3.4690093340021741  1.9870839542969889 3.7487177317623326  1.987083954297068 4.0201436934463883  1.9870839542970244 4.2947664696302601  1.9870839542971022 4.5818147011809094  1.9870839542969858 4.9042185304388921  1.987083954297018 5.191301477357011  1.9870839542969903 5.4657853920710027  1.9870839542970542 5.7377320842668817  1.9870839542969805 6.0154964214499964  1.9870839542970258 6.3240260116762554  1.9870839542970717 6.6325556019024718  1.9870839542970229 6.9103199390856451  1.9870839542970105 7.1822666312814389  1.9870839542971159 7.4567505459954964  1.987083954297056 7.7438334929136117  1.9870839542970289 8.0662373221716059  1.9870839542970378 8.3532855537222268  1.9870839542970373 8.6279083299060702  1.9870839542970382 8.8993342915902325  1.9870839542970462 9.1790426893502826  1.9870839542970304 9.3798920749705275  1.9870839542970136 9.4860390175143579 
 0 4 0.28559933214452665 1 0.5711986642890533 1 0.8567979964335799 1 1.1423973285781066 1 1.4279966607226333 1 1.7135959928671598 1 1.9991953250116865 1 2.2847946571562132 1 2.5703939893007397 1 2.8559933214452666 1 3.1415926535897931 1 3.4271919857343196 1 3.7127913178788465 1 3.998390650023373 1 4.2839899821678999 1 4.5695893143124264 1 4.8551886464569529 1 5.1407879786014794 1 5.4263873107460068 1 5.7119866428905333 1 5.9975859750350597 1 6.2831853071795862 4
7 0 0  3 25 23  -1.1666333972152949 1.5810065029190632  -1.1666333972152949 1.6075999909906651  -1.1666333972152951 1.6592658840994634  -1.1666333972152947 1.7331450605553345  -1.1666333972152954 1.8043990353505928  -1.1666333972152947 1.8738442052540902  -1.1666333972152947 1.9422361208818586  -1.1666333972152951 2.0102793674152739  -1.1666333972152949 2.0786758970461667  -1.1666333972152947 2.1481026109371308  -1.1666333972152949 2.2194257957794372  -1.1666333972152949 2.2930465880595845  -1.1666333972152949 2.3715097543785935  -1.1666333972152949 2.4499729206976104  -1.1666333972152949 2.5235937129777359  -1.1666333972152951 2.5949168978200716  -1.1666333972152949 2.6643436117109962  -1.1666333972152951 2.732740141341949  -1.1666333972152949 2.8007833878752941  -1.1666333972152947 2.8691753035031238  -1.1666333972152951 2.938620473406576  -1.1666333972152949 3.0098744482018458  -1.1666333972152947 3.0837536246577018  -1.1666333972152949 3.1354195177665121  -1.1666333972152949 3.1620130058381268 
 0 4 0.14279966607226355 1 0.2855993321445271 1 0.42839899821679062 1 0.57119866428905419 1 0.71399833036131777 1 0.85679799643358123 1 0.99959766250584481 1 1.1423973285781084 1 1.2851969946503718 1 1.4279966607226355 1 1.570796326794899 1 1.7135959928671625 1 1.8563956589394262 1 1.9991953250116896 1 2.1419949910839531 1 2.2847946571562168 1 2.4275943232284805 1 2.5703939893007437 1 2.7131936553730074 1 2.8559933214452711 1 2.9987929875175343 1 3.141592653589798 4
1 0 0 1 0 
1 0 6.3240260116762537 1 0 
7 0 0  3 25 23  -0.032342275211136001 6.3240260116762537  -0.032342275211176857 6.2178790691323949  -0.032342275211195134 6.0170296835121269  -0.032342275211130166 5.7373212857521123  -0.03234227521119315 5.465895324067934  -0.032342275211176129 5.1912725478841244  -0.032342275211181722 4.9042243163334662  -0.032342275211175983 4.5818204870754906  -0.032342275211194108 4.2947375401573771  -0.03234227521112807 4.0202536254433552  -0.032342275211204322 3.7483069332475134  -0.032342275211134149 3.4705425960643081  -0.032342275211169259 3.1620130058380793  -0.032342275211101439 2.8534834156119002  -0.032342275211170619 2.5757190784287447  -0.03234227521113428 2.3037723862328852  -0.032342275211213509 2.0292884715189006  -0.032342275211105616 1.7422055246007568  -0.032342275211123213 1.4198016953427892  -0.032342275211164818 1.1327534637921053  -0.032342275211154917 0.85813068760830014  -0.032342275211156998 0.58670472592412004  -0.032342275211162452 0.30699632816407529  -0.032342275211149955 0.10614694254382773  -0.032342275211136001 0 
 3.1415926535897931 4 3.4271919857343196 1 3.7127913178788465 1 3.998390650023373 1 4.2839899821678999 1 4.5695893143124264 1 4.8551886464569529 1 5.1407879786014794 1 5.4263873107460068 1 5.7119866428905333 1 5.9975859750350597 1 6.2831853071795862 1 6.5687846393241127 1 6.8543839714686392 1 7.1399833036131657 1 7.4255826357576931 1 7.7111819679022195 1 7.996781300046746 1 8.2823806321912734 1 8.5679799643357999 1 8.8535792964803264 1 9.1391786286248529 1 9.4247779607693793 4
7 0 0  3 25 23  9.0141505574389846 -0.14916240772443093  8.9189507800574681 -0.14916240772438447  8.7285512252944368 -0.14916240772429842  8.4429518931499334 -0.14916240772418249  8.15735256100551 -0.14916240772408942  7.8717532288611221 -0.14916240772396808  7.5861538967167279 -0.14916240772393408  7.3005545645724128 -0.14916240772388828  7.0149552324280551 -0.14916240772387951  6.729355900283668 -0.14916240772393763  6.4437565681393094 -0.14916240772400044  6.1581572359948558 -0.14916240772411413  5.8725579038503763 -0.14916240772422659  5.5869585717059085 -0.14916240772436479  5.3013592395612816 -0.14916240772446915  5.0157599074167036 -0.14916240772459116  4.7301605752720608 -0.14916240772468051  4.4445612431273638 -0.14916240772474951  4.1589619109826881 -0.14916240772478273  3.873362578837952 -0.1491624077247645  3.5877632466932869 -0.14916240772472206  3.3021639145486485 -0.14916240772463901  3.0165645824039409 -0.14916240772454531  2.8261650276408865 -0.1491624077244707  2.7309652502593984 -0.14916240772443093 
 3.1415926535897931 4 3.4271919857343196 1 3.7127913178788465 1 3.998390650023373 1 4.2839899821678999 1 4.5695893143124264 1 4.8551886464569529 1 5.1407879786014794 1 5.4263873107460068 1 5.7119866428905333 1 5.9975859750350597 1 6.2831853071795862 1 6.5687846393241127 1 6.8543839714686392 1 7.1399833036131657 1 7.4255826357576931 1 7.7111819679022195 1 7.996781300046746 1 8.2823806321912734 1 8.5679799643357999 1 8.8535792964803264 1 9.1391786286248529 1 9.4247779607693793 4
7 0 0  3 25 23  1.9870839542970273 -3.1620130058381459  1.9870839542970862 -3.055866063294344  1.9870839542971059 -2.8550166776740795  1.9870839542969889 -2.5753082799139211  1.987083954297068 -2.3038823182298653  1.9870839542970244 -2.0292595420459936  1.9870839542971022 -1.7422113104953443  1.9870839542969858 -1.4198074812373616  1.987083954297018 -1.1327245343192427  1.9870839542969903 -0.858240619605251  1.9870839542970542 -0.58629392740937192  1.9870839542969805 -0.30852959022625726  1.9870839542970258 1.7763568394002505e-015  1.9870839542970717 0.30852959022621818  1.9870839542970229 0.58629392740939146  1.9870839542970105 0.85824061960518527  1.9870839542971159 1.1327245343192427  1.987083954297056 1.419807481237358  1.9870839542970289 1.7422113104953523  1.9870839542970378 2.0292595420459731  1.9870839542970373 2.3038823182298165  1.9870839542970382 2.5753082799139788  1.9870839542970462 2.8550166776740289  1.9870839542970304 3.0558660632942738  1.9870839542970136 3.1620130058381042 
 0 4 0.28559933214452665 1 0.5711986642890533 1 0.8567979964335799 1 1.1423973285781066 1 1.4279966607226333 1 1.7135959928671598 1 1.9991953250116865 1 2.2847946571562132 1 2.5703939893007397 1 2.8559933214452666 1 3.1415926535897931 1 3.4271919857343196 1 3.7127913178788465 1 3.998390650023373 1 4.2839899821678999 1 4.5695893143124264 1 4.8551886464569529 1 5.1407879786014794 1 5.4263873107460068 1 5.7119866428905333 1 5.9975859750350597 1 6.2831853071795862 4
7 0 0  3 25 23  -1.1666333972152949 0  -1.1666333972152949 0.026593488071609439  -1.1666333972152949 0.078259381180416199  -1.1666333972152949 0.15213855763629081  -1.1666333972152949 0.22339253243152912  -1.1666333972152947 0.29283770233503459  -1.1666333972152949 0.36122961796281583  -1.1666333972152949 0.42927286449619162  -1.1666333972152947 0.49766939412711775  -1.1666333972152951 0.56709610801807298  -1.1666333972152947 0.63841929286037358  -1.1666333972152947 0.71204008514052175  -1.1666333972152949 0.79050325145953204  -1.1666333972152951 0.868966417778541  -1.1666333972152947 0.94258721005868695  -1.1666333972152951 1.0139103949010013  -1.1666333972152949 1.0833371087919503  -1.1666333972152949 1.1517336384228671  -1.1666333972152949 1.219776884956264  -1.1666333972152951 1.2881688005840304  -1.1666333972152949 1.3576139704875423  -1.1666333972152949 1.4288679452827924  -1.1666333972152947 1.5027471217386634  -1.1666333972152949 1.5544130148474606  -1.1666333972152949 1.581006502919063 
 3.141592653589798 4 3.2843923196620612 1 3.427191985734324 1 3.5699916518065873 1 3.7127913178788505 1 3.8555909839511138 1 3.9983906500233766 1 4.1411903160956394 1 4.2839899821679026 1 4.4267896482401659 1 4.5695893143124291 1 4.7123889803846923 1 4.8551886464569556 1 4.9979883125292179 1 5.1407879786014812 1 5.2835876446737444 1 5.4263873107460077 1 5.5691869768182709 1 5.7119866428905333 1 5.8547863089627974 1 5.9975859750350597 1 6.140385641107323 1 6.2831853071795862 4
1 0 0 1 0 
1 0 3.1620130058381268 1 0 
1 1.1666333972153311 0 0 1 
1 9.0141505574389846 0 0 1 
1 2.7309652502593984 0 0 1 
7 0 0  3 5 3  2.730965250259398 -0.19519859471348208  2.7726412739880115 -0.19519859471348244  2.909517075098135 -0.19519859471348605  3.0463928762082659 -0.19519859471348816  3.1415926535897931 -0.19519859471348905 
 2.7309652502594215 4 2.8559933214452666 1 3.1415926535897931 4
7 0 0  3 25 23  3.1415926535897931 -0.19519859471348905  3.2367924309712919 -0.19519859471349382  3.4271919857343125 -0.19519859471349282  3.7127913178788745 -0.19519859471347534  3.9983906500233299 -0.19519859471352263  4.283989982167892 -0.19519859471348813  4.5695893143124167 -0.19519859471349779  4.8551886464569449 -0.19519859471346152  5.1407879786014785 -0.19519859471348544  5.4263873107460192 -0.19519859471347367  5.7119866428905155 -0.19519859471346201  5.9975859750350544 -0.19519859471347503  6.2831853071796324 -0.19519859471345824  6.5687846393241038 -0.19519859471350559  6.8543839714686623 -0.19519859471345552  7.1399833036131497 -0.19519859471346931  7.4255826357576975 -0.1951985947135092  7.7111819679022062 -0.19519859471349149  7.9967813000467451 -0.19519859471346634  8.2823806321912414 -0.19519859471347406  8.5679799643358514 -0.19519859471352585  8.8535792964803051 -0.19519859471347648  9.1391786286248244 -0.19519859471348525  9.3295781833878522 -0.19519859471348816  9.4247779607693793 -0.19519859471348905 
 3.1415926535897931 4 3.4271919857343196 1 3.7127913178788465 1 3.998390650023373 1 4.2839899821678999 1 4.5695893143124264 1 4.8551886464569529 1 5.1407879786014794 1 5.4263873107460068 1 5.7119866428905333 1 5.9975859750350597 1 6.2831853071795862 1 6.5687846393241127 1 6.8543839714686392 1 7.1399833036131657 1 7.4255826357576931 1 7.7111819679022195 1 7.996781300046746 1 8.2823806321912734 1 8.5679799643357999 1 8.8535792964803264 1 9.1391786286248529 1 9.4247779607693793 4
Curves 6
2 169.74857599060414 -18.475824330915103 176.49999999999918 -1 0 0 0 1 0 0 0 -1 1.0065
7 0 0  1 2 2  167.7160234906041 -19.482324330915091 176.49999999999918  169.74857599060411 -19.482324330915105 176.49999999999918 
 -0.032342275211136001 2 1.987083954297026 2
2 167.71602349060413 -18.475824330915096 176.49999999999918 1 0 0 -0 1 0 0 -0 1 1.0065
7 0 0  1 2 2  169.74857599060414 -19.482324330915091 176.4999999999992  170.35334220365536 -18.475824330915103 176.4999999999992 
 -1.1666333972152949 2 1.1666333972153313 2
7 0 0  1 2 2  167.74857599072797 -19.449771831039104 176.49999999999923  167.71602349069886 -19.482324331009824 176.49999999999918 
 -0.19519859471348208 2 -0.14916240772443093 2
2 167.74857599060414 -18.475824330915227 176.49999999999977 -1 2.4886200000000002e-015 -1.083489e-015 2.7142545786128723e-015 0.91687055350795443 -0.39918465415145576 2.451353840672287e-022 -0.39918465415145576 -0.91687055350795443 0.97394749999999797
Polygon3D 0
PolygonOnTriangulations 0
Surfaces 4
10 -0.032342275211136001 1.9870839542970979 0 6.3240260116762537
9 1 0 0 1 1 2 2 8 2 5 167.71602349060413 -19.482324330915091 176.49999999999918  1 167.71602349060413 -19.482324330915091 177.50649999999916  0.70710678118654802 167.71602349060413 -18.475824330915096 177.50649999999916  1 167.71602349060413 -17.469324330915097 177.50649999999916  0.70710678118654802 167.71602349060413 -17.469324330915097 176.49999999999918  1 167.71602349060413 -17.469324330915097 175.49349999999919  0.70710678118654802 167.71602349060413 -18.475824330915096 175.49349999999919  1 167.71602349060413 -19.482324330915091 175.49349999999919  0.70710678118654802 
169.74857599060417 -19.482324330915105 176.49999999999918  1 169.74857599060417 -19.482324330915105 177.50649999999916  0.70710678118654802 169.74857599060417 -18.475824330915103 177.50649999999916  1 169.74857599060417 -17.469324330915104 177.50649999999916  0.70710678118654802 169.74857599060417 -17.469324330915104 176.49999999999918  1 169.74857599060417 -17.469324330915104 175.49349999999919  0.70710678118654802 169.74857599060417 -18.475824330915103 175.49349999999919  1 169.74857599060417 -19.482324330915105 175.49349999999919  0.70710678118654802 

-0.032342275211136001 2
1.9870839542970979 2

0 2
1.581006502919063 2
3.1620130058381268 2
4.7430195087571896 2
6.3240260116762537 2

10 -1.1666333972152949 1.1666333972153313 0 3.1620130058381268
9 1 0 0 1 1 2 2 8 2 5 169.74857599060414 -19.482324330915088 176.49999999999918  1 169.74857599060414 -19.482324330915088 177.50649999999916  0.70710678118654802 169.74857599060414 -18.475824330915103 177.50649999999916  1 169.74857599060414 -17.469324330915121 177.50649999999916  0.70710678118654802 169.74857599060414 -17.469324330915121 176.49999999999918  1 169.74857599060414 -17.469324330915121 175.49349999999919  0.70710678118654802 169.74857599060414 -18.475824330915103 175.49349999999919  1 169.74857599060414 -19.482324330915088 175.49349999999919  0.70710678118654802 
170.35334220365536 -18.475824330915103 176.49999999999918  1 170.35334220365536 -18.475824330915103 176.49999999999918  0.70710678118654802 170.35334220365536 -18.475824330915103 176.49999999999918  1 170.35334220365536 -18.475824330915103 176.49999999999918  0.70710678118654802 170.35334220365536 -18.475824330915103 176.49999999999918  1 170.35334220365536 -18.475824330915103 176.49999999999918  0.70710678118654802 170.35334220365536 -18.475824330915103 176.49999999999918  1 170.35334220365536 -18.475824330915103 176.49999999999918  0.70710678118654802 

-1.1666333972152949 2
1.1666333972153311 2

0 2
0.79050325145953204 2
1.581006502919063 2
2.3715097543785948 2
3.1620130058381268 2

10 2.7309652502593984 9.0141505574389846 -0.19519859471352585 -0.14916240772387951
3 167.61054974060414 -18.475824330915227 176.49999999999977 -1 2.3419819999999999e-015 -1.4202949999999999e-015 2.7142543010137079e-015 0.91687055350795432 -0.3991846541514561 3.6734338809564437e-016 -0.3991846541514561 -0.91687055350795432 1.111973749999998
0.78539816249999783
1 167.74857599060414 -19.048868426857695 176.74949040884445 1 0 0 -0 0.39918465415145576 0.91687055350795443 0 -0.91687055350795443 0.39918465415145576 
Triangulations 0

TShapes 25
Ve
0.00160285734871513
169.748575990604 -19.4823243309151 176.499999999999
0 0

0101101
*
Ve
0.00160285734871513
169.748575990604 -17.4693243309151 176.499999999999
0 0

0101101
*
Ed
 0.00160285734868649 1 1 0
1  1 0 0 3.1415926535898
2  1 1 0 0 3.1415926535898
2  2 2 0 0 3.1415926535898
0

0101000
-25 0 +24 0 *
Ve
1e-005
167.716023490604 -19.4823243309151 176.499999999999
0 0

0101101
*
Ed
 1e-005 1 1 0
1  2 0 -0.032342275211136 1.98708395429703
3  3 4G1 1 0 -0.032342275211136 1.98708395429703
0

0101000
-25 0 +22 0 *
Ed
 1e-007 1 1 0
1  3 0 3.14159265358979 9.42477796076938
2  5 1 0 3.14159265358979 9.42477796076938
2  6 3 0 3.14159265358979 9.42477796076938
0

0101100
+22 0 -22 0 *
Ed
 0.00160285734871513 1 1 0
1  1 0 3.1415926535898 6.28318530717959
2  7 1 0 3.1415926535898 6.28318530717959
2  8 2 0 3.1415926535898 6.28318530717959
0

0101000
-24 0 +25 0 *
Wi

0101100
+23 0 -21 0 +20 0 +21 0 +19 0 *
Fa
0  1e-007 1 0

0111000
+18 0 *
Ve
1e-005
170.353342203655 -18.4758243309151 176.499999999999
0 0

0101101
*
Ed
 1e-005 1 1 0
1  4 0 -1.16663339721529 1.16663339721533
3  9 10G1 2 0 -1.16663339721529 1.16663339721533
0

0101000
+25 0 -16 0 *
Ed
 1e-007 1 1 1
2  11 2 0 0 3.16201300583813
0

0101100
+16 0 -16 0 *
Wi

0101100
-19 0 +15 0 +14 0 -15 0 -23 0 *
Fa
0  1e-007 2 0

0111000
+13 0 *
Ve
1e-005
167.748575990728 -19.4497718310391 176.499999999999
0 0

0101101
*
Ed
 1e-005 1 1 0
1  5 0 -0.195198594713482 -0.149162407724431
3  12 13G1 3 0 -0.195198594713482 -0.149162407724431
0

0101000
-22 0 +11 0 *
Ve
1.00005e-007
167.748575990604 -19.3688081143279 176.888784895949
0 0

0101101
*
Ed
 1.00005e-007 1 1 0
1  6 0 2.73096525025942 3.14159265358979
2  14 3 0 2.73096525025942 3.14159265358979
0

0101000
+11 0 -9 0 *
Ed
 1.00005e-007 1 1 0
1  6 0 3.14159265358979 9.01415055743901
2  15 3 0 3.14159265358979 9.01415055743901
0

0101000
+9 0 -11 0 *
Wi

0101100
+20 0 -10 0 +8 0 +7 0 +10 0 *
Fa
0  1e-007 3 0

0111000
+6 0 *
Wi

0101100
-7 0 -8 0 *
Fa
0  1e-007 4 0

0111000
+4 0 *
Sh

0101100
-17 0 -12 0 +5 0 +3 0 *
So

1100000
-2 0 *

+1 0 
0

