DBRep_DrawableShape

CASCADE Topology V1, (c) Matra-Datavision
Locations 0
Curve2ds 22
7 0 0  1 2 2  6.283185307179588 29.99999999999995  6.283185307179588 17.499532469999956 
 0 2 12.500467535000013 2
7 0 0  1 2 2  4.8162186491795875 29.999999999999957  6.283185307179588 29.99999999999995 
 0 2 1 2
7 0 0  1 2 2  4.712388980179588 29.999999999999964  4.8162186491795875 29.999999999999957 
 0 2 1 2
7 0 0  1 2 2  3.1415926541795884 29.999999999999972  4.712388980179588 29.999999999999964 
 0 2 1 2
7 0 0  1 2 2  3.1415926531795884 -2.092721098531926e-14  3.1415926531795884 29.999999999999972 
 0 2 30 2
7 0 0  1 2 2  4.712388980179588 -3.1390816480711417e-14  3.1415926541795884 -2.09272109919806e-14 
 0 2 1 2
7 0 0  1 2 2  4.8162186491795884 -3.2082461015689471e-14  4.712388980179588 -3.1390816480711417e-14 
 0 2 1 2
7 0 0  1 2 2  6.283185307179588 -4.1854421976103578e-14  4.8162186491795884 -3.2082461015689471e-14 
 0 2 1 2
7 0 0  1 2 2  6.283185307179588 12.499642529999953  6.283185307179588 -4.1854421976103578e-14 
 0 2 12.499642542000004 2
7 0 0  2 3 2  5.9388370091795881 14.414197829999955  5.9979746391795876 14.085169229999956  6.283185307179588 12.499642469999953 
 0.75 3 1 3
7 0 0  2 3 2  5.5429247691795878 16.622678219999955  5.7810374381795873 15.292159499999956  5.9388370091795881 14.414197829999955 
 0.5 3 0.75 3
7 0 0  2 3 2  5.1835151561795874 18.629871419999962  5.2562334061795877 18.224643479999958  5.5429247691795878 16.622678219999955 
 0.25 3 0.5 3
7 0 0  2 3 2  4.8162186491795875 20.672439209999965  5.0890883591795877 19.15607183999996  5.1835151561795874 18.629871419999962 
 0 3 0.25 3
7 0 0  1 2 2  4.712388980179588 21.249999989999964  4.8162186491795875 20.672439209999965 
 0 2 0.035446369526469401 2
7 0 0  1 2 2  4.712388980179588 26.249999999999961  4.712388980179588 21.249999989999964 
 0 2 5 2
7 0 0  1 2 2  4.8162186491795875 25.672439219999962  4.712388980179588 26.249999999999961 
 0.95004561705964496 2 0.98549198668718196 2
7 0 0  2 3 2  5.1960786111795878 23.559842999999958  5.1018735111795879 24.085022699999957  4.8162186491795875 25.672439219999962 
 0.357916129833036 3 0.482916129833036 3
7 0 0  2 3 2  5.5755963151795873 21.440116169999957  5.2819961321795876 23.080865339999956  5.1960786111795878 23.559842999999958 
 0.232916129833036 3 0.357916129833036 3
7 0 0  2 3 2  5.9220080871795879 19.507820489999958  5.7765688961795876 20.317005149999957  5.5755963151795873 21.440116169999957 
 0.116458190685086 3 0.232916129833036 3
7 0 0  2 3 2  6.1029200741795879 18.502210409999954  5.9912438311795873 19.122611369999959  5.9220080871795879 19.507820489999958 
 0.058229221111111701 3 0.116458190685086 3
7 0 0  2 3 2  6.283185307179588 17.499536669999955  6.1546248461795878 18.214972139999954  6.1029200741795879 18.502210409999954 
 2.5153713711922902e-07 3 0.058229221111111701 3
7 0 0  2 3 2  6.283186069179588 17.499532409999954  6.2831856881795876 17.499534539999956  6.283185307179588 17.499536669999955 
 0 3 2.5153713711922902e-07 3
Curves 22
1 44.800004800000004 -128.514382407 -10 0 -1 0 
7 0 0  3 6 3  54.746150206999999 -128.514382407 -18.963567882  54.492748314000004 -128.514382407 -16.531790602000001  53.310837053 -128.514382407 -14.208326008  49.67839798 -128.514382407 -10.934734795000001  47.244949232000003 -128.514382407 -10.000000001  44.800004803 -128.514382407 -10 
 0 4 0.5 2 1 4
7 0 0  3 4 2  54.800004800000004 -128.514382407 -20  54.799985773000003 -128.514382407 -19.653590826999999  54.782034242000002 -128.514382407 -19.308113455000001  54.746150206999999 -128.514382407 -18.963567882 
 0 4 1 4
7 0 0  3 6 3  44.800004803 -128.514382407 -30  47.417998681 -128.514382407 -29.999999999  50.019871389999999 -128.514382407 -28.922269034999999  53.722273837000003 -128.514382407 -25.219866586999999  54.800004800000004 -128.514382407 -22.617993877  54.800004800000004 -128.514382407 -20 
 0 4 0.5 2 1 4
1 44.800004800000004 -158.514382407 -30 0 1 0 
7 0 0  3 6 3  54.800004800000004 -158.514382407 -20  54.800004800000004 -158.514382407 -22.617993877  53.722273837000003 -158.514382407 -25.219866586999999  50.019871389999999 -158.514382407 -28.922269034999999  47.417998681 -158.514382407 -29.999999999  44.800004803 -158.514382407 -30 
 0 4 0.5 2 1 4
7 0 0  3 4 2  54.746150206999999 -158.514382407 -18.963567882  54.782021008999997 -158.514382407 -19.307802877  54.800004800000004 -158.514382407 -19.653901103999999  54.800004800000004 -158.514382407 -20 
 0 4 1 4
7 0 0  3 6 3  44.800004803 -158.514382407 -10  47.244949232000003 -158.514382407 -10.000000001  49.67839798 -158.514382407 -10.934734795000001  53.310837053 -158.514382407 -14.208326008  54.492748314000004 -158.514382407 -16.531790602000001  54.746150206999999 -158.514382407 -18.963567882 
 0 4 0.5 2 1 4
1 44.800004800000004 -146.014739865 -10 0 -1 0 
7 0 0  6 7 2  48.175837847179096 -144.10018457700008 -10.587043438027905  47.990284533056432 -144.20986077700002 -10.520497182799291  47.661288442957513 -144.4033035210002 -10.407421018199807  47.184468378305944 -144.68051280899996 -10.260716278170017  46.550699603412141 -145.04148864100003 -10.108506135735718  45.750707026666717 -145.48623101700002 -10.000000000000007  44.800004800000025 -146.01473993700009 -10 
 0.75 7 1 7
7 0 0  5 6 2  51.544807678619755 -141.89170418700004 -12.617071439559869  50.841620148794689 -142.42391167500003 -11.974662233437058  50.121212192359977 -142.91086345800014 -11.47019061325364  49.422888523842673 -143.35255953600003 -11.087245415777362  48.769982050107416 -143.74899990900005 -10.800125440672906  48.175837847179089 -144.10018457700005 -10.587043438027905 
 0.5 6 0.75 6
7 0 0  6 7 2  53.71058173355253 -139.88451098700003 -15.46109939398958  53.600561430554833 -140.01958696699992 -15.245112206956833  53.41953465605237 -140.23444543500025 -14.905189145257348  53.153596382733674 -140.52908639099971 -14.448806040346847  52.776633971961672 -140.90350983500045 -13.890918722178375  52.250348295927864 -141.35771576699975 -13.261630349705843  51.544807678619769 -141.89170418700004 -12.61707143955987 
 0.25 7 0.5 7
7 0 0  6 7 2  54.7461502075491 -137.84194319700006 -18.963567883607354  54.651879897204282 -138.34739898700025 -18.058900612615474  54.471172385995061 -138.78684364699944 -17.282840977252334  54.254031170868615 -139.16027717700075 -16.643839359376059  54.039735077302559 -139.46769957699959 -16.133429354278395  53.853446348928273 -139.70911084700015 -15.741565140408774  53.71058173355253 -139.88451098700006 -15.461099393989581 
 0 7 0.25 7
7 1 0  3 4 2  54.800004800000004 -137.264382407 -20  1.1715728752538099 54.800004800000004 -137.45597297500001 -19.656057415999999  1.1551164301641299 54.782275155000001 -137.648249488 -19.310241803  1.13984380237914 54.746150206999999 -137.841943184 -18.963567882  1.1257549918988501
 0 4 0.035446369526469401 4
1 54.800004800000004 -132.264382407 -20 0 -1 0 
7 1 0  3 4 2  54.746150206999999 -132.84194318499999 -18.963567878999999  1.12575499177834 54.782275155000001 -132.64824948899999 -19.310241801  1.1398438022920501 54.800004800000004 -132.45597297500001 -19.656057415999999  1.1551164301172001 54.800004800000004 -132.264382407 -20  1.1715728752538099
 0.95004561705964496 4 0.98549198668718196 4
7 0 0  6 7 2  53.652855744879126 -134.954539407 -15.349512912849587  53.798888945243696 -134.77947950699982 -15.627507482365363  53.993830240931786 -134.53360381900066 -16.02399687690114  54.221265650910127 -134.21691234299914 -16.546876441903116  54.453760517322429 -133.82940507900071 -17.207676335797956  54.647462916488983 -133.3710820269998 -18.016512952332199  54.746150207549086 -132.84194318700003 -18.963567883607354 
 0.357916129833036 7 0.482916129833036 7
7 0 0  6 7 2  51.300039417022859 -137.07426623700007 -12.40068753257872  52.043759260725835 -136.52734984700027 -13.036824650266805  52.607535157020912 -136.0578848909993 -13.670342644402162  53.018312151351076 -135.66587136900094 -14.243689887597963  53.313402369688902 -135.35130928099952 -14.724412673430486  53.519669637555623 -135.11419862700015 -15.095974577194077  53.652855744879133 -134.95453940700006 -15.349512912849585 
 0.232916129833036 7 0.357916129833036 7
7 0 0  5 6 2  48.3337622538033 -139.00656191700008 -10.645185290039702  48.877984927151893 -138.68288805300006 -10.850764020148246  49.459198377108322 -138.32782155299998 -11.115559456117671  50.067918410457089 -137.94136241700002 -11.453125777853941  50.689138040861657 -137.52351064500007 -11.878156039149756  51.300039417022852 -137.07426623700007 -12.400687532578722 
 0.116458190685086 6 0.232916129833036 6
7 0 0  5 6 2  46.592909949397004 -140.01217199700005 -10.162038263681564  47.032376591592886 -139.76401161300004 -10.242128228137576  47.425615119461817 -139.53937041299997 -10.339150783893325  47.772518743463365 -139.33824839699989 -10.443428930688258  48.074687231232879 -139.16064556500015 -10.547320359467852  48.3337622538033 -139.00656191700006 -10.645185290039702 
 0.058229221111111701 6 0.116458190685086 6
7 0 0  5 6 2  44.800004800000025 -141.01484573700003 -9.9999999999999982  45.314246643999915 -140.72867154899964 -9.9999999999999769  45.751615624331954 -140.48531708100057 -10.033066191738001  46.109387854765288 -140.28478233299964 -10.079365465181624  46.389442121988552 -140.12706730500014 -10.124957562894696  46.592909949397018 -140.01217199700005 -10.162038263681561 
 2.5153713711922902e-07 6 0.058229221111111701 6
7 0 0  1 2 2  44.799997180000034 -141.01484999700006 -10.000000000002176  44.800004800000025 -141.01484573700003 -9.9999999999992735 
 0 2 2.5153713711922902e-07 2
Polygon3D 0
PolygonOnTriangulations 0
Surfaces 1
2 44.800004800000004 -158.514382407 -20 -0 1 -0 3.5527136788005009e-15 0 1 -1 -0 3.5527136788005009e-15 10
Triangulations 0

TShapes 46
Ve
0.00734793412893915
44.800004803 -128.514382407 -10
0 0

0101101
*
Ve
1e-05
44.80000099 -141.0148499695 -10.0000000000015
0 0

0101101
*
Ed
 1e-07 1 1 0
1  1 0 0 12.500467535
2  1 1 0 0 12.500467535
0

0101000
+46 0 -45 0 *
Ve
0.00734719940899825
54.746150207 -128.514382407 -18.963567882
0 0

0101101
*
Ed
 0.00734719940899825 1 1 0
1  2 0 0 1
2  2 1 0 0 1
0

0101000
+43 0 -46 0 *
Ve
0.00964600669558822
54.8000048 -128.514382407 -20
0 0

0101101
*
Ed
 8.9392539261105e-05 1 1 0
1  3 0 0 1
2  3 1 0 0 1
0

0101000
+41 0 -43 0 *
Ve
0.00964697129625778
44.800004803 -128.514382407 -30
0 0

0101101
*
Ed
 0.00964600669558822 1 1 0
1  4 0 0 1
2  4 1 0 0 1
0

0101000
+39 0 -41 0 *
Ve
0.00964697129625511
44.800004803 -158.514382407 -30
0 0

0101101
*
Ed
 1e-07 1 1 0
1  5 0 0 30
2  5 1 0 0 30
0

0101000
+37 0 -39 0 *
Ve
0.00964600669558555
54.8000048 -158.514382407 -20
0 0

0101101
*
Ed
 0.00964600669558555 1 1 0
1  6 0 0 1
2  6 1 0 0 1
0

0101000
+35 0 -37 0 *
Ve
0.00734719940899896
54.746150207 -158.514382407 -18.963567882
0 0

0101101
*
Ed
 3.02599860598727e-06 1 1 0
1  7 0 0 1
2  7 1 0 0 1
0

0101000
+33 0 -35 0 *
Ve
0.00734793412893986
44.800004803 -158.514382407 -10
0 0

0101101
*
Ed
 0.00734719940899896 1 1 0
1  8 0 0 1
2  8 1 0 0 1
0

0101000
+31 0 -33 0 *
Ve
1e-05
44.8000048 -146.014739901 -10
0 0

0101101
*
Ed
 1e-07 1 1 0
1  9 0 0 12.499642542
2  9 1 0 0 12.499642542
0

0101000
+29 0 -31 0 *
Ve
1e-05
48.1758378471791 -144.100184577 -10.5870434380279
0 0

0101101
*
Ed
 1e-05 1 1 0
2  10 1 0 0.75 1
1  10 0 0.75 1
0

0101000
+27 0 -29 0 *
Ve
1e-05
51.5448076786198 -141.891704187 -12.6170714395599
0 0

0101101
*
Ed
 1e-05 1 1 0
2  11 1 0 0.5 0.75
1  11 0 0.5 0.75
0

0101000
+25 0 -27 0 *
Ve
1e-05
53.7105817335525 -139.884510987 -15.4610993939896
0 0

0101101
*
Ed
 1e-05 1 1 0
2  12 1 0 0.25 0.5
1  12 0 0.25 0.5
0

0101000
+23 0 -25 0 *
Ve
0.0058451025065445
54.746150207 -137.841943184 -18.963567882
0 0

0101101
*
Ed
 1e-05 1 1 0
2  13 1 0 0 0.25
1  13 0 0 0.25
0

0101000
+21 0 -23 0 *
Ve
0.00584451805473903
54.8000048 -137.264382407 -20
0 0

0101101
*
Ed
 0.00584451805473903 1 1 0
1  14 0 0 0.0354463695264694
2  14 1 0 0 0.0354463695264694
0

0101000
+19 0 -21 0 *
Ve
0.00584451221584301
54.8000048 -132.264382407 -20
0 0

0101101
*
Ed
 1e-07 1 1 0
1  15 0 0 5
2  15 1 0 0 5
0

0101000
+17 0 -19 0 *
Ve
0.00584509666706459
54.746150207 -132.841943185 -18.963567879
0 0

0101101
*
Ed
 0.00584451221584301 1 1 0
1  16 0 0.950045617059645 0.985491986687182
2  16 1 0 0.950045617059645 0.985491986687182
0

0101000
+15 0 -17 0 *
Ve
1e-05
53.6528557448791 -134.954539407 -15.3495129128496
0 0

0101101
*
Ed
 1e-05 1 1 0
2  17 1 0 0.357916129833036 0.482916129833036
1  17 0 0.357916129833036 0.482916129833036
0

0101000
+13 0 -15 0 *
Ve
1e-05
51.3000394170229 -137.074266237 -12.4006875325787
0 0

0101101
*
Ed
 1e-05 1 1 0
2  18 1 0 0.232916129833036 0.357916129833036
1  18 0 0.232916129833036 0.357916129833036
0

0101000
+11 0 -13 0 *
Ve
1e-05
48.3337622538033 -139.006561917 -10.6451852900397
0 0

0101101
*
Ed
 1e-05 1 1 0
2  19 1 0 0.116458190685086 0.232916129833036
1  19 0 0.116458190685086 0.232916129833036
0

0101000
+9 0 -11 0 *
Ve
1e-05
46.592909949397 -140.012171997 -10.1620382636816
0 0

0101101
*
Ed
 1e-05 1 1 0
2  20 1 0 0.0582292211111117 0.116458190685086
1  20 0 0.0582292211111117 0.116458190685086
0

0101000
+7 0 -9 0 *
Ve
1e-05
44.8000048 -141.014845737 -10
0 0

0101101
*
Ed
 1e-05 1 1 0
2  21 1 0 2.51537137119229e-07 0.0582292211111117
1  21 0 2.51537137119229e-07 0.0582292211111117
0

0101000
+5 0 -7 0 *
Ed
 1e-05 1 1 0
2  22 1 0 0 2.51537137119229e-07
1  22 0 0 2.51537137119229e-07
0

0101100
+45 0 -5 0 *
Wi

0101100
-44 0 -42 0 -40 0 -38 0 -36 0 -34 0 -32 0 -30 0 -28 0 -26 0 
-24 0 -22 0 -20 0 -18 0 -16 0 -14 0 -12 0 -10 0 -8 0 -6 0 
-4 0 -3 0 *
Fa
0  1e-07 1 0

1111000
+2 0 *

+1 0 