DBRep_DrawableShape

CASCADE Topology V1, (c) Matra-Datavision
Locations 0
Curve2ds 0
Curves 4
1 -217.83720397949199 -20 0 0 1 0 
1 -217.83720397949199 20 0 1 0 0 
1 19.471483230590799 20 0 0 -1 0 
1 19.471483230590799 -20 0 -1 0 0 
Polygon3D 0
PolygonOnTriangulations 0
Surfaces 1
1 -217.83720397949199 20 0 0 0 -1 0 1 0 1 -0 0 
Triangulations 0

TShapes 10
Ve
1e-07
-217.837203979492 -20 0
0 0

0101101
*
Ve
1e-07
-217.837203979492 20 0
0 0

0101101
*
Ed
 1e-07 1 1 0
1  1 0 0 40
0

0101000
+10 0 -9 0 *
Ve
1e-07
19.4714832305908 20 0
0 0

0101101
*
Ed
 1e-07 1 1 0
1  2 0 0 237.308687210083
0

0101000
+9 0 -7 0 *
Ve
1e-07
19.4714832305908 -20 0
0 0

0101101
*
Ed
 1e-07 1 1 0
1  3 0 0 40
0

0101000
+7 0 -5 0 *
Ed
 1e-07 1 1 0
1  4 0 0 237.308687210083
0

0101000
+5 0 -10 0 *
Wi

0101100
+8 0 +6 0 +4 0 +3 0 *
Fa
0  1e-07 1 0

1111000
+2 0 *

+1 0 
0

