DBRep_DrawableShape

CASCADE Topology V1, (c) Matra-Datavision
Locations 11
1
              1               0               0               0 
              0               1               0               0 
              0               0               1               0 
1
0.999999999999954 -3.01991598195671e-07               0 -7.85177698503503e-06 
3.01991598195671e-07 0.999999999999954               0 -3.019916100655e-05 
              0               0               1               0 
2  2 -1 0
1
0.999999999999954 -3.01991598195671e-07               0 -7.85177698503503e-06 
3.01991598195671e-07 0.999999999999954               0 -3.019916100655e-05 
              0               0               1               0 
2  4 -1 0
1
0.999999999999954 3.01991598195671e-07               0 7.85178610840376e-06 
-3.01991598195671e-07 0.999999999999954               0 3.01991586333372e-05 
              0               0               1               0 
2  6 -1 0
1
0.999999999999954 -3.01991598195671e-07               0 -7.85177698503503e-06 
3.01991598195671e-07 0.999999999999954               0 -3.019916100655e-05 
              0               0               1               0 
2  8 -1 0
1
0.999999999999954 -3.01991598195671e-07               0 -7.85177698503503e-06 
3.01991598195671e-07 0.999999999999954               0 -3.019916100655e-05 
              0               0               1               0 
2  10 -1 0
Curve2ds 23
2 0 0 -1 0 0 1 13.0277145805644
1 0 58.3610633330422 1 0 
1 0 0 1 0 
2 0 0 1 0 -0 1 11.5
1 0 0 0 1 
1 6.28318500518799 0 0 1 
1 -20 111.5 0.999657324956487 0.0261769490361467 
1 -20 111.5 0.999657324956487 0.0261769490361467 
1 0 0 0 1 
1 6.28318500518799 0 0 1 
1 0 0 0 1 
1 6.28318500518799 0 0 1 
1 -20 111.5 0.999657324956487 0.0261769490361467 
1 0 0 0 1 
1 6.28318500518799 0 0 1 
1 -20 111.5 0.999657324956487 0.0261769490361467 
1 -20 111.5 0.999657324956487 0.0261769490361467 
1 0 0 0 1 
1 6.28318500518799 0 0 1 
1 6.28318530717959 0 0 1 
1 0 0 0 1 
1 6.28318530717959 0 0 1 
1 0 0 0 1 
Curves 3
2 100 -26 38.341064453125 0 0 1 1 0 -0 -0 1 0 13.0277145805644
2 100 -26 -20 0 0 1 1 0 -0 -0 1 0 11.5
1 111.5 -26 -20 0.0261769490361467 0 0.999657324956487 
Polygon3D 0
PolygonOnTriangulations 0
Surfaces 14
1 100 -26 38.341064453125 0 0 1 -1 -0 0 -0 1 0 
3 100 -26 -20 0 0 1 1 0 -0 -0 1 0 11.5
0.0261799395084381
1 100 -26 -20 0 0 1 1 0 -0 -0 1 0 
3 100 -26 -20 -0 -0 1 1 0 0 0 -1 -0 11.5
0.0261799395084381
1 4.56805240809928e-12 -26.0000301991598 0 -3.01991598195671e-07 0.999999999999954 0 0 0 1 0.999999999999954 3.01991598195671e-07 0 
1 4.56805240809928e-12 -26.0000301991598 0 -3.01991598195671e-07 0.999999999999954 0 0 0 1 0.999999999999954 3.01991598195671e-07 0 
3 100 -26 -20 -0 -0 1 1 0 0 0 -1 -0 11.5
0.0261799395084381
3 100 -26 -20 -0 -0 1 1 0 0 -0 1 0 11.5
0.0261799395084381
1 4.55531631906041e-12 -25.9999698008402 0 3.01991598195671e-07 0.999999999999954 0 0 0 1 0.999999999999954 -3.01991598195671e-07 0 
3 100 -26 -20 -0 -0 1 1 0 0 0 -1 -0 11.5
0.0261799395084381
1 4.56805240809928e-12 -26.0000301991598 0 -3.01991598195671e-07 0.999999999999954 0 0 0 1 0.999999999999954 3.01991598195671e-07 0 
1 4.56805240809928e-12 -26.0000301991598 0 -3.01991598195671e-07 0.999999999999954 0 0 0 1 0.999999999999954 3.01991598195671e-07 0 
3 100 -26 -20 -0 -0 1 1 0 0 0 -1 -0 11.5
0.0261799395084381
3 100 -26 -20 0 0 1 1 0 -0 -0 1 0 11.5
0.0261799395084381
Triangulations 0

TShapes 13
Ve
1e-07
113.027714580564 -26 38.341064453125
0 0

0101101
*
Ed
 1e-07 1 1 0
1  1 0 0 6.28318530717959
2  1 1 0 0 6.28318530717959
2  2 2 0 0 6.28318530717959
0

0101100
+13 0 -13 0 *
Wi

0101000
-12 0 *
Fa
0  1e-07 1 0

0101000
+11 0 *
Ve
1e-07
111.5 -26 -20
0 0

0101101
*
Ed
 1e-07 1 1 0
1  2 0 0 6.28318530717959
2  3 2 0 0 6.28318530717959
2  4 3 0 0 6.28318530717959
0

0101100
+9 0 -9 0 *
Ed
 1e-07 1 1 0
1  3 0 0 58.3610633330422
2  5 4 0 0 58.3610633330422
2  6 4 3 0 58.3610633330422
2  7 5 3 0 58.3610633330422
2  8 6 5 0 58.3610633330422
2  9 7 0 0 58.3610633330422
2  10 7 5 0 58.3610633330422
2  11 8 0 0 58.3610633330422
2  12 8 7 0 58.3610633330422
2  13 9 7 0 58.3610633330422
2  14 10 0 0 58.3610633330422
2  15 10 9 0 58.3610633330422
2  16 11 9 0 58.3610633330422
2  17 12 11 0 58.3610633330422
2  18 13 0 0 58.3610633330422
2  19 13 11 0 58.3610633330422
3  20 21CN 14 0 0 58.3610633330422
3  22 23CN 2 0 0 58.3610633330422
0

0101000
+9 0 -13 0 *
Wi

0101000
+8 0 -12 0 -7 0 +7 0 *
Fa
0  1e-07 2 0

0101000
+6 0 *
Wi

0101000
+8 0 *
Fa
0  1e-07 3 0

0101000
+4 0 *
Sh

0101000
+10 0 -5 0 +3 0 *
So

0100000
-2 0 *

+1 1 
0

