DBRep_DrawableShape

CASCADE Topology V1, (c) Matra-Datavision
Locations 2
1
              1               0               0           -0.15 
              0               1               0           -0.15 
              0               0               1               0 
2  1 -1 0
Curve2ds 0
Curves 4
1 0 0 0 1 0 0 
1 0.3 0 0 0 1 0 
1 0.3 0.3 0 -1 -0 0 
1 0 0.3 0 0 -1 0 
Polygon3D 0
PolygonOnTriangulations 8
2 1 4 
p 0.003 1 0 0.3 
2 1 2 
p 0.0015 1 0 0.3 
2 1 4 
p 0.003 1 0 0.3 
2 2 3 
p 0.0015 1 0 0.3 
2 3 4 
p 0.003 1 0 0.3 
2 1 4 
p 0.0015 1 0 0.3 
2 1 4 
p 0.003 1 0 0.3 
2 4 1 
p 0.0015 1 0 0.3 
Surfaces 1
1 0 0 0 0 0 1 1 0 -0 -0 1 0 
Triangulations 5
6 4 1 0.00277670002213189
-0.15 -0.15 0 -0.15 -0.15 0.592160641734177 -0.0866025403784451 -0.15 0.647064452301842 0.15 -0.15 0 0.0866025403784446 -0.15 0.647064452301842 0.15 -0.15 0.592160641734177 0 0 0 -0.592160641734177 0.0633974596215549 -0.647064452301842 0.3 0 0.236602540378445 -0.647064452301842 0.3 -0.592160641734177 5 6 3 1 2 4 6 2 3 2 6 4 
4 2 1 0.001875
0 0 0 0.3 0 0 0.3 0.3 0 0 0.3 0 0 0 0.3 0 0.3 0.3 0 0.3 3 1 2 1 3 4 
5 3 1 0.00282648192520253
0.15 -0.15 0 0.15 -0.15 0.592160641734177 0.15 -6.66133814775094e-16 0.667160641734177 0.15 0.15 0 0.15 0.15 0.592160641734176 0 0 0 -0.592160641734177 0.149999999999999 -0.667160641734177 0.3 0 0.3 -0.592160641734176 3 5 2 1 2 5 5 4 1 
6 4 1 0.00168410318653899
0.15 0.15 0 0.15 0.15 0.592160641734176 0.0866025403784422 0.15 0.647064452301843 -0.15 0.15 0 -0.0866025403784434 0.15 0.647064452301843 -0.15 0.15 0.592160641734177 0 0 0 -0.592160641734176 0.0633974596215578 -0.647064452301843 0.3 0 0.236602540378443 -0.647064452301843 0.3 -0.592160641734177 3 5 2 1 2 4 5 6 2 2 6 4 
5 3 1 0.00282648192520253
-0.15 0.15 0 -0.15 0.15 0.592160641734177 -0.15 -7.7715611723761e-16 0.667160641734176 -0.15 -0.15 0 -0.15 -0.15 0.592160641734177 0 0 0 -0.592160641734177 0.15 -0.667160641734177 0.3 0 0.3 -0.592160641734177 3 5 2 4 1 2 2 5 4 

TShapes 10
Ve
1e-07
0 0 0
0 0

0101101
*
Ve
1e-07
0.3 0 0
0 0

0101101
*
Ed
 1e-07 1 1 0
1  1 0 0 0.3
6  1 1 2
6  2 2 0
0

0101000
+10 0 -9 0 *
Ve
1e-07
0.3 0.3 0
0 0

0101101
*
Ed
 1e-07 1 1 0
1  2 0 0 0.3
6  3 3 2
6  4 2 0
0

0101000
+9 0 -7 0 *
Ve
1e-07
0 0.3 0
0 0

0101101
*
Ed
 1e-07 1 1 0
1  3 0 0 0.3
6  5 2 0
6  6 4 2
0

0101000
+7 0 -5 0 *
Ed
 1e-07 1 1 0
1  4 0 0 0.3
6  7 5 2
6  8 2 0
0

0101000
+5 0 -10 0 *
Wi

0101100
+8 0 +6 0 +4 0 +3 0 *
Fa
0  1e-07 1 0

0111000
+2 0 *

+1 1 
0

