DBRep_DrawableShape

CASCADE Topology V1, (c) Matra-Datavision
Locations 9
1
              1               0               0               0 
              0               1               0               0 
              0               0               1             -10 
1
0.707106781186548 -0.707106781186547               0               0 
0.707106781186547 0.707106781186548               0               0 
              0               0               1               0 
2  1 1 2 1 0
1
              1               0               0             -20 
              0               1               0             -20 
              0               0               1               0 
1
              1               0               0               0 
              0               1               0               0 
              0               0               1             -10 
1
              1               0               0               0 
              0               1               0               0 
              0               0               1             -10 
1
              1               0               0               0 
              0               1               0               0 
              0               0               1             -10 
1
              1               0               0               0 
              0               1               0               0 
              0               0               1             -10 
2  4 1 5 1 6 1 7 1 8 1 0
Curve2ds 7
1 0.78539816339744828 3.1415926535897931 0 -1 
2 10 0 0 -1 1 0 10
1 0 1.5707963267948966 1 0 
1 2.3561944901923448 -6.2831853071795862 0 1 
2 10 0 0 -1 1 0 10
8 1.5707963267948966 4.7123889803846897
1 -1.5707963267948966 0 1 0 
8 1.5707963267948966 4.7123889803846897
2 20 20 0 -1 1 0 10
Curves 3
2 0 0 0 -0.70710678118654746 0.70710678118654757 0 -0.70710678118654757 -0.70710678118654746 0 0 0 1 10
2 0 0 0 0.70710678118654757 0.70710678118654746 0 -0.70710678118654746 0.70710678118654757 0 0 -0 1 10
2 0 0 0 0 0 1 0 -1 0 1 0 -0 10
Polygon3D 0
PolygonOnTriangulations 0
Surfaces 4
4 0 0 0 0 0 1 1 0 -0 -0 1 0 10
1 0 0 0 -0 1 0 0 0 1 1 0 -0 
1 0 0 0 1 0 -0 0 0 1 0 -1 0 
1 0 0 40 0 0 1 1 0 -0 -0 1 0 
Triangulations 0

TShapes 9
Ve
1e-07
6.12323399573677e-16 -1.49975978266186e-31 10
0 0

0101101
*
Ve
2.00001e-07
7.07106781186601 7.07106781186494 0
0 0

0101101
*
Ed
 1e-07 1 1 0
1  1 0 1.5707963267949 3.14159265358979
2  1 1 0 1.5707963267949 3.14159265358979
2  2 2 3 1.5707963267949 3.14159265358979
0

0101000
+9 0 -8 0 *
Ed
 1e-07 1 1 1
2  3 1 0 0.785398163397448 2.35619449019234
0

0101100
-9 0 +9 0 *
Ve
2.00001e-07
-7.07106781186495 7.071067811866 0
0 0

0101101
*
Ed
 1e-07 1 1 0
1  2 0 6.28318530717959 7.85398163397448
2  4 1 0 6.28318530717959 7.85398163397448
2  5 3 3 6.28318530717959 7.85398163397448
0

0101000
+5 0 -9 0 *
Ed
 1e-07 1 1 0
1  3 0 2.35619449019227 3.92699081698717
2  6 1 0 2.35619449019227 3.92699081698717
2  7 4 9 2.35619449019227 3.92699081698717
0

0101000
+8 0 -5 0 *
Wi

0101000
+7 0 -6 0 +4 0 +3 0 *
Fa
0  1e-07 1 0

0101000
+2 0 *

+1 0 
0

