DBRep_DrawableShape

CASCADE Topology V1, (c) Matra-Datavision
Locations 7
1
              1               0               0             -20 
              0               1               0             -20 
              0               0               1             -10 
1
              1               0               0               0 
              0               1               0               0 
              0               0               1              -5 
1
              1               0               0               0 
              0               1               0               0 
              0               0               1              -5 
1
              1               0               0               0 
              0               1               0               0 
              0               0               1              -5 
1
              1               0               0               0 
              0               1               0               0 
              0               0               1              -5 
1
              1               0               0               0 
              0               1               0               0 
              0               0               1              -5 
2  1 1 2 1 3 1 4 1 5 1 6 1 0
Curve2ds 7
1 6.2831853071795862 -6.2831853071795862 0 1 
1 0 -6.2831853071795862 0 1 
8 4.7123889803846897 7.8539816339744828
1 -1.5707963267948966 0.52359877559829893 1 0 
8 4.7123889803846897 7.8539816339744828
2 20 20 0 -1 1 0 8.6602540378443873
8 1.5707963267948966 4.7123889803846897
1 -1.5707963267948966 0.52359877559829893 1 0 
8 1.5707963267948966 4.7123889803846897
2 20 20 0 -1 1 0 8.6602540378443873
1 0 1.5707963267948966 1 0 
Curves 3
2 0 0 0 -2.4492935982947064e-16 -1 0 1 -2.4492935982947064e-16 0 0 0 1 10
2 0 0 5 0 0 1 0 -1 0 1 0 -0 8.6602540378443873
2 0 0 5 0 0 1 0 -1 0 1 0 -0 8.6602540378443873
Polygon3D 0
PolygonOnTriangulations 0
Surfaces 2
4 0 0 0 0 0 1 1 0 -0 -0 1 0 10
1 0 0 40 0 0 1 1 0 -0 -0 1 0 
Triangulations 0

TShapes 9
Ve
2.00001e-07
8.66025403784428 -2.12115047744979e-15 5.00000000000018
0 0

0101101
*
Ve
1e-07
6.12323399573677e-16 -1.49975978266186e-31 10
0 0

0101101
*
Ed
 1e-07 1 1 0
1  1 0 6.80678408277791 7.85398163397448
3  1 2CN 1 0 6.80678408277791 7.85398163397448
0

0101000
+9 0 -8 0 *
Ve
1e-07
-8.66025403784439 1.59086285808736e-15 5
0 0

0101101
*
Ed
 1e-07 1 1 0
1  2 0 4.71238898038469 7.85398163397448
2  3 1 0 4.71238898038469 7.85398163397448
2  4 2 7 4.71238898038469 7.85398163397448
0

0101000
+6 0 -9 0 *
Ed
 1e-07 1 1 0
1  3 0 1.5707963267949 4.71238898038469
2  5 1 0 1.5707963267949 4.71238898038469
2  6 2 7 1.5707963267949 4.71238898038469
0

0101000
+9 0 -6 0 *
Ed
 1e-07 1 1 1
2  7 1 0 0 6.28318530717959
0

0101100
-8 0 +8 0 *
Wi

0101000
+7 0 +5 0 +4 0 -7 0 -3 0 *
Fa
0  1e-07 1 0

0101000
+2 0 *

+1 0 
0

