DBRep_DrawableShape

CASCADE Topology V1, (c) Matra-Datavision
Locations 10
1
              1               0               0               0 
              0               1               0               0 
              0               0               1             -30 
1
              1               0               0               0 
              0               1               0               0 
              0               0               1             -30 
1
              1               0               0               0 
              0               1               0               0 
              0               0               1             100 
1
0.766044443118978 0.642787609686539               0               0 
-0.642787609686539 0.766044443118978               0               0 
              0               0               1               0 
2  2 1 3 1 4 1 1 -1 0
1
              1               0               0               0 
              0               1               0               0 
              0               0               1             -30 
1
0.766044443118978 0.642787609686539               0               0 
-0.642787609686539 0.766044443118978               0               0 
              0               0               1               0 
2  6 1 7 1 1 -1 0
2  6 1 7 1 0
2  1 1 7 -1 6 -1 0
Curve2ds 13
1 6.2831853071795862 -0 0 1 
1 0 -0 0 1 
1 0.69813170079773168 -100 0 1 
1 0.69813170079773168 0 0 1 
1 0 0 1 0 
2 0 0 1 0 -0 1 100
1 -5.5850536063818543 0 1 0 
1 6.2831853071795862 -0 0 1 
1 0 -0 0 1 
1 5.5850536063818543 0 0 1 
1 0 100 1 0 
2 0 0 1 0 -0 1 100
1 -5.5850536063818543 100 1 0 
Curves 4
1 100 -2.4492935982947064e-14 0 0 0 1 
2 0 0 0 0 0 1 1 0 -0 -0 1 0 100
1 100 -2.4492935982947064e-14 0 0 0 1 
2 0 0 100 0 0 1 1 0 -0 -0 1 0 100
Polygon3D 0
PolygonOnTriangulations 0
Surfaces 5
2 0 0 0 0 0 1 1 0 -0 -0 1 0 100
2 0 0 0 0 0 1 1 0 -0 -0 1 0 100
2 0 0 0 0 0 1 1 0 -0 -0 1 0 100
1 0 0 0 0 0 1 1 0 -0 -0 1 0 
1 0 0 100 0 0 1 1 0 -0 -0 1 0 
Triangulations 0

TShapes 10
Ve
1e-07
100 -2.44929359829471e-14 100
0 0

0101101
*
Ve
1e-07
100 -2.44929359829471e-14 0
0 0

0101101
*
Ed
 1e-07 1 1 0
1  1 0 0 100
3  1 2CN 1 0 0 100
2  3 2 5 0 100
2  4 3 8 0 100
0

0101000
-10 0 +9 0 *
Ve
1e-07
100 -2.44929359829471e-14 0
0 0

0101101
*
Ed
 1e-07 1 1 0
1  2 0 5.58505360638185 6.28318530717959
2  5 1 0 5.58505360638185 6.28318530717959
2  6 4 0 5.58505360638185 6.28318530717959
2  7 3 8 5.58505360638185 6.28318530717959
0

0101000
+7 8 -9 0 *
Ve
1e-07
100 -2.44929359829471e-14 100
0 0

0101101
*
Ed
 1e-07 1 1 0
1  3 0 0 100
3  8 9CN 3 0 0 100
2  10 1 10 0 100
0

0101000
-5 0 +7 0 *
Ed
 1e-07 1 1 0
1  4 0 5.58505360638185 6.28318530717959
2  11 1 0 5.58505360638185 6.28318530717959
2  12 5 0 5.58505360638185 6.28318530717959
2  13 3 8 5.58505360638185 6.28318530717959
0

0101000
+5 8 -10 0 *
Wi

0101000
+8 1 +6 1 -4 9 -3 1 *
Fa
0  1e-07 1 1

0101000
+2 0 *

+1 0 
0

