DBRep_DrawableShape

CASCADE Topology V1, (c) Matra-Datavision
Locations 1
1
              1               0               0               2 
              0               1               0               0 
              0               0               1               0 
Curve2ds 0
Curves 6
1 -1 -2.6702880859380001e-05 50.49984741211 1 0 0 
1 -1 5.4999794960020001 50.49984741211 1 0 0 
1 -1 -2.6702880859380001e-05 50.49984741211 0 1 0 
1 -1 -2.6702880859380001e-05 14.999794006349999 1 0 0 
1 -1 5.4999794960020001 50.49984741211 0 -0.15310293809444736 -0.98821024602401686 
1 -1 -2.6702880859380001e-05 14.999794006349999 0 0 1 
Polygon3D 0
PolygonOnTriangulations 0
Surfaces 4
1 -1 -2.6702880859380001e-05 50.49984741211 0 0 1 0 1 0 -1 0 0 
1 -1 5.4999794960020001 50.49984741211 0 0.98821024602401686 -0.15310293809444736 0 -0.15310293809444736 -0.98821024602401686 -1 0 -0 
1 -1 -2.6702880859380001e-05 14.999794006349999 0 -1 0 0 0 1 -1 0 0 
1 -1 1.8333086967467607 38.666496276856662 1 0 0 -0 0 1 0 -1 0 
Triangulations 0

TShapes 19
Ve
0.003
-1 -2.670288085938e-05 50.49984741211
0 0

0101100
*
Ed
 0.003 1 1 0
1  1 0 0 2
0

0101000
+19 0 -19 1 *
Ve
0.003
-1 5.499979496002 50.49984741211
0 0

0101100
*
Ed
 0.003 1 1 0
1  2 0 0 2
0

0101000
+17 0 -17 1 *
Ed
 0.003 1 1 0
1  3 0 0 5.50000619888286
0

0101000
+19 0 -17 0 *
Wi

0101000
+18 0 -16 0 -15 0 +15 1 *
Fa
0  0.003 1 0

0111000
+14 0 *
Ve
0.003
-1 -2.670288085938e-05 14.99979400635
0 0

0101100
*
Ed
 0.003 1 1 0
1  4 0 0 2
0

0101000
+12 0 -12 1 *
Ed
 0.003 1 1 0
1  5 0 0 35.9235836185585
0

0101000
+17 0 -12 0 *
Wi

0101000
+16 0 -11 0 -10 0 +10 1 *
Fa
0  0.003 2 0

0111000
+9 0 *
Ed
 0.003 1 1 0
1  6 0 0 35.50005340576
0

0101000
+12 0 -19 0 *
Wi

0101000
+11 0 -18 0 -7 0 +7 1 *
Fa
0  0.003 3 0

0111000
+6 0 *
Wi

0101100
+15 0 +10 0 +7 0 *
Fa
0  0.003 4 0

0111100
-4 0 *
Sh

0101000
-13 0 -8 0 -5 0 +3 0 -3 1 *
So

1100000
-2 0 *

+1 0 
0

