DBRep_DrawableShape

CASCADE Topology V1, (c) Matra-Datavision
Locations 5
1
              1               0              -0               0 
             -0               1               0               0 
              0               0               1             100 
1
              1               0              -0               0 
             -0               1               0               0 
              0               0               1            -400 
2  1 1 2 1 0
2  1 -1 0
2  2 -1 1 -1 0
Curve2ds 10
1 1 0 0 -1 
1 0 0 0 -1 
1 1 0 0 -1 
1 0 0 0 -1 
1 0 0 1 0 
1 0 -400 1 0 
1 1 0 0 -1 
1 0 0 0 -1 
1 0 0 1 0 
1 0 -400 1 0 
Curves 5
1 3082.1580609340099 -800.01393467917205 2275.85426075945 0 0 -1 
1 3095.1694291387798 -833.38830718873896 2275.85426075945 0 0 -1 
6 0 5 3082.1580609340122 -800.01393467917205 2175.85426075945  3083.63086141552 -807.24580581135001 2175.85426075945  3085.6481773795699 -814.25070571595097 2175.85426075946  3088.23694270444 -820.96818202687905 2175.85426075944  3091.4106657060502 -827.35563293477799 2175.85426075945  3095.1694291387812 -833.38830718873942 2175.85426075945  
1 3130.7388730499001 -867.20139541647495 2275.85426075945 0 0 -1 
6 0 5 3095.1694291387812 -833.38830718873942 2175.85426075945  3100.2215481539602 -841.49676861661806 2175.85426075945  3106.3302147714699 -848.964653390678 2175.85426075946  3113.49426367363 -855.73246195251295 2175.85426075945  3121.6617747263599 -861.80394581800203 2175.85426075945  3130.7388730499001 -867.20139541647541 2175.85426075945  
Polygon3D 0
PolygonOnTriangulations 0
Surfaces 4
6 -0 -0 1 
6 0 5 3082.1580609340122 -800.01393467917205 2275.85426075945  3083.63086141552 -807.24580581135001 2275.85426075945  3085.6481773795699 -814.25070571595097 2275.85426075946  3088.23694270444 -820.96818202687905 2275.85426075944  3091.4106657060502 -827.35563293477799 2275.85426075945  3095.1694291387812 -833.38830718873942 2275.85426075945  
6 -0 -0 1 
6 0 5 3080.4972931412549 -755.70450788843584 2275.85426075945  3079.5504489042701 -764.75817019575402 2275.85426075945  3079.1852792140598 -773.82701329360805 2275.85426075945  3079.4599323072898 -782.803288948464 2275.85426075946  3080.4371339222898 -791.56369139576702 2275.85426075945  3082.1580609340122 -800.01393467917205 2275.85426075945  
6 -0 -0 1 
6 0 5 3095.1694291387812 -833.38830718873942 2275.85426075945  3100.2215481539602 -841.49676861661806 2275.85426075945  3106.3302147714699 -848.964653390678 2275.85426075946  3113.49426367363 -855.73246195251295 2275.85426075945  3121.6617747263599 -861.80394581800203 2275.85426075945  3130.7388730499001 -867.20139541647541 2275.85426075945  
6 -0 -0 1 
6 0 5 3130.7388730499001 -867.20139541647541 2275.85426075945  3133.3100541152999 -868.73027829450405 2275.85426075945  3135.95434120241 -870.20504295454305 2275.85426075945  3138.6693588825901 -871.626272525741 2275.85426075945  3141.45273172631 -872.99455013682098 2275.85426075945  3144.3020843054182 -874.31045891715632 2275.85426075945  
Triangulations 0

TShapes 14
Ve
0.0001
3082.15806093401 -800.013934679172 2175.85426075945
0 0

0101100
*
Ed
 0.0001 1 1 0
1  1 0 0 400
2  1 2 0 0 400
2  2 1 0 0 400
4 G1 2 0 1 0
0

0101000
+14 1 -14 3 *
Ve
0.0001
3095.16942913878 -833.388307188739 2175.85426075945
0 0

0101100
*
Ed
 0.0001 1 1 0
1  2 0 0 400
2  3 1 0 0 400
2  4 3 0 0 400
4 G1 1 0 3 0
0

0101000
+12 1 -12 3 *
Ed
 1e-07 1 1 0
1  3 0 0 1
2  5 1 4 0 1
2  6 1 5 0 1
0

0101000
+14 0 -12 0 *
Wi

0101000
+13 0 -11 0 -10 1 +10 3 *
Fa
0  1e-07 1 0

0111000
+9 0 *
Ve
0.0001
3130.7388730499 -867.201395416475 2175.85426075945
0 0

0101100
*
Ed
 0.0001 1 1 0
1  4 0 0 400
2  7 3 0 0 400
2  8 4 0 0 400
4 G1 3 0 4 0
0

0101000
+7 1 -7 3 *
Ed
 1e-07 1 1 0
1  5 0 0 1
2  9 3 4 0 1
2  10 3 5 0 1
0

0101000
+12 0 -7 0 *
Wi

0101000
+11 0 -6 0 -5 1 +5 3 *
Fa
0  1e-07 3 0

0111000
+4 0 *
Sh

0101000
+8 0 +3 0 *
So

1100000
+2 0 *

+1 0 
0

