DBRep_DrawableShape

CASCADE Topology V1, (c) Matra-Datavision
Locations 0
Curve2ds 11
6 0 1 0 0  1 0  
6 0 1 1 0  1 1  
6 0 1 0 0  0 1  
6 0 1 0 0  1 0  
6 0 1 0 1  1 1  
6 0 1 1 0  1 1  
6 0 1 0 0  0 1  
6 0 1 0 0  1 0  
6 0 1 1 0  1 1  
6 0 1 0 1  1 1  
6 0 1 0 0  1 0  
Curves 7
6 0 5 3031.81404254261 -800.01373473452315 2170.1625352393958  3031.4183191114798 -806.68693283072901 2170.34379622509  3031.0337663291002 -813.36086300577404 2170.5222128078699  3030.6646422704998 -820.03565623324596 2170.6961491601401  3030.31439451797 -826.71145939959899 2170.8639669342801  3029.9849418070116 -833.38835377742407 2171.0248350178913  
6 0 13 3029.9849418070125 -833.38835377742475 2171.0248350178872  3037.3624175850432 -833.38834962760473 2171.4039645877533  3044.8205391597849 -833.38834340025619 2171.7729092090603  3052.359321219812 -833.38835097903802 2172.1316601355388  3059.9786941805328 -833.38829637576828 2172.4802590675818  3067.6788731866359 -833.38841374888261 2172.8185773548876  3075.4593888537888 -833.38819167450379 2173.1468959243739  3083.3210051905799 -833.38846270099714 2173.4647576384891  3091.2627736596787 -833.38819384533724 2173.772730051181  3099.2855974743607 -833.38836957382284 2174.0702726775721  3107.3888188099581 -833.3882736812759 2174.3577791093298  3115.5727945464114 -833.38829539637572 2174.6350357854944  3123.8373861664654 -833.38828420466871 2174.9021255828293  3132.182627646278 -833.38827747080404 2175.1590281710251  
6 0 10 3134.0121038684883 -800.01419434826175 2174.2966242370367  3133.8141976714151 -803.35072724344104 2174.3872664691753  3133.6187743827295 -806.68742481771505 2174.4772767174854  3133.4261893084549 -810.02429831952304 2174.5665184834302  3133.2367784068197 -813.36135936033702 2174.6548552238501  3133.0508554360149 -816.69861958753154 2174.7421535655049  3132.86870910171 -820.03609035725344 2174.8282865196952  3132.6906002043747 -823.37378240727298 2174.913136696925  3132.5167587862998 -826.71170552983153 2174.9965995216899  3132.347381278325 -830.04986824446246 2175.0785864473301  3132.182627646278 -833.38827747080404 2175.1590281710251  
6 0 13 3031.8140425426127 -800.01373473452418 2170.1625352393976  3039.1915580708073 -800.01375682047001 2170.5416525245178  3046.6497182693356 -800.01379083383358 2170.9105852433522  3054.1885348367314 -800.01375011375558 2171.2693264349464  3061.8079520790861 -800.01404962386175 2171.6179094577587  3069.5081418139148 -800.01341098405476 2171.9562316110428  3077.2887287153308 -800.01462651978727 2172.2845173953992  3085.1503232064642 -800.01315057296802 2172.6024017007744  3093.092167079004 -800.0146229661716 2172.9103379471294  3101.1149821579693 -800.01366852502247 2173.2078943696829  3109.2182427077837 -800.0141975026479 2173.4953853636816  3117.4022339738767 -800.01408464519977 2173.772640301022  3125.6668452921731 -800.01415162851345 2174.0397253518304  3134.0121038684883 -800.01419434826175 2174.2966242370367  
6 0 5 3029.9849418070116 -833.38835377742407 2171.0248350178913  3029.21792216522 -848.93325282851697 2171.3993621526301  3028.5636187894302 -864.48406662050604 2171.7362195784099  3028.0462313374701 -880.04184732558099 2172.0242373978099  3027.6448831944999 -895.60596487713497 2172.2696206371902  3027.24348850552 -911.16995267507502 2172.5144756207701  
6 0 5 3027.24348850552 -911.16995267507502 2172.5144756207701  3046.4249413575899 -911.169950793814 2173.5002014186598  3066.2354215744199 -911.16994965200502 2174.4064890073  3086.67501357329 -911.16994915129305 2175.2332871454  3107.7435307799601 -911.16994899413601 2175.9807050620402  3129.4411200688501 -911.16994899916745 2176.6486595604802  
6 0 10 3132.182627646278 -833.38827747080404 2175.1590281710251  3131.7990543210844 -841.16063861329394 2175.3463096230853  3131.4405439911748 -848.934335933905 2175.5252155500048  3131.1091140776348 -856.70945898514697 2175.6948145965798  3130.8057073062746 -864.48605624929655 2175.8545896835249  3130.5299932712846 -872.26411851532498 2176.0045113300803  3130.28016995302 -880.04356225321601 2176.1451109930649  3130.0527652019746 -887.82421298633653 2176.2775544203296  3129.8424382325147 -895.6057886637725 2176.4037149977003  3129.64178107727 -903.38788303049796 2176.5262471217147  3129.4411200688501 -911.16994899916847 2176.6486595604747  
Polygon3D 0
PolygonOnTriangulations 0
Surfaces 5
8 0 0 10 13 3031.8140425426127 -800.01373473452418 2170.1625352393976  3039.1915580708073 -800.01375682047001 2170.5416525245178  3046.6497182693356 -800.01379083383358 2170.9105852433522  3054.1885348367314 -800.01375011375558 2171.2693264349464  3061.8079520790861 -800.01404962386175 2171.6179094577587  3069.5081418139148 -800.01341098405476 2171.9562316110428  3077.2887287153308 -800.01462651978727 2172.2845173953992  3085.1503232064642 -800.01315057296802 2172.6024017007744  3093.092167079004 -800.0146229661716 2172.9103379471294  3101.1149821579693 -800.01366852502247 2173.2078943696829  3109.2182427077837 -800.0141975026479 2173.4953853636816  3117.4022339738767 -800.01408464519977 2173.772640301022  3125.6668452921731 -800.01415162851345 2174.0397253518304  3134.0121038684883 -800.01419434826175 2174.2966242370367  
3031.6161808270499 -803.35033378262699 2170.2531657322402  3038.9936912090502 -803.35035262346298 2170.6322845517502  3046.4518464531702 -803.35038165845503 2171.0012187416801  3053.9906585898798 -803.35034693139698 2171.35996114614  3061.6100704539599 -803.35060258332999 2171.70854600961  3069.31025852025 -803.35005762092601 2172.04686785182  3077.0908374017899 -803.35109507316702 2172.3751572010301  3084.9524339569198 -803.34983557877797 2172.6930391160699  3092.8942695864498 -803.35109227569296 2173.0009792199899  3100.9170855165498 -803.35027787473996 2173.2985341363901  3109.0203418557999 -803.35072946369201 2173.5860267292501  3117.2043315042401 -803.35063330353205 2173.8632817873599  3125.4689408030599 -803.35069062657101 2174.1303672702302  3133.8141976714151 -803.35072724344104 2174.3872664691753  
3031.4208014778701 -806.687095514916 2170.3431641355501  3038.79830686166 -806.68711120696696 2170.7222844687399  3046.2564572861302 -806.687135414154 2171.0912201125998  3053.79526510799 -806.68710648651404 2171.4499637190302  3061.4146717036401 -806.68731964942299 2171.7985504102198  3069.1148581518801 -806.68686542100704 2172.1368719563502  3076.89542911123 -806.68773036668597 2172.4651648509198  3084.7570277007899 -806.68668053142403 2172.7830444230199  3092.6988551524901 -806.68772828813599 2173.0909883705899  3100.7216718893001 -806.68704953003703 2173.3885418249702  3108.8249240187001 -806.68742615035399 2173.6760360298699  3117.00891201585 -806.68734615788696 2173.9532912377899  3125.2735192616101 -806.68739411778404 2174.2203771784302  3133.6187743827295 -806.68742481771505 2174.4772767174854  
3031.2282593400801 -810.02403084624098 2170.4323941283601  3038.60575992857 -810.02404350364702 2170.8115159324798  3046.0639057206599 -810.02406305958505 2171.1804529920801  3053.6027093928101 -810.02403971105502 2171.5391977700001  3061.22211087814 -810.024211965993 2171.88778625656  3068.92229579798 -810.02384508108003 2172.22610750699  3076.7028589791498 -810.024543951537 2172.5544039080501  3084.5644596000102 -810.02369594654397 2172.87228117632  3092.50627897905 -810.02454255333305 2173.1802289367702  3100.52909650007 -810.02399437085 2173.4777809664301  3108.6323444475802 -810.02429881398803 2173.765276786  3116.8163307801601 -810.02423438025801 2174.0425321657399  3125.0809359578702 -810.02427332092998 2174.3096185833301  3133.4261893084549 -810.02429831952304 2174.5665184834302  
3031.0388899521599 -813.36115106969203 2170.5207193330298  3038.4163859969399 -813.36116082347701 2170.8998425452201  3045.8745273905602 -813.36117592943401 2171.2687809632098  3053.4133271220599 -813.361157914052 2171.6275268642999  3061.0327236983599 -813.36129104456097 2171.9761170960501  3068.7329072144798 -813.36100768515701 2172.3144380377798  3076.5134628037899 -813.36154772857003 2172.64273788834  3084.37506547671 -813.36089273489802 2172.9606128842502  3092.3168769255299 -813.36154697079905 2173.2685644107501  3100.3396952286498 -813.36112365623796 2173.5661150464998  3108.44293904798 -813.36135906877098 2173.85361247316  3116.6269237220599 -813.36130950897098 2174.1308680398902  3124.8915268346 -813.361339819097 2174.3979549472001  3133.2367784068197 -813.36135936033702 2174.6548552238501  
3030.8530067025999 -816.69846753357206 2170.6080065259798  3038.2304984965699 -816.69847453044497 2170.9871310658  3045.6886357652902 -816.69848541077499 2171.3560707679899  3053.2274318026698 -816.69847245821404 2171.7148177281701  3060.8468237085199 -816.698568438542 2172.06340963908  3068.5470059756599 -816.69836438358902 2172.4017302473198  3076.3275541969901 -816.69875361794698 2172.7300334738802  3084.1891589634902 -816.69828188339295 2173.0479062221002  3092.1309626584102 -816.69875345935895 2173.3558614529502  3100.1537817599201 -816.69844870135603 2173.6534107195298  3108.2570215286 -816.69861856457806 2173.9409097361299  3116.4410045682598 -816.69858312242104 2174.2181654984402  3124.7056056352999 -816.698605232879 2174.48525290206  3133.0508554360149 -816.69861958753154 2174.7421535655049  
3030.6708979842001 -820.03599131822898 2170.6941288491798  3038.0483858531902 -820.03599571914197 2171.0732546215099  3045.5065193024798 -820.03600261932797 2171.4421955195799  3053.0453119225499 -820.035994436446 2171.8009434615101  3060.66469942717 -820.03605541739103 2172.1495369720401  3068.3648806246701 -820.03592607209498 2172.4878572120001  3076.1454217341302 -820.03617322876801 2172.8161637264802  3084.0070286530099 -820.03587413607795 2173.1340342458602  3091.9488248003499 -820.03617362675004 2173.4419931058801  3099.97164473265 -820.03598055441 2173.7395410226  3108.07488054962 -820.03608865983495 2174.0270416031099  3116.2588619953399 -820.03606651278699 2174.3042975635299  3124.5234610520001 -820.03608089358897 2174.5713854642299  3132.86870910171 -820.03609035725344 2174.8282865196952  
3030.4928243454601 -823.37373291269103 2170.77896902271  3037.8703086393598 -823.37373489118704 2171.15809592092  3045.3284385982001 -823.37373807558095 2171.5270379154299  3052.8672281004101 -823.37373434824099 2171.8857867512702  3060.4866114966699 -823.37376264065904 2172.2343817708402  3068.1867918227499 -823.37370307074104 2172.5727015996799  3075.9673261029302 -823.37381752862996 2172.9010113015502  3083.8289352466099 -823.37367967508999 2173.2188796062501  3091.7707240784398 -823.37381843917694 2173.5268420083198  3099.7935448875501 -823.37372967358601 2173.82438858975  3107.8967768706102 -823.37378009435895 2174.1118907002101  3116.08075677739 -823.373770359741 2174.3891468557099  3124.3453538727199 -823.37377751642998 2174.65623524889  3132.6906002043747 -823.37378240727298 2174.913136696925  
3030.3190156383198 -826.71170189103805 2170.86242255861  3037.6964967221402 -826.71170163141699 2171.2415504678702  3045.15462353472 -826.71170138071705 2171.6104934513301  3052.6934102335499 -826.71170177593297 2171.9692430854898  3060.3127898308398 -826.71169983192499 2172.3178395151599  3068.01296949684 -826.71170480279795 2172.65615888399  3075.7934972510702 -826.711696513108 2172.9844716624598  3083.6551087020398 -826.71170780154296 2173.3023377630002  3091.5968904717502 -826.71169789083797 2173.6103036098498  3099.6197122147701 -826.71170560394 2173.90784886656  3107.7229404978402 -826.71170266216404 2174.1953524660198  3115.9069189332999 -826.711704404128 2174.4726088086099  3124.1715141286099 -826.71170487367704 2174.7396976848399  3132.5167587862998 -826.71170552983153 2174.9965995216899  
3030.1496681624899 -830.04990658851204 2170.94440097608  3037.5271464079601 -830.049904283871 2171.3235297766  3044.9852704257701 -830.04990089237299 2171.6924736364299  3052.5240546434502 -830.04990506079696 2172.0512239683098  3060.1434307609902 -830.04987545262497 2172.3998217032899  3067.8436099860101 -830.04993947352796 2172.73814055909  3075.6241315326702 -830.04981887516601 2173.0664562953798  3083.4857453801001 -830.049966616348 2173.3843201996401  3091.4275203580301 -830.04982067338096 2173.6922893855699  3099.4503431007302 -830.04991665424802 2173.9898333248202  3107.5535678310798 -830.04986488423401 2174.2773383663698  3115.7375448735002 -830.04987712162699 2174.5545948837498  3124.0021382407399 -830.049871467814 2174.82168422928  3132.347381278325 -830.04986824446246 2175.0785864473301  
3029.9849418070125 -833.38835377742475 2171.0248350178872  3037.3624175850432 -833.38834962760473 2171.4039645877533  3044.8205391597849 -833.38834340025619 2171.7729092090603  3052.359321219812 -833.38835097903802 2172.1316601355388  3059.9786941805328 -833.38829637576828 2172.4802590675818  3067.6788731866359 -833.38841374888261 2172.8185773548876  3075.4593888537888 -833.38819167450379 2173.1468959243739  3083.3210051905799 -833.38846270099714 2173.4647576384891  3091.2627736596787 -833.38819384533724 2173.772730051181  3099.2855974743607 -833.38836957382284 2174.0702726775721  3107.3888188099581 -833.3882736812759 2174.3577791093298  3115.5727945464114 -833.38829539637572 2174.6350357854944  3123.8373861664654 -833.38828420466871 2174.9021255828293  3132.182627646278 -833.38827747080404 2175.1590281710251  

8 0 0 10 13 3029.9849418070125 -833.38835377742475 2171.0248350178872  3037.3624175850432 -833.38834962760473 2171.4039645877533  3044.8205391597849 -833.38834340025619 2171.7729092090603  3052.359321219812 -833.38835097903802 2172.1316601355388  3059.9786941805328 -833.38829637576828 2172.4802590675818  3067.6788731866359 -833.38841374888261 2172.8185773548876  3075.4593888537888 -833.38819167450379 2173.1468959243739  3083.3210051905799 -833.38846270099714 2173.4647576384891  3091.2627736596787 -833.38819384533724 2173.772730051181  3099.2855974743607 -833.38836957382284 2174.0702726775721  3107.3888188099581 -833.3882736812759 2174.3577791093298  3115.5727945464114 -833.38829539637572 2174.6350357854944  3123.8373861664654 -833.38828420466871 2174.9021255828293  3132.182627646278 -833.38827747080404 2175.1590281710251  
3029.6014319861201 -841.160803302972 2171.2120985852598  3036.9789020195499 -841.16079485727403 2171.5912299462898  3044.4370179064299 -841.16078202760298 2171.9601763404398  3051.97579494309 -841.160797546254 2172.3189286512402  3059.59516055422 -841.16068475032 2172.66753037024  3067.29533905065 -841.160926336084 2173.005847334  3075.0758410293502 -841.160468008988 2173.3341724996299  3082.9374631617802 -841.16102606379297 2173.6520291147299  3090.8792164772599 -841.16047104733798 2173.9600090398499  3098.9020427876899 -841.16083244128595 2174.2575486096898  3107.0052562197502 -841.16063382428604 2174.54505827808  3115.1892289156999 -841.16067760503302 2174.8223153239201  3123.4538164680198 -841.16065352020598 2175.0894061731301  3131.7990543210844 -841.16063861329394 2175.3463096230853  
3029.2429702243398 -848.93456721538405 2171.3909911061901  3036.6204365235899 -848.93455555701098 2171.7701235976801  3044.0785486290001 -848.934537777939 2172.1390711418298  3051.6173223957198 -848.93455926969 2172.4978242780098  3059.2366824076698 -848.93440274834597 2172.8464281971901  3066.9368615980302 -848.934737662629 2173.18474353685  3074.7173516665498 -848.93410179952195 2173.5130746231598  3082.5789800981502 -848.93487551061003 2173.8309261724698  3090.5207197937898 -848.93410544593303 2174.1389130011798  3098.5435489918 -848.93460632323399 2174.4364495393402  3106.6467553765001 -848.93433048831002 2174.7239621632302  3114.8307255039599 -848.934390818309 2175.00121949195  3123.0953094270299 -848.93435701379497 2175.2683112982199  3131.4405439911748 -848.934335933905 2175.5252155500048  
3028.9115729741002 -856.70973318476695 2171.5605818000699  3036.2890375392299 -856.70971948305998 2171.9397147350201  3043.7471477723302 -856.70969854365001 2172.3086627768998  3051.28592003833 -856.70972386906703 2172.6674161477199  3058.9052762485499 -856.70953932713701 2173.0160216364502  3066.6054573731999 -856.70993403851298 2173.3543350212199  3074.3859374326398 -856.70918438999104 2173.6826712788302  3082.2475727133001 -856.71009627138801 2174.0005177739399  3090.1893004830299 -856.70918836983697 2174.3085108133  3098.21213304209 -856.70977859499499 2174.6060443112101  3106.31533337054 -856.70945323978503 2174.8935595469202  3114.4993015124701 -856.70952413506097 2175.1708170250499  3122.76388235792 -856.70948406146397 2175.4379096462599  3131.1091140776348 -856.70945898514697 2175.6948145965798  
3028.60818359004 -864.48634883525904 2171.7203535643298  3035.9856481891602 -864.48633428807398 2172.0994863153601  3043.4437582538899 -864.48631203154798 2172.4684342535602  3050.9825306131002 -864.486338956537 2172.8271873097601  3058.6018846868001 -864.48614269271195 2173.17579376306  3066.3020688800698 -864.48656237404305 2173.5141048834998  3074.0825407984898 -864.48576513718206 2173.8424455520999  3081.9441834357499 -864.48673472288306 2174.16028700986  3089.8859010095198 -864.48576916382297 2174.4682855339202  3097.90873741939 -864.48639667567397 2174.7658159689299  3106.01193273936 -864.486050564832 2175.0533334399101  3114.1958995346299 -864.48612581437806 2175.3305909055598  3122.4604779190699 -864.48608305828895 2175.5976841685601  3130.8057073062746 -864.48605624929655 2175.8545896835249  
3028.33247356018 -872.26440527399495 2171.87027638871  3035.7099395665 -872.264391045906 2172.24940845627  3043.1680508094501 -872.26436927860595 2172.6183558038201  3050.7068245430601 -872.26439557225899 2172.9771080943801  3058.32617787457 -872.26420372172504 2173.3257149905999  3066.0263660568799 -872.264613853328 2173.6640235995001  3073.8068315372302 -872.26383461225498 2173.9923679654798  3081.6684819345401 -872.26478216755504 2174.31020442619  3089.61019096474 -872.26383839463699 2174.6182077262702  3097.6330316794301 -872.26445160737103 2174.9157350771702  3105.73622302269 -872.26411324304001 2175.2032544035201  3113.9201891161902 -872.26418669412703 2175.4805116841299  3122.1847656754398 -872.26414481143502 2175.7476054014701  3130.5299932712846 -872.26411851532498 2176.0045113300803  
3028.08264329949 -880.04382058675696 2172.01088095566  3035.4601116693998 -880.04380774946401 2172.3900119825598  3042.9182250427598 -880.04378814564996 2172.7589583865802  3050.4570010622701 -880.04381170073498 2173.1177095849198  3058.0763547146898 -880.04363936723701 2173.4663165152701  3065.7765475597298 -880.04400759467103 2173.8046224415998  3073.5570080603302 -880.04330779137194 2174.1329698782602  3081.41866650366 -880.04415860328004 2174.4508014058902  3089.3603684841501 -880.04331104938205 2174.7588088308999  3097.38321390493 -880.04386162837795 2175.05633308095  3105.4864022366 -880.04355771633504 2175.34385390229  3113.6703682480102 -880.04362360549101 2175.6211108263201  3121.9349436054999 -880.04358592996505 2175.8882048085902  3130.28016995302 -880.04356225321601 2176.1451109930649  
3027.8552229103402 -887.82442333366998 2172.1433322509502  3035.2326941977399 -887.82441280109799 2172.52246202488  3042.6908102970401 -887.82439679993797 2172.8914072606399  3050.2295892184502 -887.82441577805105 2173.2501571450598  3057.8489439765799 -887.82427605721296 2173.59876380268  3065.5491419676 -887.82457430475802 2173.9370669325099  3073.3295986910698 -887.82400724132901 2174.2654169162101  3081.1912654001299 -887.82469648930601 2174.58324357426  3089.1329616243902 -887.824009730748 2174.8912545578701  3097.1558121168 -887.82445574342296 2175.1887756844999  3105.2589983080502 -887.82420945522097 2175.4762976746001  3113.4429648210598 -887.82426278515902 2175.7535540757099  3121.7075395720499 -887.82423221250701 2176.0206481384798  3130.0527652019746 -887.82421298633653 2176.2775544203296  
3027.6448728509399 -895.60593604299902 2172.2695032470101  3035.0223474282602 -895.60592850990599 2172.64863162456  3042.4804666704499 -895.60591720789796 2173.0175755338  3050.0192489394299 -895.60593020427905 2173.3763239427799  3057.63860540818 -895.60583309360698 2173.7249300900098  3065.3388089567502 -895.606039931135 2174.0632303198599  3073.1192628937101 -895.60564630227998 2174.3915824237602  3080.9809381283499 -895.60612450852204 2174.7094042271801  3088.9226296888801 -895.60564784855001 2175.01741829925  3096.9454856477901 -895.60595729090699 2175.3149362444501  3105.04867048693 -895.60578632284296 2175.6024591113  3113.2326380721202 -895.605823286126 2175.8797148195399  3121.4972127946999 -895.60580203426605 2176.1468087799699  3129.8424382325147 -895.6057886637725 2176.4037149977003  
3027.4441858500099 -903.38795877610505 2172.3920481289802  3034.8216639730899 -903.38795464033501 2172.7711750103099  3042.27978666647 -903.38794866519504 2173.1401174750299  3049.8185726418601 -903.38795488775895 2173.4988642765402  3057.43793130931 -903.38790607862097 2173.8474697240699  3065.1381408357502 -903.38800933608798 2174.18576692636  3072.9185927714302 -903.387812286403 2174.5141208271598  3080.7802769241498 -903.38805134156496 2174.8319376971799  3088.7219646977101 -903.38781281987497 2175.1399545004101  3096.74482660802 -903.38796751574 2175.4374691409698  3104.84801080327 -903.38788194189601 2175.7249926295499  3113.0319800381999 -903.38790038920695 2176.0022474626999  3121.2965553034401 -903.387889733105 2176.26934113574  3129.64178107727 -903.38788303049796 2176.5262471217147  
3027.24348850552 -911.16995267507502 2172.5144756207701  3034.62097037171 -911.16995195151401 2172.8936009276499  3042.0790967718299 -911.16995132275304 2173.2625418487301  3049.6178867783101 -911.169950786046 2173.62128691923  3057.2372480543499 -911.16995033827095 2173.9698915133399  3064.9374640574301 -911.16994996933704 2174.3081855045102  3072.7179145648302 -911.16994967678102 2174.63654099414  3080.5796082492302 -911.16994944170494 2174.9543527125602  3088.52129287048 -911.16994927009102 2175.2623720236002  3096.5441613675698 -911.16994914322095 2175.5598831401499  3104.647345547 -911.16994906291495 2175.8474070359698  3112.83131703665 -911.16994901609098 2176.1246607901098  3121.0958934192699 -911.16994899723295 2176.39175398415  3129.4411200688501 -911.16994899916847 2176.6486595604747  

8 0 0 10 13 3134.0121038684883 -800.01419434826175 2174.2966242370367  3142.3573624448036 -800.01423706800995 2174.553523122243  3150.7832682791477 -800.01425552419323 2174.8002358418557  3159.2897882268499 -800.01449229294803 2175.0367850171815  3167.8770495966232 -800.01399900816079 2175.263081227723  3176.5447419933171 -800.01510328630502 2175.4793489796107  3185.2936120757749 -800.01220082547388 2175.6850569393346  3194.1217916717706 -800.01918699406144 2175.8814666973067  3203.0329781728324 -800.00875047718432 2176.0661721957763  3212.0221420222788 -800.01790332054281 2176.2423843041879  3221.0937476976942 -800.01384096332026 2176.4072759575329  3230.245275144377 -800.01507893286225 2176.5624402092458  3239.4776607462081 -800.01473289295745 2176.7072842376238  3248.7906665052151 -800.01455256292547 2176.8419583923142  
3133.8141976714151 -803.35072724344104 2174.3872664691753  3142.1594545397702 -803.35076386031096 2174.64416566812  3150.5853589776698 -803.35077977101196 2174.89087858314  3159.0918768644301 -803.350981992382 2175.1274284843898  3167.6791391656802 -803.35056116741202 2175.35372344498  3176.3468264829098 -803.35150373043598 2175.56999427048  3185.0957069022602 -803.34902685255304 2175.7756948097399  3193.92385923846 -803.35498912742696 2175.9721217993401  3202.8350850175002 -803.34608251705095 2176.15680215988  3211.8242134704401 -803.35389385926999 2176.3330362388701  3220.8958342155001 -803.35042707053901 2176.4979181874701  3230.0473565875 -803.35148368074294 2176.6530854409398  3239.2797431875902 -803.35118845672105 2176.7979286714999  3248.5927493479803 -803.35103464499366 2176.9326024136549  
3133.6187743827295 -806.68742481771505 2174.4772767174854  3141.9640295038498 -806.68745551764596 2174.7341762565402  3150.3899325003299 -806.68746895761205 2174.9808893940199  3158.8964482884498 -806.687637710079 2175.21744004014  3167.4837114514098 -806.68728706871696 2175.4437337941799  3176.1513936880901 -806.68807298296997 2175.66000767681  3184.90028427691 -806.68600834085396 2175.8657009137401  3193.7284096071298 -806.69097882132098 2176.0621449482701  3202.6396741797298 -806.68355414645305 2176.2468004878001  3211.6287675915901 -806.690066045496 2176.4230562992202  3220.700403201 -806.68717614954903 2176.5879286742302  3229.8519205218399 -806.68805708434502 2176.74309891045  3239.0843080790501 -806.68781108083999 2176.8879413674499  3248.3973146090352 -806.68768295406255 2177.022614715765  
3133.4261893084549 -810.02429831952304 2174.5665184834302  3141.7714426590401 -810.02432331811599 2174.8234183835302  3150.1973441824898 -810.02433437462798 2175.0701317661401  3158.7038578470201 -810.02447090242094 2175.30668317142  3167.2911218079098 -810.02418782160305 2175.5329757619602  3175.9587989783299 -810.02482292819604 2175.7492526772598  3184.7076995567199 -810.023155136318 2175.9549387417201  3193.53579818664 -810.02717082609604 2176.15139960226  3202.44710100464 -810.02117278779804 2176.3360306807399  3211.4361597956299 -810.02643372729199 2176.5123079468699  3220.5078100413298 -810.02409919578497 2176.6771708955998  3229.65932234615 -810.024811007832 2176.8323440895801  3238.8917108201499 -810.02461238611295 2176.97718579806  3248.2047176894903 -810.02450898393852 2177.111858771435  
3133.2367784068197 -813.36135936033702 2174.6548552238501  3141.5820299790398 -813.36137890157704 2174.9117555005  3150.0079300109401 -813.36138767393197 2175.15846914649  3158.5144415395298 -813.361493379781 2175.3950213205799  3167.10170624069 -813.36127490485001 2175.6213127900701  3175.7693783742502 -813.36176578565198 2175.83759270576  3184.5182887507299 -813.36047750970602 2176.0432717385002  3193.34636103612 -813.36358010150002 2176.23974917534  3202.2577014907201 -813.35894639481899 2176.42435619354  3211.2467261433299 -813.36301100179696 2176.6006545987502  3220.3183907757898 -813.361207579091 2176.76550828378  3229.4698981111601 -813.36175765162398 2176.9206844046598  3238.7022874627201 -813.36160434029898 2177.0655253902901  3248.0152946429253 -813.36152458098013 2177.2001980077102  
3133.0508554360149 -816.69861958753154 2174.7421535655049  3141.3961052367299 -816.69863394218396 2174.9990542289502  3149.8220037711199 -816.69864054103004 2175.2457681522201  3158.3285131635898 -816.69871697708197 2175.4823211001399  3166.9157785534699 -816.69855984087098 2175.70861149025  3175.5834456942698 -816.69891377597298 2175.9248943665498  3184.3323656667399 -816.69798584486898 2176.1305665182999  3193.1604120110401 -816.70022145098596 2176.32706025263  3202.0717894365498 -816.69688316751103 2176.51164364949  3211.0607804924598 -816.69981185946403 2176.6879628423799  3220.1324592422302 -816.69851271932896 2176.8528074404599  3229.2839616658098 -816.698909218464 2177.0079864517702  3238.5163518569798 -816.69879892686095 2177.1528267406602  3247.8293593214748 -816.69874161423957 2177.2874990210748  
3132.86870910171 -820.03609035725344 2174.8282865196952  3141.2139571514199 -820.03609982091803 2175.08518757516  3149.6398541941799 -820.03610436744498 2175.3319017853901  3158.1463614619602 -820.03615322436303 2175.5684555077401  3166.7336274949998 -820.03605387008804 2175.7947448591499  3175.4012897011598 -820.03627878674297 2176.0110306491902  3184.15021905805 -820.03569032702205 2176.2166960796098  3192.9782399093401 -820.03710915603494 2176.4132058055802  3201.8896535876902 -820.03499126706197 2176.5977660551398  3210.87861164379 -820.03684982829702 2176.7741056510699  3219.95030422331 -820.03602576201604 2176.9389413519202  3229.1018018033901 -820.03627757948198 2177.0941232118298  3238.3341927977599 -820.03620781370898 2177.2389628304099  3247.6472005220203 -820.0361716456016 2177.3736347926251  
3132.6906002043747 -823.37378240727298 2174.913136696925  3141.03584653603 -823.37378729811599 2175.17003814496  3149.4617421040198 -823.37378992311199 2175.41675264783  3157.9682472693598 -823.37381301733797 2175.6533071409499  3166.5555139058501 -823.37376762530096 2175.8795954932698  3175.22317124864 -823.37387203834203 2176.0958841435399  3183.9721097701599 -823.37360063101198 2176.3015430201699  3192.8001056174699 -823.37425661046098 2176.4980684072598  3201.7115547834701 -823.37327853078398 2176.6826060151898  3210.7004804871999 -823.37413761808898 2176.85896559919  3219.7721865928302 -823.37375725393895 2177.02379260413  3228.9236794077301 -823.373873940257 2177.1789772658399  3238.1560711705802 -823.37384202194198 2177.3238162406701  3247.4690791322701 -823.37382559992011 2177.45848790323  
3132.5167587862998 -826.71170552983153 2174.9965995216899  3140.86200344399 -826.71170618598603 2175.2535013585398  3149.2878975640501 -826.71170702874599 2175.5002161560101  3157.7944006592002 -826.711706287948 2175.7367714122702  3166.3816678650201 -826.71171080605995 2175.9630588038799  3175.04932042783 -826.71170374978794 2176.1793502548098  3183.79826788739 -826.71172560959496 2176.3850027518902  3192.62623925652 -826.71167595473003 2176.5815434475799  3201.5377231037301 -826.71175218705002 2176.7660589472898  3210.5266171477301 -826.711686764663 2176.9424380774399  3219.5983364620602 -826.71171681877604 2177.1072565978702  3228.7498245993302 -826.711708506886 2177.2624440100099  3237.98221709788 -826.71171159458595 2177.4072823676302  3247.2952252769455 -826.71171343515857 2177.5419537487301  
3132.347381278325 -830.04986824446246 2175.0785864473301  3140.6926243159101 -830.04986502111103 2175.3354886653801  3149.11851702385 -830.04986422822003 2175.5822037559601  3157.6250180901302 -830.04984167491 2175.8187597640699  3166.2122858365401 -830.049891853031 2176.04504623206  3174.8799337136902 -830.04978280458602 2176.2613404185799  3183.6288898795401 -830.05007298169699 2176.46698671584  3192.45683732816 -830.04937771027096 2176.66354234859  3201.3683550155802 -830.05041857022502 2176.8480362968999  3210.3572181315499 -830.04950727410505 2177.02443450806  3219.4289503259602 -830.04991283272398 2177.1892447637701  3228.5804338815801 -830.04979015204503 2177.3444348708899  3237.8128270851098 -830.04982526534297 2177.4892726376802  3247.1258354638649 -830.04984381253109 2177.6239437550603  
3132.182627646278 -833.38827747080404 2175.1590281710251  3140.527869126091 -833.38827073693938 2175.4159307592208  3148.9537604656725 -833.38826846091592 2175.6626461382839  3157.4602595524702 -833.38822619425935 2175.8992028836324  3166.0475278158833 -833.38831762235282 2176.1254884636674  3174.7151711113138 -833.38811641655809 2176.3417853159158  3183.4641357483383 -833.38864902068099 2176.5474255971994  3192.292059860617 -833.38737041377851 2176.7439957797205  3201.2036105201651 -833.38928283558857 2176.9284687521563  3210.1924434720304 -833.38760726700809 2177.1048855601275  3219.2641882095249 -833.38835210011541 2177.2696877774633  3228.4156672868576 -833.38812608105559 2177.4248805206048  3237.6480611669135 -833.38819012732574 2177.5697177225793  3246.9610697301205 -833.38822376663666 2177.704388593434  

8 0 0 10 13 3034.5301359708033 -755.70396191125155 2168.9541341669778  3041.9077134437757 -755.70402921261996 2169.3332363571817  3049.3659328451863 -755.70413321553065 2169.7021547550644  3056.9048012618214 -755.7040059092285 2170.0608850734006  3064.5242829410786 -755.70493046074432 2170.4094486395666  3072.2244861386671 -755.70295367302992 2170.7477805775793  3080.0051726176634 -755.706710310988 2171.0760233655433  3087.8667290848584 -755.70214378557989 2171.3939455321188  3095.8086753379848 -755.7066942932106 2171.7018344288554  3103.8314690776574 -755.70374012854847 2171.9994161770746  3111.9347775275901 -755.70537309367569 2172.2868899576765  3120.1187817455084 -755.70502126765916 2172.564147469518  3128.3834119271269 -755.70522557348886 2172.8312305451136  3136.7286856010851 -755.70535488705707 2173.0881287598768  
3034.2612296571801 -760.135424122637 2169.0706911505699  3041.6388035155201 -760.135487264424 2169.4497936163102  3049.0970194988899 -760.135584724821 2169.8187122569302  3056.6358851475902 -760.13546588103702 2170.17744252383  3064.2553627392299 -760.13633065160604 2170.52600693267  3071.9555667845402 -760.13448231207803 2170.8643368906501  3079.7362455162902 -760.13799542551305 2171.1925829604102  3087.5978076689198 -760.13372535541896 2171.5105005243099  3095.5397456278301 -760.13798082310802 2171.8183932859702  3103.5625431241501 -760.13521849460699 2172.1159718221702  3111.6658483690799 -760.13674568747604 2172.4034466509002  3119.8498526940898 -760.13641684913398 2172.68070333061  3128.1144822757801 -760.13660805400502 2172.94778608365  3136.459755605465 -760.13672912356185 2173.2046839028453  
3033.9890856315401 -764.56653679667704 2169.18926523666  3041.3666548781998 -764.56659557212095 2169.56836839781  3048.8248664868402 -764.56668620057803 2169.9372876824  3056.3637284597999 -764.56657607093405 2170.2960182756701  3063.9832010852301 -764.567378869094 2170.6445838940899  3071.6834052139102 -764.56566353874803 2170.9829121776502  3079.4640753887502 -764.56892435739996 2171.3111618714302  3087.3256426493699 -764.564961335936 2171.62907504432  3095.26757162903 -764.56891115514998 2171.93697195811  3103.2903724074299 -764.56634751321701 2172.2345474520498  3111.3936739424398 -764.56776511781004 2172.5220235265901  3119.5776779617099 -764.56746007026197 2172.7992795252098  3127.8423065677498 -764.56763768598898 2173.0663620928599  3136.1875792214096 -764.56775019967893 2173.3232596350499  
3033.7146968187199 -768.99738822342294 2169.3094671693798  3041.0922605986302 -768.99744247060903 2169.68857140099  3048.5504670090099 -768.99752604572097 2170.0574916891801  3056.08932451995 -768.99742480177804 2170.4162229496301  3063.70879141567 -768.99816402754902 2170.7647901087398  3071.4089949486101 -768.99658500503801 2171.1031170022402  3079.18965585761 -768.99958715837397 2171.4313706285202  3087.0512276904601 -768.99593886141395 2171.7492796199099  3094.9931470839902 -768.99957532986696 2172.0571809463099  3103.01595069735 -768.99721533700904 2172.3547535683001  3111.1192480608202 -768.99852057952603 2172.64223107518  3119.3032513869798 -768.99823990014499 2172.91948654104  3127.5678786642102 -768.99840356801496 2173.1865690576801  3135.9131503275248 -768.99850729552838 2173.4434664401801  
3033.43906804995 -773.42807096265597 2169.4308939684802  3040.8166256688301 -773.42812056714695 2169.80999959161  3048.27482620913 -773.42819693847002 2170.1789211924402  3055.8136786116902 -773.42810467207903 2170.537653415  3063.4331391477699 -773.42877932850195 2170.8862224012601  3071.1333415089898 -773.427338630343 2171.22454815936  3078.91399256151 -773.43007818922899 2171.5528059845701  3086.7755684880599 -773.42674932719694 2171.8707109946299  3094.7174777813302 -773.43006769870897 2172.1786169605798  3102.7402838223302 -773.42791439855 2172.4761868758801  3110.8435766072398 -773.42910556562299 2172.7636659852801  3119.0275788880899 -773.42884960280799 2173.0409210596699  3127.2922045144101 -773.42899909623202 2173.3080036531301  3135.6374748978551 -773.42909389058593 2173.5649009887602  
3033.1632042200399 -777.85867941651202 2169.5531354949699  3040.5407551544199 -777.858724313008 2169.9322427709099  3047.99894931471 -777.85879340275005 2170.3011659369899  3055.5377961132499 -777.85871012712005 2170.6598993647999  3063.1572498044302 -777.859319823845 2171.0084704140399  3070.8574505326901 -777.85801818078403 2171.3467952556198  3078.6380912683599 -777.86049366780503 2171.6750574980001  3086.4996708785202 -777.85748597542897 2171.99295871192  3094.4415696607998 -777.86048447191797 2172.30086950554  3102.46437777143 -777.85853898264804 2172.59843686966  3110.5676656341502 -777.85961542595601 2172.8859177311901  3118.7516665604498 -777.85938429878001 2173.1631725446  3127.01629025175 -777.859519524235 2173.4302553328998  3135.3615590966697 -777.85960532245838 2173.6871527271196  
3032.8880984459101 -782.28930740300905 2169.6757810153399  3040.2656423461099 -782.28934757600302 2170.05489014259  3047.7238297817898 -782.28940937942298 2170.4238150670599  3055.2626706348501 -782.28933503083204 2170.7825498883699  3062.8821171449099 -782.28987997964805 2171.1311231824302  3070.5823158991202 -782.28871684909598 2171.4694472869501  3078.3629459935 -782.29092921744598 2171.79771411293  3086.2245289522002 -782.28824148116701 2172.1156116970001  3094.1664169221999 -782.29092126672697 2172.42352746404  3102.1892268001502 -782.28918279893298 2172.72109241925  3110.29250946616 -782.29014492616795 2173.0085751587899  3118.4765087770802 -782.28993852686904 2173.2858298280398  3126.7411302922001 -782.29005952307898 2173.5529129167599  3135.0863973753599 -782.29013634578587 2173.80981046537  
3032.6147202201701 -786.72004572994899 2169.7984257670601  3039.9922569077498 -786.72008121338297 2170.1775368805702  3047.45043743725 -786.72013579792201 2170.5464636962502  3054.98927215611 -786.72007023809397 2170.9052000433499  3062.6087112964301 -786.72055124040503 2171.25377570912  3070.3089078551502 -786.71952483490497 2171.59209921518  3078.0895271197501 -786.72147741578306 2171.9203707380202  3085.9511131689201 -786.719105538794 2172.2382648374801  3093.89299013649 -786.721470655811 2172.5461856796201  3101.9158015379899 -786.71993655464303 2172.84374835271  3110.0190788045002 -786.72078580679101 2173.13123307056  3118.2030762906002 -786.72060380607797 2173.40848769682  3126.4676954341899 -786.72071074142502 2173.6755711773399  3134.8129605705799 -786.72077869124894 2173.9324689647747  
3032.3440035634799 -791.15097976911898 2169.92067752404  3039.72153302267 -791.15101064500595 2170.2997906968199  3047.1797066194699 -791.151058148076 2170.66871947767  3054.7185351605299 -791.15100116716701 2171.0274574282698  3062.3379668831099 -791.15141959339201 2171.3760355388799  3070.0381611392199 -791.15052692511904 2171.7143585448598  3077.8187695163001 -791.15222534363795 2172.04263482548  3085.6803584726899 -791.15016244852904 2172.36052556392  3093.6222243562702 -791.15221971583105 2172.6684515388401  3101.6450370960401 -791.15088552750103 2172.9660120400399  3109.7483088316999 -791.151624342437 2173.2534988101802  3117.9323043354998 -791.15146619760003 2173.5307534779599  3126.1969209589402 -791.15155936574604 2173.7978374263998  3134.5421840028748 -791.15161862463435 2174.054735524745  
3032.07683517029 -795.58218703030002 2170.0421631639101  3039.4543575334701 -795.58221342628099 2170.4212784111101  3046.9125243122598 -795.58225405173403 2170.7902091760898  3054.4513467643301 -795.58220537194802 2171.1489487568001  3062.0707711499099 -795.58256313286097 2171.4975293349198  3069.7709631008302 -795.58180007418503 2171.83585190136  3077.5515606539502 -795.58325213383796 2172.1641329510098  3085.4131524037598 -795.58148870289006 2172.48202043114  3093.3550072243602 -795.58324757594301 2172.7899515540198  3101.37782117288 -795.58210713857397 2173.0875099769901  3109.48108731501 -795.58273890097905 2173.3749988474401  3117.6650807296101 -795.582603866809 2173.6522536243801  3125.9296947301 -795.58268368054303 2173.9193381013401  3134.2749555748651 -795.58273450590889 2174.1762365698501  
3031.8140425426127 -800.01373473452418 2170.1625352393976  3039.1915580708073 -800.01375682047001 2170.5416525245178  3046.6497182693356 -800.01379083383358 2170.9105852433522  3054.1885348367314 -800.01375011375558 2171.2693264349464  3061.8079520790861 -800.01404962386175 2171.6179094577587  3069.5081418139148 -800.01341098405476 2171.9562316110428  3077.2887287153308 -800.01462651978727 2172.2845173953992  3085.1503232064642 -800.01315057296802 2172.6024017007744  3093.092167079004 -800.0146229661716 2172.9103379471294  3101.1149821579693 -800.01366852502247 2173.2078943696829  3109.2182427077837 -800.0141975026479 2173.4953853636816  3117.4022339738767 -800.01408464519977 2173.772640301022  3125.6668452921731 -800.01415162851345 2174.0397253518304  3134.0121038684883 -800.01419434826164 2174.2966242370367  

8 0 0 10 13 3132.182627646278 -833.38827747080404 2175.1590281710251  3140.527869126091 -833.38827073693938 2175.4159307592208  3148.9537604656725 -833.38826846091592 2175.6626461382839  3157.4602595524702 -833.38822619425935 2175.8992028836324  3166.0475278158833 -833.38831762235282 2176.1254884636674  3174.7151711113138 -833.38811641655809 2176.3417853159158  3183.4641357483383 -833.38864902068099 2176.5474255971994  3192.292059860617 -833.38737041377851 2176.7439957797205  3201.2036105201651 -833.38928283558857 2176.9284687521563  3210.1924434720304 -833.38760726700809 2177.1048855601275  3219.2641882095249 -833.38835210011541 2177.2696877774633  3228.4156672868576 -833.38812608105559 2177.4248805206048  3237.6480611669135 -833.38819012732574 2177.5697177225793  3246.9610697301205 -833.38822376663654 2177.704388593434  
3131.7990543210844 -841.16063861329394 2175.3463096230853  3140.14429217415 -841.16062370638201 2175.60321307304  3148.5701803279699 -841.16061797738405 2175.8499291237399  3157.0766748062101 -841.16052981484199 2176.0864875855  3165.6639442732899 -841.160717279599 2176.3127710982299  3174.3315769017299 -841.16030151646396 2176.5290741567301  3183.0805612610302 -841.16139853020798 2176.7347004318399  3191.9084310425001 -841.15876182318004 2176.9313044885998  3200.8200584665401 -841.16270338313404 2177.1157286257799  3209.8088211914501 -841.15924846361997 2177.29218873016  3218.8805951312902 -841.16078318306904 2177.4569722328501  3228.0320637824402 -841.16031657540498 2177.61217111308  3237.26445923756 -841.16044798235305 2177.7570070000702  3246.5774682302003 -841.16051675858705 2177.8916772969751  
3131.4405439911748 -848.934335933905 2175.5252155500048  3139.7857785553201 -848.93431485401504 2175.78211980179  3148.21166376054 -848.93430649874801 2176.0288364990902  3156.7181538979999 -848.93418381850495 2176.2653965980398  3165.30542444089 -848.93444341602003 2176.49167823678  3173.9730469657402 -848.93386640366305 2176.7079871228502  3182.72204977295 -848.93538749275797 2176.91360038833  3191.54986838998 -848.93173027047203 2177.11023622005  3200.4615678731302 -848.93719652009395 2177.2946146415002  3209.45026451184 -848.93240455656098 2177.4711154177598  3218.5220658274202 -848.93453278321397 2177.63588143269  3227.67352461264 -848.93388537554495 2177.7910861304199  3236.9059214885901 -848.93406738008002 2177.9359208434498  3246.2189308280504 -848.93416254213253 2178.0705906596049  
3131.1091140776348 -856.70945898514697 2175.6948145965798  3139.45434579735 -856.70943390882996 2175.9517195469002  3147.8802283913301 -856.70942382979104 2176.1984368263302  3156.3867145579802 -856.70927898990703 2176.4349984412902  3164.9739861134699 -856.70958477197598 2176.6612783815299  3173.6415992204202 -856.708904391386 2176.8775926560902  3182.3906191567298 -856.71069719788795 2177.0831939606001  3191.2183901143298 -856.70638598150401 2177.2798592684398  3200.1301566030002 -856.712829241441 2177.46419533159  3209.1187917081002 -856.70718045176204 2177.64073391272  3218.1906184648401 -856.70968897828698 2177.8054837503801  3227.3420680384002 -856.70892568575402 2177.9606939013702  3236.5744662092102 -856.70914009020305 2178.1055275771701  3245.8874758435604 -856.70925213885801 2178.2401969989  
3130.8057073062746 -864.48605624929655 2175.8545896835249  3139.1509366934802 -864.48602944030404 2176.11149519849  3147.5768170834499 -864.48601857840799 2176.3582129654001  3156.0832997234902 -864.48586441569796 2176.5947759431701  3164.6705722854399 -864.48618944034899 2176.8210543395498  3173.3381767464102 -864.48546580080301 2177.0373735234198  3182.0872124963998 -864.48737211366199 2177.2429639284401  3190.91493949091 -864.482787515724 2177.4396563078399  3199.8267677854901 -864.48963905765197 2177.62395347457  3208.8153461343099 -864.48363212090999 2177.8005268678098  3217.8871963668198 -864.48629954702506 2177.96526187062  3227.0386374494001 -864.48548778211 2178.1204770815598  3236.27103682184 -864.48571569124999 2178.26530984788  3245.5840467315252 -864.48583476391502 2178.3999789518703  
3130.5299932712846 -872.26411851532498 2176.0045113300803  3138.8752208671299 -872.26409221921494 2176.26141725869  3147.3010994995602 -872.26408150968598 2176.5081353985602  3155.8075791012602 -872.26393074667101 2176.7446995657501  3164.3948527134098 -872.26424832147597 2176.9709765489201  3173.0624493444402 -872.26354098559705 2177.1873001475601  3181.8114996522199 -872.26540404362402 2177.3928806817598  3190.6391863962199 -872.26092319856002 2177.5895977346399  3199.5510713890999 -872.26761949806303 2177.7738594141701  3208.53959776089 -872.26174853507905 2177.9504646401201  3217.6114695625402 -872.264355487535 2178.1151861222002  3226.7629029068598 -872.26356204823105 2178.2704059900502  3235.9953034239102 -872.26378474150499 2178.4152379608799  3245.3083136220052 -872.26390106747795 2178.5499068117297  
3130.28016995302 -880.04356225321601 2176.1451109930649  3138.6253963005402 -880.04353857646697 2176.4020171775401  3147.0512736381002 -880.04352889849497 2176.6487355642198  3155.5577507078201 -880.043393458791 2176.88530073846  3164.14502546115 -880.04367857722502 2177.11157641004  3172.8126150774001 -880.04304335588597 2177.3279039414201  3181.5616788141001 -880.04471628330998 2177.53347554742  3190.38932883606 -880.04069255347395 2177.7302150117698  3199.3012657874901 -880.04670561397404 2177.9144443794198  3208.2897447063401 -880.04143359816999 2178.0910786332302  3217.36163633244 -880.04377453553002 2178.2557878111702  3226.5130626831901 -880.04306201092402 2178.4110119459801  3235.7454643277702 -880.04326194986299 2178.5558432166699  3245.0584748598103 -880.04336637614949 2178.69051186454  
3130.0527652019746 -887.82421298633653 2176.2775544203296  3138.3979908319002 -887.82419376016605 2176.5344607021798  3146.82386734075 -887.82418588047801 2176.7811792030898  3155.3303423846401 -887.82407611277802 2177.0177452026801  3163.9176184242401 -887.82430708380798 2177.2440196273101  3172.5852017979601 -887.82379240104797 2177.4603506517601  3181.3342780448402 -887.82514777577103 2177.66591412456  3190.1618944657098 -887.82188773313999 2177.8626740203799  3199.07387931838 -887.82675948099097 2178.04687381134  3208.06231476329 -887.82248807970996 2178.2235346449202  3217.1342247491498 -887.82438468200598 2178.3882325590198  3226.28564479652 -887.82380737534595 2178.54346060953  3235.5180475933698 -887.82396934627002 2178.68829125094  3244.8310585348954 -887.82405393401052 2178.822959728795  
3129.8424382325147 -895.6057886637725 2176.4037149977003  3138.18766367033 -895.60577529327895 2176.6606212154302  3146.6135398233901 -895.60576980414999 2176.9073396904701  3155.1200133396401 -895.60569361519799 2177.1439063401899  3163.7072908815499 -895.60585388638503 2177.3701795328002  3172.3748687003099 -895.60549671444801 2177.5865136845  3181.12395684484 -895.60643726899696 2177.7920696019301  3189.9515421310098 -895.60417495247896 2177.9888483946902  3198.8635718637502 -895.607555703191 2178.17302067333  3207.8519669438401 -895.60459154937598 2178.3497061995899  3216.92389423547 -895.60590769249802 2178.51439362669  3226.0753085645802 -895.60550706160404 2178.6696253102  3235.30771258496 -895.60561945346797 2178.8144553635798  3244.6207240406202 -895.60567814484602 2178.9491236854346  
3129.64178107727 -903.38788303049796 2176.5262471217147  3137.9870068511 -903.38787632789104 2176.7831531076899  3146.4128831335101 -903.387873578778 2177.0298714065998  3154.9193556063301 -903.38783547479795 2177.2664385422399  3163.5066349580202 -903.38791564853398 2177.4927104525  3172.1742077813801 -903.38773701297202 2177.7090474721099  3180.92330762748 -903.38820746834494 2177.9145961152899  3189.7508633218199 -903.38707591692696 2178.11139289416  3198.6629363450702 -903.38876691268695 2178.2955387973898  3207.6512929463602 -903.38728430715298 2178.4722479145998  3216.7232370514298 -903.387942622325 2178.6369252698801  3225.8746460914999 -903.38774223768598 2178.7921604036501  3235.1070514625399 -903.38779845537795 2178.9369898733798  3244.420063569125 -903.38782781130544 2179.0716580309499  
3129.4411200688501 -911.16994899916847 2176.6486595604747  3137.7863467184302 -911.16994900110399 2176.9055651367999  3146.2122236349501 -911.16994902383306 2177.15228309541  3154.7186955300199 -911.16994906037405 2177.3888505677901  3163.3059771154399 -911.16994910326298 2177.6151210616699  3171.97354533001 -911.16994915802297 2177.8314608308201  3180.7226572210802 -911.16994919025103 2178.0370020958298  3189.5501836508301 -911.16994925185497 2178.23381676802  3198.4623002428002 -911.16994927030396 2178.4179362228001  3207.4506186441199 -911.16994931455497 2178.5946688594099  3216.5225798000902 -911.16994933278795 2178.75933608791  3225.6739837711598 -911.16994935323498 2178.91457462267  3234.9063906883798 -911.16994936626304 2179.05940346751  3244.21940362027 -911.16994937477898 2179.1940714257653  

Triangulations 0

TShapes 19
Ve
0.0011
3031.81404254261 -800.013734734524 2170.1625352394
0 0

0101100
*
Ve
0.0011
3029.98494180701 -833.388353777425 2171.02483501789
0 0

0101100
*
Ed
 1e-07 1 1 0
1  1 0 0 1
2  1 1 0 0 1
0

0101000
+19 0 -18 0 *
Ve
0.0011
3132.18262764628 -833.388277470804 2175.15902817103
0 0

0101100
*
Ed
 1e-07 1 1 0
1  2 0 0 1
2  2 1 0 0 1
2  3 2 0 0 1
4 G1 1 0 2 0
0

0101000
+18 0 -16 0 *
Ve
0.0011
3134.01210386849 -800.014194348262 2174.29662423704
0 0

0101100
*
Ed
 1e-07 1 1 0
1  3 0 0 1
2  4 3 0 0 1
2  5 1 0 0 1
4 G1 3 0 1 0
0

0101000
+14 0 -16 0 *
Ed
 1e-07 1 1 0
1  4 0 0 1
2  6 4 0 0 1
2  7 1 0 0 1
4 G1 4 0 1 0
0

0101000
+19 0 -14 0 *
Wi

0101100
+17 0 +15 0 -13 0 -12 0 *
Fa
1  1e-07 1 0

0111000
+11 0 *
Ve
0.0011
3027.24348850552 -911.169952675075 2172.51447562077
0 0

0101100
*
Ed
 7.16543100750347e-07 1 1 0
1  5 0 0 1
2  8 2 0 0 1
0

0101000
+18 0 -9 0 *
Ve
0.0011
3129.44112006885 -911.169948999168 2176.64865956047
0 0

0101100
*
Ed
 1.46680942224812e-05 1 1 0
1  6 0 0 1
2  9 2 0 0 1
0

0101000
+9 0 -7 0 *
Ed
 1e-07 1 1 0
1  7 0 0 1
2  10 2 0 0 1
2  11 5 0 0 1
4 G1 2 0 5 0
0

0101000
+16 0 -7 0 *
Wi

0101100
+8 0 +6 0 -5 0 -15 0 *
Fa
1  1e-07 2 0

0111000
+4 0 *
Sh

0101000
+10 0 +3 0 *
So

1100000
+2 0 *

+1 0 
0

