DBRep_DrawableShape

CASCADE Topology V1, (c) Matra-Datavision
Locations 0
Curve2ds 18
1 6.2831853071795862 0 0 1 
1 0 0 0 1 
1 -3.5000000000003362 1.0103629827494365 3.224154632368175e-13 -1 
1 1.0103629827505629 -10.500000000000007 1 -1.4807067023776002e-16 
1 -3.5000000000003362 1.0103629827494365 3.224154632368175e-13 -1 
1 1.0103629827505629 -10.500000000000007 1 -1.4807067023776002e-16 
7 0 0  8 9 2  0.45687405327709579 0.34640979084099016  0.43049267603326941 0.28801031904970337  0.40372031053328783 0.23405832492709067  0.3765781737827183 0.18447690625794166  0.34909024606758976 0.13919736180173459  0.32128322565586132 0.098158976661522956  0.29318638392106777 0.061308847412007594  0.26483129592303117 0.028601743075701343  0.23625147103159419 -2.1900865849084896e-15 
 -0.47365149713547888 9 -0.23848036320063226 9
5 2.0207259655011276 -8.4215465232160387 -1.4807067023775998e-16 -1 1 -1.4807067023775998e-16 2.0207185776975569 3.5000000000000053
7 0 0  8 9 2  6.0469338361435341 -2.7199640243833942e-16  6.0183540112520975 0.028601743075703408  5.9899989232535518 0.061308847411908118  5.9619020815152908 0.098158976661636643  5.9340950610931031 0.13919736180127984  5.9066071333982109 0.18447690625771429  5.879464996639399 0.23405832492710488  5.8526926311418599 0.28801031904970281  5.8263112538980328 0.34640979084098922 
 0.23848036320063321 9 0.47365149713547944 9
5 2.0207259655011276 -8.4215465232160387 -1.4807067023775998e-16 -1 1 -1.4807067023775998e-16 2.0207185776975569 3.5000000000000053
1 0.45687405327966174 -2.4097868576656437e-15 0 1 
1 0.30026069590780424 -10.673204421997188 -1.4807067023775998e-16 -1 
1 5.8263112539005979 -2.9192877501160562e-15 0 1 
1 3.7411912350944503 -10.673204421997188 -1.4807067023775998e-16 -1 
7 0 0  8 9 2  5.8068603250200203e-16 0.46188032151437181  0.05920643789201413 0.46188032127517226  0.11841287528810085 0.4456895620842829  0.17730305317718376 0.41330804395238374  0.23556074045291098 0.36461468923766915  0.29288733904218134 0.29936734287548461  0.3490200496532907 0.21720050823785186  0.40374007183220328 0.11762082102922472  0.45687405327992403 -7.4469521781182059e-15 
 -3.3649273844548221e-13 9 0.47365149713577204 9
5 2.0207259655011267 -14.31865306533175 1.4807067023775998e-16 1 -1 1.4807067023775998e-16 2.0207258728578776 3.5000000000000107
7 0 0  8 9 2  5.826311253900335 -6.1475142816716187e-15  5.8794452353479807 0.11762082102905869  5.9341652575240005 0.21720050823773818  5.9902979681210127 0.29936734287434774  6.0476245667305193 0.36461468923857865  6.1058822539853281 0.41330804394942788  6.164772431892743 0.44568956208394184  6.2239788692876568 0.46188032127501122  6.2831853071795898 0.46188032151437181 
 -0.47365149713577204 9 -3.3700819912496627e-13 9
5 2.0207259655011267 -14.31865306533175 1.4807067023775998e-16 1 -1 1.4807067023775998e-16 2.0207258728578776 3.5000000000000107
Curves 9
1 -15.53924564806 -10.999999957409999 -10.50000044461 0.99999999999999989 0 1.2166667081222233e-08 
1 -14.039245648059994 -12.010362940159435 -10.500000414061365 1.4807067023775998e-16 1 -1.2168894089583595e-08 
1 -14.039245648059994 -12.010362940159435 -10.500000414061365 1.4807067023775998e-16 1 -1.2168894089583595e-08 
8 -0.47365149713547888 -0.23848036320063226
5 -16.117699124843963 -10.999999957408871 -10.500000451646915 -1.2167965100953396e-08 1.2168894089583598e-08 1 1 8.36149127811059e-24 1.2167965100953396e-08 1.4807067023775998e-16 1 -1.2168894089583595e-08 2.0207185776975569 3.5000000000000053
8 0.23848036320063321 0.47365149713547944
5 -16.117699124843963 -10.999999957408871 -10.500000451646915 -1.2167965100953396e-08 1.2168894089583598e-08 1 1 8.36149127811059e-24 1.2167965100953396e-08 1.4807067023775998e-16 1 -1.2168894089583595e-08 2.0207185776975569 3.5000000000000053
1 -13.866041226062814 -12.720465227002194 -10.500000403312661 1 0 1.2167964413833334e-08 
1 -13.866041226062814 -9.2795346878155485 -10.50000044518498 1 0 1.2167964413833334e-08 
8 -3.3649273844548221e-13 0.47365149713577204
5 -10.220592582728251 -10.999999957408871 -10.500000379891128 -1.2167965100953396e-08 1.2168894089583598e-08 1 -1 -8.36149127811059e-24 -1.2167965100953396e-08 -1.4807067023775998e-16 -1 1.2168894089583595e-08 2.0207258728578776 3.5000000000000107
8 -0.47365149713577204 -3.3700026897102512e-13
5 -10.220592582728251 -10.999999957408871 -10.500000379891128 -1.2167965100953396e-08 1.2168894089583598e-08 1 -1 -8.36149127811059e-24 -1.2167965100953396e-08 -1.4807067023775998e-16 -1 1.2168894089583595e-08 2.0207258728578776 3.5000000000000107
Polygon3D 0
PolygonOnTriangulations 0
Surfaces 6
1 -24.53924564806 -13.02072592291 -10.50000052953 -1.2167965100953396e-08 1.2168894089583598e-08 1 0 1 -1.2168894089583598e-08 -1 -1.4807067859925125e-16 -1.2167965100953392e-08 
2 -15.539245605472123 -11 -14.00000044460832 1 0 1.2167964413833334e-08 -1.2167964413833334e-08 1.2168571674113597e-08 1 -1.4806674709779454e-16 -1 1.2168571674113593e-08 3.4999999999983205
1 -14.039245605472123 -11 -14.000000426356374 1 0 1.2167964413833334e-08 1.2167964413833334e-08 -1.216857167412036e-08 -1 -1.4806674709787682e-16 -1 1.2168571674120356e-08 
3 -14.039245605465325 -11 -14.000000426356372 1 0 1.2167964413833334e-08 -1.2167964413833334e-08 1.2166666203032529e-08 1 -1.4804356139348851e-16 -1 1.2166666203032525e-08 3.6000001430463731
1.0471991292979219
2 -13.866041183474936 -11 -14.000000424248828 1 0 1.2167964413833334e-08 -1.2167964413833332e-08 1.2169230567584377e-08 0.99999999999999989 -1.4807476449009953e-16 -1 1.2169230567584377e-08 3.9000000953688287
3 -12.472258567814936 -11 -14.000000407289331 1 0 1.2167964413833334e-08 -1.2167964413833334e-08 1.2169230567582809e-08 1 -1.4807476449008042e-16 -1 1.2169230567582805e-08 3.900000095369331
-1.0471975660478448
Triangulations 0

TShapes 20
Ve
0.003
-15.5392456480559 -10.9999999574141 -10.50000044461
0 0

0101100
*
Ve
0.003
-14.03924564806 -10.99999995741 -10.50000042636
0 0

0101100
*
Ed
 0.003 1 1 0
1  1 0 0 1.5
3  1 2CN 2 0 0 1.5
4 G1 2 0 1 0
0

0101000
+20 0 -19 0 *
Ve
0.003
-14.0392456480532 -11.8426155458796 -10.5000004161027
0 0

0101100
*
Ed
 1e-08 1 1 0
1  2 0 0.167747394279843 1.01036298274944
2  3 3 0 0.167747394279843 1.01036298274944
2  4 1 0 0.167747394279843 1.01036298274944
0

0101000
+17 0 -19 0 *
Ve
0.003
-14.0392456480532 -10.1573843689381 -10.5000004366101
0 0

0101100
*
Ed
 1e-08 1 1 0
1  3 0 1.01036298274944 1.85297857122129
2  5 3 0 1.01036298274944 1.85297857122129
2  6 1 0 1.01036298274944 1.85297857122129
0

0101000
+19 0 -15 0 *
Ve
0.003
-13.8660412260628 -12.7204652270022 -10.5000004033127
0 0

0101100
*
Ed
 1e-08 1 1 0
1  4 0 -0.473651497135479 -0.238480363200632
2  7 4 0 -0.473651497135479 -0.238480363200632
2  8 1 0 -0.473651497135479 -0.238480363200632
0

0101000
+13 0 -17 0 *
Ve
0.003
-13.8660412260628 -9.27953468781555 -10.500000445185
0 0

0101100
*
Ed
 1e-08 1 1 0
1  5 0 0.238480363200633 0.473651497135479
2  9 4 0 0.238480363200633 0.473651497135479
2  10 1 0 0.238480363200633 0.473651497135479
0

0101000
+15 0 -11 0 *
Ve
0.003
-12.4722586104028 -12.7204652270022 -10.5000003863532
0 0

0101100
*
Ed
 3.90000009536776e-08 1 1 0
1  6 0 1.77635683940025e-15 1.39378261566
2  11 5 0 1.77635683940025e-15 1.39378261566
2  12 1 0 1.77635683940025e-15 1.39378261566
0

0101000
+13 0 -9 0 *
Ve
0.003
-12.4722586104028 -9.27953468781555 -10.5000004282255
0 0

0101100
*
Ed
 3.90000009536776e-08 1 1 0
1  7 0 3.5527136788005e-15 1.39378261566
2  13 5 0 3.5527136788005e-15 1.39378261566
2  14 1 0 3.5527136788005e-15 1.39378261566
0

0101000
+11 0 -7 0 *
Ve
0.003
-12.2413184555861 -10.9999999574077 -10.5000004044793
0 0

0101100
*
Ed
 1e-08 1 1 0
1  8 0 -3.36492738445482e-13 0.473651497135772
2  15 6 0 -3.36492738445482e-13 0.473651497135772
2  16 1 0 -3.36492738445482e-13 0.473651497135772
0

0101000
+5 0 -9 0 *
Ed
 1e-08 1 1 0
1  9 0 -0.473651497135772 -3.37000268971025e-13
2  17 6 0 -0.473651497135772 -3.37000268971025e-13
2  18 1 0 -0.473651497135772 -3.37000268971025e-13
0

0101000
+7 0 -5 0 *
Wi

0101100
i18 0 -16 0 -14 0 -12 0 -10 0 +8 0 -6 0 -4 0 -3 0 *
Fa
0  0.003 1 0

0101000
+2 0 *

+1 0 
0

