DBRep_DrawableShape

CASCADE Topology V1, (c) Matra-Datavision
Locations 0
Curve2ds 40
2 0 0 -1 0 0 1 0.25000011921000009
1 0 4.7123890399893336 1 0 
1 0 6.2831853071796662 1 0 
1 0 0 1 0 
1 6.2831853071795862 4.7123890399893336 0 1 
1 0 4.7123890399893336 0 1 
1 0 2 1 0 
1 0 2.8261664256425988e-15 1 0 
1 6.2831853071795862 0 0 1 
1 0 0 0 1 
1 0 1.0606601717798254 1 0 
1 0 0 1 0 
1 6.2831853071795862 0 0 1 
1 0 0 0 1 
1 0 2.25 1 0 
1 0 4.7123889803846888 1 0 
1 6.2831853071795862 0 0 1 
1 0 0 0 1 
1 0 6.2831853071795845 1 0 
1 0 0 1 0 
1 6.2831853071795862 4.7123889803846888 0 1 
1 0 4.7123889803846888 0 1 
1 0 1.5000000000000002 1 0 
2 0 0 -1 0 0 1 3.4999999999963749
1 6.2831853071795862 0 0 1 
1 0 0 0 1 
2 0 0 -1 1.9056360669915092e-12 1.9056360669915092e-12 1 3.6000001430463748
1 0 -1.2727688796801689e-15 1 0 
1 0 0.34640979084099144 1 0 
1 0 0 1 0 
1 6.2831853071795862 0 0 1 
1 0 0 0 1 
1 0 1.3937826156599993 1 0 
1 0 -2.0419560185764663e-15 1 0 
1 6.2831853071795862 0 0 1 
1 0 0 0 1 
1 0 0.8660259469649263 1 0 
2 0 0 1 0 -0 1 3.1499996185304462
1 6.2831853071795862 0 0 1 
1 0 0 0 1 
Curves 20
2 -24.539245605468007 -11 -14.00000055412 1 0 1.2167964413833334e-08 -1.2167964413833334e-08 1.2159995207750791e-08 1 -1.4796238896029548e-16 -1 1.2159995207750788e-08 0.25000011921000009
2 -22.539245605467855 -11 -14.000000529784071 1 0 1.2167964413833334e-08 -1.2167964413833332e-08 1.2167080380224851e-08 0.99999999999999989 -1.4804860108682574e-16 -1 1.2167080380224851e-08 2.2500000000040719
2 -22.539245608510001 -10.99999999696 -13.750000529779999 0 1 -1.216796530201e-08 -0.999999999999999 5.7720786987465725e-16 4.743667947337995e-08 4.7436679473379943e-08 1.2167965302009985e-08 0.99999999999999878 2
2 -20.539245605472082 -11 -14.000000505448142 1 0 1.2167964413833334e-08 -1.2167964413833332e-08 1.2168889106265389e-08 0.99999999999999989 -1.4807060960092138e-16 -1 1.2168889106265389e-08 2.2499999999981424
1 -22.539245632850001 -10.99999997262 -11.750000529779999 1 0 1.2164999674268984e-08 
2 -19.789245605468054 -11 -14.000000496322169 1 0 1.2167964413833334e-08 -1.2167964413833334e-08 1.2166667081204642e-08 1 -1.4804357207905555e-16 -1 1.2166667081204639e-08 1.5000000000021692
1 -20.539245632850001 -10.99999997262 -11.75000050545 0.70710678979439467 -8.6078464244779989e-09 -0.70710677257870014 
2 -17.539245605468054 -11 -14.000000468944249 1 0 1.2167964413833334e-08 -1.2167964413833334e-08 1.2166667081187769e-08 1 -1.4804357207885022e-16 -1 1.2166667081187766e-08 1.5000000000042493
1 -19.789245623719999 -10.999999981749999 -12.50000049632 1 0 1.2168889106255342e-08 
2 -15.539245605468054 -11 -14.00000044460832 1 0 1.2167964413833334e-08 -1.2167964413833334e-08 1.2167408921679579e-08 1 -1.480525987675553e-16 -1 1.2167408921679575e-08 3.49999999999832
2 -15.539245623719999 -10.999999981749999 -12.50000044461 0 1 -1.216796530201e-08 -1 -1.4805937959091929e-16 -1.2167965302009997e-08 -1.2167965302009998e-08 1.216796530201e-08 1 2
2 -14.039245605472123 -11 -14.000000426356374 1 0 1.2167964413833334e-08 -1.2167964413833334e-08 1.216857167412036e-08 1 -1.4806674709787682e-16 -1 1.2168571674120356e-08 3.4999999999963749
1 -15.53924564806 -10.999999957409999 -10.50000044461 0.99999999999999989 0 1.2166667081222233e-08 
2 -14.039245605465325 -11 -14.000000426356372 1 0 1.2167964413833334e-08 -1.2167964413833334e-08 1.2166666203032529e-08 1 -1.4804356139348851e-16 -1 1.2166666203032525e-08 3.6000001430463731
2 -13.866041183474936 -11 -14.000000424248828 1 0 1.2167964413833334e-08 -1.2167964413833332e-08 1.2169230567584377e-08 0.99999999999999989 -1.4807476449009953e-16 -1 1.2169230567584377e-08 3.9000000953688287
1 -14.039245649270001 -10.9999999562 -10.40000028331 0.49999862278576501 1.0565522105897287e-08 0.86602619891798771 
2 -12.472258567814936 -11 -14.000000407289331 1 0 1.2167964413833334e-08 -1.2167964413833334e-08 1.2169230567582809e-08 1 -1.4807476449008042e-16 -1 1.2169230567582805e-08 3.900000095369331
1 -13.86604123093 -10.99999995254 -10.10000032888 1 0 1.2168324842313209e-08 
2 -12.039245605470914 -11 -14.000000402020445 1 0 1.2167964413833334e-08 -1.2167964413833334e-08 1.2168255602768953e-08 1 -1.4806290115292069e-16 -1 1.216825560276895e-08 3.1499996185304462
1 -12.47225861527 -10.99999995254 -10.100000311920001 0.49999999767620917 -1.0542409149792953e-08 -0.86602540512607984 
Polygon3D 0
PolygonOnTriangulations 0
Surfaces 13
1 -24.539245605470001 -11 -14.00000055412 1 0 1.2167964413833334e-08 1.2167964413833334e-08 -1.2159995207750789e-08 -1 -1.4796238896029546e-16 -1 1.2159995207750786e-08 
5 -22.539245605468011 -11 -14.000000529784071 1 0 1.2167964413833334e-08 -1.2167964413833334e-08 1.2160001005924876e-08 1 -1.4796245951227141e-16 -1 1.2160001005924873e-08 0.25000000000407147 2
2 -22.539245605472082 -11 -14.000000529784071 1 0 1.2167964413833334e-08 -1.2167964413833332e-08 1.2168889106233321e-08 0.99999999999999989 -1.4807060960053116e-16 -1 1.2168889106233321e-08 2.2500000000040719
3 -20.539245605472082 -11 -14.000000505448142 1 0 1.2167964413833334e-08 -1.2167964413833332e-08 1.2168889106265389e-08 0.99999999999999989 -1.4807060960092138e-16 -1 1.2168889106265389e-08 2.2499999999981424
-0.78539816339207835
2 -19.789245605468054 -11 -14.000000496322169 1 0 1.2167964413833334e-08 -1.2167964413833334e-08 1.2166667081204642e-08 1 -1.4804357207905555e-16 -1 1.2166667081204639e-08 1.5000000000021694
5 -15.539245605468052 -11 -14.00000044460832 1 0 1.2167964413833334e-08 -1.2167964413833334e-08 1.2166667081235865e-08 1 -1.4804357207943546e-16 -1 1.2166667081235862e-08 1.49999999999832 2
2 -15.539245605472123 -11 -14.00000044460832 1 0 1.2167964413833334e-08 -1.2167964413833334e-08 1.2168571674113597e-08 1 -1.4806674709779454e-16 -1 1.2168571674113593e-08 3.4999999999983205
1 -14.039245605472123 -11 -14.000000426356374 1 0 1.2167964413833334e-08 1.2167964413833334e-08 -1.216857167412036e-08 -1 -1.4806674709787682e-16 -1 1.2168571674120356e-08 
1 -24.53924564806 -13.02072592291 -10.50000052953 -1.2167965100953396e-08 1.2168894089583598e-08 1 0 1 -1.2168894089583598e-08 -1 -1.4807067859925125e-16 -1.2167965100953392e-08 
3 -14.039245605465325 -11 -14.000000426356372 1 0 1.2167964413833334e-08 -1.2167964413833334e-08 1.2166666203032529e-08 1 -1.4804356139348851e-16 -1 1.2166666203032525e-08 3.6000001430463731
1.0471991292979219
2 -13.866041183474936 -11 -14.000000424248828 1 0 1.2167964413833334e-08 -1.2167964413833332e-08 1.2169230567584377e-08 0.99999999999999989 -1.4807476449009953e-16 -1 1.2169230567584377e-08 3.9000000953688287
3 -12.472258567814936 -11 -14.000000407289331 1 0 1.2167964413833334e-08 -1.2167964413833334e-08 1.2169230567582809e-08 1 -1.4807476449008042e-16 -1 1.2169230567582805e-08 3.900000095369331
-1.0471975660478448
1 -12.039245605470914 -11 -14.000000402020445 1 0 1.2167964413833334e-08 -1.2167964413833334e-08 1.2168255602768953e-08 1 -1.4806290115292069e-16 -1 1.216825560276895e-08 
Triangulations 0

TShapes 58
Ve
0.003
-24.53924560851 -10.99999999696 -13.75000043491
0 0

0101100
*
Ed
 0.003 1 1 0
1  1 0 0 6.28318530717959
2  1 1 0 0 6.28318530717959
2  2 2 0 0 6.28318530717959
4 G1 1 0 2 0
0

0101100
+58 0 -58 0 *
Wi

0101000
-57 0 *
Fa
0  0.003 1 0

0111000
+56 0 *
Ve
0.003
-22.5392456328458 -10.9999999726241 -11.75000052978
0 0

0101100
*
Ed
 0.003 1 1 0
1  2 0 0 6.28318530717959
2  3 2 0 0 6.28318530717959
2  4 3 0 0 6.28318530717959
4 G1 2 0 3 0
0

0101100
+54 0 -54 0 *
Ed
 0.003 1 1 0
1  3 0 0 1.57079626719033
3  5 6CN 2 0 0 1.57079626719033
0

0101000
+58 0 -54 0 *
Wi

0101000
+57 0 -53 0 -52 0 +52 0 *
Fa
0  0.003 2 0

0111000
+51 0 *
Ve
0.003
-20.53924563285 -10.99999997262 -11.75000050545
0 0

0101100
*
Ed
 0.003 1 1 0
1  4 0 0 6.28318530717959
2  7 3 0 0 6.28318530717959
2  8 4 0 0 6.28318530717959
0

0101100
+49 0 -49 0 *
Ed
 0.003 1 1 0
1  5 0 0 2
3  9 10CN 3 0 0 2
0

0101000
+54 0 -49 0 *
Wi

0101000
+53 0 -48 0 -47 0 +47 0 *
Fa
0  0.003 3 0

0111000
+46 0 *
Ve
0.003
-19.78924562372 -10.99999998175 -12.50000049632
0 0

0101100
*
Ed
 0.003 1 1 0
1  6 0 0 6.28318530717959
2  11 4 0 0 6.28318530717959
2  12 5 0 0 6.28318530717959
0

0101100
+44 0 -44 0 *
Ed
 0.003 1 1 0
1  7 0 0 1.06066017177982
3  13 14CN 4 0 0 1.06066017177982
0

0101000
+49 0 -44 0 *
Wi

0101000
+48 0 -43 0 -42 0 +42 0 *
Fa
0  0.003 4 0

0111000
+41 0 *
Ve
0.003
-17.53924562372 -10.99999998175 -12.50000046894
0 0

0101100
*
Ed
 0.003 1 1 0
1  8 0 0 6.28318530717959
2  15 5 0 0 6.28318530717959
2  16 6 0 0 6.28318530717959
0

0101100
+39 0 -39 0 *
Ed
 0.003 1 1 0
1  9 0 0 2.25
3  17 18CN 5 0 0 2.25
0

0101000
+44 0 -39 0 *
Wi

0101000
+43 0 -38 0 -37 0 +37 0 *
Fa
0  0.003 5 0

0111000
+36 0 *
Ve
0.003
-15.5392456480559 -10.9999999574141 -10.50000044461
0 0

0101100
*
Ed
 0.003 1 1 0
1  10 0 0 6.28318530717959
2  19 6 0 0 6.28318530717959
2  20 7 0 0 6.28318530717959
4 G1 6 0 7 0
0

0101100
+34 0 -34 0 *
Ed
 0.003 1 1 0
1  11 0 0 1.5707963267949
3  21 22CN 6 0 0 1.5707963267949
0

0101000
+39 0 -34 0 *
Wi

0101000
+38 0 -33 0 -32 0 +32 0 *
Fa
0  0.003 6 0

0101000
+31 0 *
Ve
0.003
-14.03924564806 -10.99999995741 -10.50000042636
0 0

0101100
*
Ed
 0.003 1 1 0
1  12 0 0 6.28318530717959
2  23 7 0 0 6.28318530717959
2  24 8 0 0 6.28318530717959
0

0101100
+29 0 -29 0 *
Ed
 0.003 1 1 0
1  13 0 0 1.5
3  25 26CN 7 0 0 1.5
4 G1 7 0 9 0
0

0101000
+34 0 -29 0 *
Wi

0101000
+33 0 -28 0 -27 0 +27 0 *
Fa
0  0.003 7 0

0111000
+26 0 *
Wi

0101000
+28 0 *
Ve
0.003
-14.03924564927 -10.9999999562 -10.40000028331
0 0

0101100
*
Ed
 0.003 1 1 0
1  14 0 0 6.28318530717959
2  27 8 0 0 6.28318530717959
2  28 10 0 0 6.28318530717959
0

0101100
+23 0 -23 0 *
Wi

0101000
-22 0 *
Fa
0  0.003 8 0

0111000
+24 0 +21 0 *
Ve
0.003
-13.86604123093 -10.99999995254 -10.10000032888
0 0

0101100
*
Ed
 0.003 1 1 0
1  15 0 0 6.28318530717959
2  29 10 0 0 6.28318530717959
2  30 11 0 0 6.28318530717959
0

0101100
+19 0 -19 0 *
Ed
 0.003 1 1 0
1  16 0 0 0.346409790840992
3  31 32CN 10 0 0 0.346409790840992
0

0101000
+23 0 -19 0 *
Wi

0101000
+22 0 -18 0 -17 0 +17 0 *
Fa
0  0.003 10 0

0111000
+16 0 *
Ve
0.003
-12.47225861527 -10.99999995254 -10.10000031192
0 0

0101100
*
Ed
 0.003 1 1 0
1  17 0 0 6.28318530717959
2  33 11 0 0 6.28318530717959
2  34 12 0 0 6.28318530717959
0

0101100
+14 0 -14 0 *
Ed
 0.003 1 1 0
1  18 0 0 1.39378261566
3  35 36CN 11 0 0 1.39378261566
0

0101000
+19 0 -14 0 *
Wi

0101000
+18 0 -13 0 -12 0 +12 0 *
Fa
0  0.003 11 0

0111000
+11 0 *
Ve
0.003
-12.0392456438 -10.99999996167 -10.85000078349
0 0

0101100
*
Ed
 0.003 1 1 0
1  19 0 0 6.28318530717959
2  37 12 0 0 6.28318530717959
2  38 13 0 0 6.28318530717959
0

0101100
+9 0 -9 0 *
Ed
 0.003 1 1 0
1  20 0 0 0.866025946964928
3  39 40CN 12 0 0 0.866025946964928
0

0101000
+14 0 -9 0 *
Wi

0101000
+13 0 -8 0 -7 0 +7 0 *
Fa
0  0.003 12 0

0111000
+6 0 *
Wi

0101000
+8 0 *
Fa
0  0.003 13 0

0111000
+4 0 *
Sh

0101000
+55 0 +50 0 +45 0 +40 0 +35 0 +30 0 +25 0 +20 0 +15 0 +10 0 
+5 0 +3 0 *
So

0100000
+2 0 *

+1 0 
0

