DBRep_DrawableShape

CASCADE Topology V1, (c) Matra-Datavision
Locations 7
1
              1               0              -0               0 
             -0               1               0            -0.5 
              0               0               1             0.5 
1
              1               0              -0               0 
             -0               1               0               0 
              0               0               1              -1 
1
              1               0              -0               0 
             -0               1               0             0.1 
              0               0               1               0 
1
              1               0              -0               0 
             -0               1               0             0.1 
              0               0               1               0 
1
              1               0              -0               0 
             -0               1               0             0.1 
              0               0               1               0 
2  1 1 2 1 3 1 4 1 5 1 0
2  5 -1 4 -1 3 -1 2 -1 1 -1 0
Curve2ds 17
1 1 0 0 1 
1 1 1 0 -1 
1 1 1 -1 0 
1 0 1 0 -1 
1 0 0 0 1 
7 0 0  8 163 24  -0.0504994345011789 0.20901892134027  -0.044422316514035401 0.205792076904706  -0.038242145546304097 0.202571569248295  -0.0319552196144594 0.19935906743537901  -0.025557670244881502 0.19615633349408401  -0.0190454413122545 0.19296522774371599  -0.0124142678779637 0.18978771412214901  -0.0056596550284944503 0.186625865513221  0.0074147772001069397 0.18065358992258601  0.0137101462158106 0.177839756465722  0.020112765697805499 0.175041937099188  0.026626316297341 0.17226177542582699  0.033254674565678398 0.169500992298803  0.040001943567377102 0.166761387864725  0.046872483493580801 0.16404484360678101  0.057066917104109799 0.16012419266854999  0.060289562750426601 0.15890028263204001  0.063539318135743497 0.15768178239577699  0.066816632832952597 0.156468885088413  0.070121967066349003 0.15526178884979799  0.0734557917116304 0.154060696830985  0.076818588295897605 0.15286581719423201  0.083679086284006596 0.150462291183077  0.087178023731732696 0.14925393746565599  0.090708825198838106 0.148052741649431  0.094269105726085906 0.1468577223884  0.097867203138623196 0.14567254147582001  0.10149216246795199 0.14449209791071499  0.10515221000786899 0.14332021120867999  0.115542591335226 0.14004474969948499  0.122349879966929 0.137959267094689  0.12927115966977701 0.13590114244231499  0.13631026877345101 0.13387213461723399  0.14347110389729301 0.131874106021034  0.150757636837898 0.12990901720738399  0.158173931456697 0.12797892150739901  0.17264648378111699 0.124350423742001  0.17968123893912 0.122646140022139  0.18683166243229199 0.120974753659316  0.19410088196056699 0.119338018207323  0.20149191841848799 0.11773778992060401  0.20900768778061701 0.11617602206500501  0.216651002986952 0.114654759228536  0.231552930639851 0.11182023231061999  0.23879063786482699 0.110500218736441  0.246139806361939 0.10921772953164199  0.25360225087878202 0.10797450806692099  0.26117947401404201 0.10677239531916  0.26887264817967099 0.10561332272896  0.27668259756306102 0.104499305058178  0.29192811357204002 0.102447502766999  0.29934616805758302 0.101502780965481  0.30686428688214201 0.10059991228330099  0.314482279702057 0.099740633909772503  0.32219939160740302 0.098926760901860103  0.33001426494723002 0.098160170716724698  0.33792489386640301 0.097442787158078997  0.34960125950139898 0.096470850434705893  0.35329351309444301 0.096175909876117502  0.35700495913976998 0.095891962108621998  0.36073575437968403 0.095619055865062905  0.36448431389790098 0.095357750830018601  0.36825200464296398 0.095107702037404998  0.37203726325082298 0.094869460287596505  0.37980885406209097 0.094406861849170798  0.38379670208666 0.094183584122744302  0.38780296299955902 0.093973498317480697  0.39182703011456999 0.093776828106482496  0.39586823889767597 0.093593794946594894  0.39992586534360702 0.093424616787553996  0.40399912435240098 0.093269506781134007  0.41580635294533702 0.092862742893680197  0.42356512527886903 0.092648162721686494  0.43137231361034101 0.092485512496609398  0.43922833794923899 0.092376099751263804  0.44712510268223299 0.092321495598080602  0.455045845868501 0.092323023379816696  0.46296494495888202 0.092381198901875197  0.47887037241035602 0.092611068321976298  0.48686750763089998 0.092784934485049403  0.49482995916025801 0.093016476799849299  0.50274932073605105 0.093305208461850295  0.51061787074625598 0.0936504291701864  0.518428541566749 0.094051248998806  0.52617489276390395 0.094506606766204301  0.54202555077793602 0.095556977565469894  0.55012073668122197 0.096159156074383703  0.55813001495276204 0.096820381151341797  0.56604795667003804 0.097539062219305306  0.57387023340375698 0.098313498697563506  0.58159352886117899 0.099141920104998393  0.589215463676386 0.10002252297238  0.60060627341081196 0.101432888168713  0.60445074758263795 0.101925630536487  0.60826775680258605 0.102431486501827  0.61205715534216298 0.10295021024769201  0.61581884834974498 0.10348155623720499  0.619552789395588 0.104025280145668  0.62325897801684105 0.104581139792582  0.63108277518894196 0.105788706748818  0.63519291463426797 0.10644363737415  0.639267905982288 0.107113239532101  0.64330785331127505 0.107797609272352  0.64731315631837405 0.108495374181209  0.65128352930512501 0.109207630539228  0.65521957537464204 0.109933173240684  0.66733290976940096 0.112226785454535  0.67539286694540102 0.113840100828092  0.68330422421966897 0.115509047616909  0.69107030881943499 0.117230814475995  0.69869483037996305 0.119002677642253  0.70618183331698803 0.12082202350045  0.71353565569998201 0.122686373415374  0.72886032142616197 0.126731182342492  0.73679781724722204 0.128922502258245  0.74457986563829703 0.13116409770873  0.75221281896499304 0.13345280142747901  0.75970291388075994 0.135785569817891  0.76705628679800897 0.13815950102084601  0.77427898935922701 0.14057185298230701  0.78927409435958296 0.14574388296996199  0.79701642342520496 0.14851194478132501  0.80461228282137298 0.15132072027004001  0.81206921795870901 0.15416673980201701  0.81939415338627997 0.15704659901359999  0.82659348974983105 0.15995696766789  0.83367317226402304 0.162894599147858  0.84800905636972201 0.16899018823956799  0.85525133320699298 0.172150911323112  0.86237187634731005 0.17533466352018501  0.86937602295755201 0.178537499320889  0.87626827739934199 0.181755382593597  0.88305242242129001 0.18498419703158001  0.88973159637874499 0.188219758474787  0.899810787444427 0.193182267571401  0.90328402960167298 0.194907750253277  0.906730467560669 0.19663178641283299  0.91014349207551704 0.19835913314915099  0.91353561944755401 0.20007973485921601  0.91689568022721601 0.201802406457887  0.92022825510002404 0.20352303653926901  0.92701079187467506 0.207050232198214  0.93045758267883905 0.20885645763338601  0.93387430348099698 0.21065998819902901  0.93726139249554596 0.212460264746129  0.94061930125210502 0.21425675929270099  0.94394849272880499 0.216048974406296  0.94724943948557505 0.21783644258649401  0.95733549331534196 0.22332840764668099  0.96402797456729505 0.22701556828146799  0.97060462626074595 0.23067637580608  0.97707013794509001 0.23430754378826499  0.98342927539569402 0.23790628922569901  0.98968684481246905 0.24147029049001401  0.99584767383302497 0.24499764509835001  1.0088715369671299 0.25248538844336199  1.0156772175797999 0.25641739630285598  1.0223421997091899 0.260280999348523  1.02887508406513 0.264075231164632  1.03528450775123 0.26779988934936699  1.04157914999839 0.27145542504005699  1.04776775943708 0.27504284307639398  1.05385920290835 0.27856361280163999 
 0 9 0.066923059445843994 7 0.127125765604818 7 0.154618437850395 7 0.18272686446224801 7 0.23369631176728001 7 0.28042694511397598 7 0.32327886685689 7 0.36283953707733602 7 0.38099294134736 7 0.39993965071731502 7 0.43571547909432901 7 0.47212651433746 7 0.51090101536935095 7 0.53086688822978301 7 0.55336664564469895 7 0.60071696627573701 7 0.65379624293616201 7 0.71285104565616797 7 0.77533751139635299 7 0.808614754942931 7 0.84362400337832 7 0.91649300021510904 7 1 9
7 0 0  8 58 9  0 0.91362245490503802  0.0179158017543312 0.91252765223003995  0.035625241509312199 0.91143378918103601  0.053147067648722401 0.91034177731733701  0.070501561014801206 0.90925271403421604  0.087710557316724599 0.90816788576868601  0.104797568194733 0.90708877015677103  0.12178816346025 0.90601704684540796  0.153517215764186 0.90402506224913504  0.16827083910173499 0.90310266818207796  0.18299115286042 0.90218869548602898  0.19769843367020201 0.90128458571661296  0.21241419670761799 0.90039198939671605  0.22716169383329601 0.89951278656786005  0.241966759097727 0.898649126357838  0.27115096288629598 0.89699199952115005  0.285520439869688 0.89619726217791795  0.29999614087496201 0.89542137285087098  0.31460706982021702 0.89466687231736297  0.329384070660312 0.89393682522747697  0.344360920163853 0.89323487800023504  0.35957635555544998 0.892565382574949  0.38887337503878699 0.89137147850513698  0.40288287801217298 0.89083972166370595  0.41715147691606502 0.890341559524225  0.43171560308314 0.88988149962257601  0.44660421180473098 0.88946532173471105  0.46183899971104198 0.88909994010450599  0.47743406175002501 0.88879318836952104  0.50771207797142603 0.88833788565215299  0.522361415317947 0.88817576974970602  0.53725248547870996 0.88807464059477703  0.55229572170558905 0.88804041769198405  0.56739745640497496 0.88807658021235003  0.58245672242650903 0.888183562770684  0.59736167860946998 0.88835829968840996  0.62837635787007595 0.88885831918550195  0.64445689045275201 0.88919991571156198  0.66019404323022901 0.88961248093002998  0.67557611358457603 0.89008859284163799  0.69060615251875601 0.89062097579897503  0.70529899716099997 0.89120316740658101  0.71968062990821702 0.891829889560383  0.75023361363101004 0.89327544768352096  0.766291913754791 0.89410822135378198  0.78200688927210804 0.89498875640032705  0.79741457894375201 0.895911208794129  0.812546741584946 0.89687060776842098  0.82743283662562805 0.89786277095630895  0.84210109532113298 0.89888426757761597  0.87531901378404997 0.90128890992589195  0.89373332016366003 0.90268949099089402  0.91187993101950604 0.90412785200029799  0.92980370749407604 0.90559877015638202  0.94754325191348598 0.90709783649171805  0.96513375730315198 0.90862135908469399  0.98260838060147404 0.91016632438630296  1 0.91173034401304398 
 0 9 0.14506123586466901 7 0.27198254692851198 7 0.39378257970660202 7 0.50217447353361699 7 0.59943991359996995 7 0.70844687949943397 7 0.83552540292073696 7 1 9
7 0 0  8 58 9  1 0.75261442735501805  1.0000000000057601 0.75803511858367301  0.99981970793542796 0.76350279369140295  0.99945943151059602 0.769015997244761  0.99891939807533003 0.77457377026894203  0.99819954135672995 0.78017566868001897  0.997299307344377 0.78582177655281404  0.99621741718170798 0.79151275527585496  0.993843932715614 0.80226974467461698  0.992595537964722 0.80732465288402999  0.991204759538306 0.81241575366903795  0.98966943732754098 0.81754422441602104  0.98798671027306195 0.82271140078209704  0.98615288190611095 0.82791882467886801  0.98416316613708299 0.83316835001690903  0.97994607748177198 0.84354274922615102  0.97773193042139706 0.84866313138334804  0.97536295342780999 0.85382628227046398  0.97283232176558498 0.85903444571760601  0.97013199262443905 0.86428940304847801  0.96725250306413102 0.86959253600370101  0.96418241940151705 0.87494498885093996  0.95799231337621704 0.88515630429221503  0.95491763629913495 0.89000027795115799  0.95167071727894703 0.89488489024129403  0.94823963365546504 0.89981013359701401  0.94461346746901498 0.90477095609076197  0.940782999728905 0.90975711829837602  0.936741526610812 0.91475297790042698  0.92866872257762101 0.92420998959405198  0.92466904940711203 0.92868497105996495  0.92050910645277995 0.93311800178084703  0.91621503768880297 0.93746622379631805  0.91181814910759296 0.94168916013085202  0.907355287480203 0.94574996797908195  0.90286915373666699 0.94961655489892904  0.89340937952835398 0.95734784750912105  0.88842927464028498 0.96116659257034698  0.88349236440977397 0.96471476641135501  0.87861527577524301 0.96799883703277301  0.87380820256193403 0.97103089276750298  0.86907568648455302 0.97382597943865701  0.86441712453164299 0.97640049780080496  0.85447604679418898 0.98153429466694897  0.84922284419256 0.98401785458750701  0.84406344803688504 0.98624598837150601  0.83899416711405705 0.98823951389091302  0.83401116585852397 0.99001679186000402  0.82911025373970704 0.99159418945483802  0.824286791708152 0.99298623600217295  0.81338620902856895 0.995784306778841  0.80736026902965796 0.99707328056922995  0.801447707308793 0.99810070967231401  0.79564088123258803 0.99888917980820602  0.78993322309352798 0.99945787812669695  0.78431866071682399 0.999823396586907  0.77879138590335095 1.00000000000333  0.77334556057901105 1 
 0 9 0.14506123586466901 7 0.27198254692851198 7 0.39378257970660202 7 0.50217447353361699 7 0.59943991359996995 7 0.70844687949943397 7 0.83552540292073696 7 1 9
1 0 1 0 -1 
1 0 1 1 0 
1 0 1 0 -1 
1 0 0 1 0 
6 0 1 0 0.065434290589018701  1 0.069135355097008702  
1 1 0 0 1 
7 0 0  8 163 24  1.05339040307151 0.21326881716384999  1.04735370488232 0.21045453516961801  1.04120758464109 0.20765701321646601  1.03494849794183 0.20487746067941101  1.02857277074006 0.202117093567863  1.02207657706083 0.19937713493763501  1.0154559167067101 0.19665881530294199  1.0087065929657799 0.19396337304841099  0.99563291234149398 0.18888898799947801  0.98933393926013202 0.18650544232751001  0.98292399430556199 0.18414230801957099  0.97639965661442396 0.18180048024492401  0.96975732611658905 0.179480863897478  0.96299318842178605 0.177184378345561  0.95610317970623804 0.17491196218169699  0.94587703540800805 0.17163826866805701  0.94264396843908305 0.17061718232729201  0.93938334050113304 0.16960141127345901  0.93609473054011605 0.16859105050822601  0.93277770663932102 0.167586197711559  0.92943182601936802 0.16658695324171699  0.92605663503821001 0.16559342013525899  0.91917044220186395 0.16359586616750901  0.91565820305212298 0.1625921128718  0.91211365508651299 0.16159468982573799  0.90854003062647104 0.160602954628252  0.90492679404529397 0.15961914611667399  0.90128829877110095 0.15864009896523501  0.89761412162936005 0.15766810653949201  0.88718446806014395 0.15495172632708101  0.88035207419521 0.15322251818026  0.87340601174521304 0.15151575759392599  0.86634253886344303 0.14983235753566501  0.85915783416791502 0.148173331219386  0.85184797701852499 0.14653979896945099  0.84440892779421395 0.144932995084813  0.82989383989116505 0.14190684673967199  0.82283921421448902 0.140483057475106  0.81566939118645299 0.139083947282544  0.808381218702379 0.137710682567113  0.80097163020106299 0.13636455839856301  0.79343764235929304 0.13504700114386001  0.78577635278635805 0.13375957109977299  0.77084022161179799 0.13135257630194699  0.76358626462794199 0.13022797747409201  0.75622087234611302 0.12913147096159799  0.74874212899779702 0.12806449512319101  0.741148416833037 0.12702861824116499  0.73343843548661503 0.12602553240593001  0.72561122134423195 0.12505704740055101  0.71033133417252003 0.123264701384442  0.70289626350743994 0.12243546837795601  0.69536049428998004 0.121638895079635  0.68772409326203798 0.12087660127906399  0.67998768706800705 0.120150301719778  0.67215250235047996 0.119461786782878  0.66422041340451798 0.118812899176108  0.65251087539258701 0.117926789346617  0.648807924520173 0.117656809444437  0.64508545046954702 0.11739577794676399  0.64134351680510904 0.117143739234327  0.637583135007595 0.116901231856431  0.63380370712293299 0.116667920738838  0.63000629640454398 0.116444332317689  0.62220932460012301 0.116007406716406  0.61820819950719996 0.115794961032229  0.61418833404090201 0.115593415154811  0.61015032316506901 0.115402978393567  0.60609482031365502 0.115223856484546  0.60202253908699399 0.11505625004692301  0.59793425494805696 0.11490035303948699  0.58608253519587905 0.114484442022665  0.57829337358219901 0.114255406794536  0.57045438662071202 0.114069719107665  0.56256507492832197 0.11392847806501  0.55463349256805705 0.113832998653342  0.54667641075830298 0.113784374020694  0.53871952791900601 0.11378300967549999  0.52273527104120898 0.11387405065261499  0.51469698407812803 0.113968191258474  0.50669201586397705 0.114110149325779  0.498728807233428 0.114299252762737  0.49081512193757099 0.114534592731056  0.48295807567515497 0.114815055563655  0.47516416137495399 0.115139353354016  0.45921295202357998 0.115896555825173  0.45106462435084399 0.116335157400957  0.44300098284842099 0.116820153635239  0.43502752137499101 0.117349689483004  0.42714863188463498 0.117921818769542  0.41936769108161898 0.118534557134966  0.411687134355818 0.11918592831725  0.40020611447703103 0.120228309482839  0.396330732313245 0.12059234796413799  0.39248257645165802 0.120965856520418  0.38866179918485799 0.121348575368387  0.384868501596483 0.12174024867218  0.38110273600387801 0.122140625576853  0.37736450840075503 0.122549461241881  0.36947212206695801 0.123436503491167  0.36532538569619699 0.123916938771977  0.36121345135583899 0.12440739649688801  0.35713665200872202 0.12490790748514  0.35309352376018299 0.125417280117541  0.34908588282026698 0.125936418310995  0.34511217112966802 0.12646426896395399  0.33288169016413699 0.12812992128492001  0.32474181789738998 0.12929729338982501  0.31675014102746002 0.130500321605104  0.30890343168654499 0.13173661377847801  0.30119808111288998 0.13300399287251599  0.293630148096993 0.13430050520965101  0.28619540090905699 0.135624424954706  0.27069933944896202 0.138487401793635  0.26267140636108 0.14003304179378701  0.25479922505001401 0.14160906044061  0.24707661105751 0.143213600358436  0.239497509144346 0.144845047383002  0.23205597857356799 0.14650201675374999  0.22474617839372599 0.14818333930612401  0.20956979075625501 0.151784667627377  0.201733587614602 0.15371013538399  0.194045762453359 0.15566312350303599  0.18649911200767499 0.15764246721098099  0.179087084453394 0.15964713123406099  0.171803680865216 0.161676182143834  0.16464338427126199 0.163728766205638  0.15014962352452199 0.16800001607217699  0.14283055416469201 0.170221319174999  0.13563813006264899 0.17246698666832999  0.12856758472834601 0.17473592936260601  0.121615010633016 0.177026954346612  0.114777238306531 0.17933874014315701  0.108051747242701 0.18166981692265599  0.097913708466343397 0.18526937338479299  0.094422511385562805 0.18652533620435299  0.0909589742931287 0.187785600704901  0.087535163523023193 0.18905151207530199  0.084129268778482494 0.19031999369204  0.080761720263942405 0.191593741910182  0.077424600314171907 0.19287133367475601  0.070640075927653506 0.19550119403765001  0.067196212138794703 0.196853776986565  0.063786484906527496 0.19821039490324699  0.060410571316304298 0.199570793279433  0.057068129928976502 0.200934729548508  0.053758802664929502 0.202301973361146  0.050482216688217701 0.203672306860948  0.0404853759051641 0.20790377041792901  0.033873045123454099 0.210774468367214  0.0273972877964744 0.213655861161264  0.021054177224914299 0.216546433764295  0.0148396272694469 0.21944492060999801  0.0087494406247897206 0.22235031237383199  0.0027793442576224199 0.22526186265903  -0.0097839828056362106 0.23152220754330599  -0.016313391737363299 0.23485905223428299  -0.022671447509200401 0.238188571651377  -0.0288665229495037 0.241510314864609  -0.034907061863240503 0.24482443193908099  -0.040801530281453703 0.24813167400384101  -0.046558388089551199 0.25143339848242202  -0.052186081034420698 0.25473157948504999 
 0 9 0.066923059445843994 7 0.127125765604818 7 0.154618437850395 7 0.18272686446224801 7 0.23369631176728001 7 0.28042694511397598 7 0.32327886685689 7 0.36283953707733602 7 0.38099294134736 7 0.39993965071731502 7 0.43571547909432901 7 0.47212651433746 7 0.51090101536935095 7 0.53086688822978301 7 0.55336664564469895 7 0.60071696627573701 7 0.65379624293616201 7 0.71285104565616797 7 0.77533751139635299 7 0.808614754942931 7 0.84362400337832 7 0.91649300021510904 7 1 9
1 1 0 0 1 
1 1 1 -1 0 
Curves 12
7 0 0  3 4 2  -0.021081090000000101 -0.40393289999999998 0  0.1216216 -0.222162 -0.063266290000000003  0.3162162 -0.066428820000000097 -0.0632662900000001  0.5627027 0.063266630000000004 0 
 0 4 1 4
7 0 0  3 4 2  0.5627027 0.063266630000000004 0  0.39837840000000002 0.26658500000000002 2.7755575615628901e-17  0.23405409999999999 0.46990330000000002 2.7755575615628901e-17  0.069729749999999896 0.67322159999999998 0 
 0 4 1 4
7 0 0  3 4 2  0.069729749999999896 0.67322159999999998 0  -0.1248649 0.51748839999999996 0  -0.31945950000000001 0.3617553 0  -0.51405409999999996 0.20602210000000001 0 
 0 4 1 4
7 1 0  8 163 24  -0.412666529050916 0.13736794552322901 -0.52175421357913698  1 -0.41204053204970198 0.13183288205097601 -0.51887586200259705  1 -0.41137666239140402 0.12622399736743001 -0.51602262567366097  1 -0.41067242710525897 0.120539603169175 -0.51319615971293198  1 -0.40992516232451998 0.11477798457171 -0.51039814941113404  1 -0.40913200960559398 0.10893739812304799 -0.50763030004359699  1 -0.40828989224717999 0.103016069817307 -0.50489432668473599  1 -0.40739549160940702 0.097012193108305306 -0.50219194402253398  1 -0.40559038032997802 0.085447038938696096 -0.497125594880517  1 -0.40469032664389498 0.079901857579371696 -0.49475489454538002  1 -0.40374244055284098 0.074286992599389701 -0.49241397527143399  1 -0.40274392610473703 0.068601030364402196 -0.49010405009595198  1 -0.40169178874380301 0.062842523060827202 -0.48782631766896301  1 -0.40058281083705399 0.057009977905170497 -0.48558195493255601  1 -0.39941352720080098 0.051101846353346997 -0.48337210980017797  1 -0.39761697937972401 0.042383200970076203 -0.48020499815550799  1 -0.39704040269483198 0.039633794335436803 -0.47921953491791103  1 -0.39645011603536101 0.036868142190609701 -0.478241611147524  1 -0.39584575231539498 0.034086092876939103 -0.47727133306932901  1 -0.39522693190020902 0.031287494292588203 -0.47630880610891502  1 -0.39459326260627198 0.0284721938925388 -0.47535413489247702  1 -0.39394433970124498 0.025640038688591899 -0.47440742324682  1 -0.39260026717561303 0.0198778989944127 -0.47250910219550801  1 -0.391904447408848 0.016947210560024101 -0.47155788609313498  1.00000000000005 -0.39119144451586502 0.0139983276649526 -0.47061504114189601  0.999999999999859 -0.39046275483301202 0.011032431400303 -0.469681594147073  1.0000000000001901 -0.38971258192432301 0.0080458598147175008 -0.46875517259109201  0.99999999999987599 -0.38894846617008599 0.0050434923158540401 -0.46783960153732101  1.00000000000003 -0.38816456261541898 0.0020218174821423599 -0.46693249944537601  1 -0.38590694542697501 -0.00653097100613845 -0.46440690345999902  1 -0.38438995774618101 -0.0121045383591264 -0.46280953527202401  1 -0.38280781980937501 -0.0177401081153373 -0.46124318898139299  1 -0.38115705904125102 -0.023438698247175399 -0.45970840753294201  1 -0.37943402300057699 -0.029201237722927698 -0.45820575027022797  1 -0.37763486796057999 -0.0350285731664325 -0.45673578985269903  1 -0.37575554748932699 -0.040921475516748601 -0.45529910917286098  1 -0.37199136722860598 -0.0523442304182727 -0.45261015048763997  1 -0.370120005176579 -0.057863398961069297 -0.451352501462567  0.999999999999999 -0.36817442741152501 -0.063438709988981296 -0.45012380324964701  0.999999999999999 -0.36615124163750101 -0.069070524608844802 -0.44892454790744502  1 -0.36404695210654597 -0.074759008584052697 -0.44775526485330402  1 -0.36185796100009798 -0.080504133557042001 -0.446616518214978  1 -0.35958056981041198 -0.086305678271781094 -0.44550890418225603  1 -0.35503807102853402 -0.097534595890735501 -0.443446490157684  1 -0.352787687555493 -0.102952921716238 -0.44248666200773001  1 -0.350456900824134 -0.10841790517531701 -0.44155404375197999  1 -0.34804277549731999 -0.11392893822990199 -0.44064916809110599  1 -0.34554239027656602 -0.119485102440004 -0.43977261681735902  1 -0.34295285779911 -0.125085164502411 -0.438925017048716  1 -0.34027134453497498 -0.13072757178938699 -0.43810703746303897  1 -0.33493206763681199 -0.14165684940385201 -0.436592227462553  1 -0.33228836705595899 -0.14693760206668899 -0.43589093727772898  0.999999999999995 -0.32956182828117098 -0.15225122091691101 -0.43521606961656001  1 -0.32675044060570502 -0.15759579564516699 -0.434568235575095  1.00000000000001 -0.32385237817750601 -0.16296898558803699 -0.43394809263683798  1 -0.32086604269720398 -0.168368013600765 -0.43335633653351502  0.999999999999996 -0.31779011391300199 -0.17378965880643801 -0.432793694036398  1 -0.313170577333577 -0.181726798926374 -0.43201643844474202  1 -0.31169848637845499 -0.18422732118739499 -0.43177825149229099  1.00000000000001 -0.31020727026690698 -0.18673137287024999 -0.431546427106905  0.99999999999997802 -0.30869673803376602 -0.18923893921687199 -0.43132104522132197  1.00000000000001 -0.30716715390577598 -0.19174862943719201 -0.43110217416476199  1.00000000000001 -0.30561804511936203 -0.194261410000414 -0.430889899117119  0.99999999999999301 -0.30404967623916301 -0.19677590970252901 -0.430684292212552  1 -0.30080488902812302 -0.20191789499305099 -0.43027788235462899  1 -0.299126751737679 -0.204545479889782 -0.43007768102677901  1 -0.297427578336105 -0.20717411961738699 -0.42988491625835201  1 -0.29570741602900602 -0.20980321923648901 -0.42969967644787899  1 -0.29396634550474698 -0.21243215160923601 -0.42952205001598598  1 -0.29220448343287903 -0.215060257795885 -0.42935212489260999  1 -0.290421984962554 -0.21768684745139399 -0.42918998800419  1 -0.28521467527004601 -0.225266590509904 -0.42874443959839198  1 -0.281743214792329 -0.23020557611532899 -0.42848172216772601  1 -0.27819987191150403 -0.235132881196779 -0.428247422155697  0.999999999999999 -0.274583212023711 -0.24004751874093999 -0.42804196866382299  0.999999999999998 -0.270895671036604 -0.24494309992850899 -0.42786610599797098  1 -0.267144117445199 -0.24980815832070299 -0.42772061722997501  1 -0.26334046424448498 -0.25462648786644299 -0.42760603553119803  1 -0.25559605029709798 -0.26421285665487598 -0.427437165052519  1 -0.25164815717061201 -0.26898578213697599 -0.42738385406361701  1.00000000000001 -0.24766355686584701 -0.27369087119505198 -0.42736226533014399  0.999999999999999 -0.243647125141502 -0.27832341984505199 -0.42737215478401902  0.999999999999995 -0.23960368459116399 -0.282879370461949 -0.42741320173715802  0.999999999999999 -0.23553798193404399 -0.287355266587346 -0.42748502593497201  1 -0.231454665953746 -0.29174821218309099 -0.42758719919653698  1 -0.222995966033049 -0.30064306931298401 -0.42785987570288803  1 -0.218618677604555 -0.305133703054147 -0.428034388823685  1 -0.21423164139589601 -0.30952510001266298 -0.42824223476984702  1 -0.209839700377113 -0.31381551998476398 -0.42848282336939297  0.999999999999997 -0.20544728315642399 -0.31800400682087099 -0.42875555325274001  1 -0.20105838879766399 -0.32209028906349901 -0.42905983085282601  1 -0.19667657319068199 -0.32607469350688001 -0.42939508566491602  1 -0.19005388201446499 -0.33195771146152198 -0.42994908700968099  1 -0.187805521182071 -0.33393056885705802 -0.430145464060672  1 -0.185560274073378 -0.33587676333104499 -0.43034984018259498  1 -0.183318532687232 -0.337796446739348 -0.43056214487995897  1 -0.181080661501893 -0.33968980087061701 -0.43078231019286201  1 -0.17884699755143499 -0.34155703498936701 -0.431010270991597  1 -0.17661785050213999 -0.34339838337905798 -0.43124596527125703  1 -0.17188686123848701 -0.34726025677521799 -0.43176358979396101  1 -0.16938630158645401 -0.34927386318722098 -0.43204759024469602  0.99999999999990197 -0.16689231116702799 -0.35125533062283398 -0.43234127110162002  1.00000000000032 -0.16440498916787499 -0.35320480666131798 -0.43264445924484701  0.99999999999956102 -0.16192521336780299 -0.35512342358003601 -0.432957325192524  1.00000000000031 -0.15945262967068699 -0.35701054256498599 -0.43327944026248  0.99999999999990496 -0.15698789601462801 -0.35886731619742701 -0.43361096489627599  1 -0.14936090710528399 -0.36453817104858899 -0.43466896028954299  1 -0.14422622059622001 -0.36824903689704303 -0.43542724447779002  1 -0.13912918608149899 -0.371831066884932 -0.43622603897755902  1 -0.134071522897309 -0.37528889798929899 -0.437064842483327  1 -0.129054561089919 -0.37862726726110701 -0.43794322036337202  1 -0.124079250901882 -0.381850966459511 -0.43886080328711102  1 -0.119146173295789 -0.38496480245320902 -0.43981729116286  1 -0.108773209198709 -0.39134635689865699 -0.44192804023155202  1 -0.103344455158957 -0.39458696553885497 -0.44309217805041501  1 -0.097969606175156404 -0.39770214569352103 -0.44430456072324997  1 -0.092648780805211495 -0.400698402184333 -0.44556491019962002  1 -0.0873818975915059 -0.40358199424183899 -0.44687298558856398  1 -0.082168673266302394 -0.40635894147669299 -0.44822858324919301  1 -0.077008620957145404 -0.40903502985089601 -0.44963153688128699  1 -0.066218478674387293 -0.414487143783628 -0.45269515590251402  1 -0.060601171455058403 -0.417240351587361 -0.45436696992720199  1 -0.055048142351778399 -0.419883124090775 -0.45609698600925402  1 -0.049558552333588801 -0.422422560165294 -0.457884973795599  0.999999999999996 -0.044131661048452502 -0.424865257070623 -0.45973062890456801  0.999999999999999 -0.038766792280962102 -0.42721737420296502 -0.46163356241043202  1 -0.033463311540376503 -0.42948467804401602 -0.46359329716869102  1 -0.022673267993684298 -0.43398759645238499 -0.46774239263908202  1 -0.0171941829664237 -0.436213627239878 -0.46993839901118201  1 -0.011782827547565201 -0.43835698999876699 -0.47219654248111997  1 -0.0064390619021692103 -0.44042342479149899 -0.474515811980603  0.999999999999999 -0.0011630701912766701 -0.44241817185121202 -0.47689490610360202  1 0.0040446936497907197 -0.44434603883992402 -0.47933221156682199  1 0.00918354503610949 -0.446211445931118 -0.48182578701740197  1 0.016952120309476099 -0.44898077025428301 -0.48573006112671901  1 0.019631951946464499 -0.44992627017368297 -0.487102019198771  0.99999999999995404 0.022291965875492301 -0.450857603585605 -0.48848968121319802  1.0000000000001501 0.024931445947616801 -0.451768835127419 -0.489889948074201  0.99999999999979206 0.0275512779058441 -0.45267194866430399 -0.49130719729917499  1.0000000000001401 0.030150667698084999 -0.45355643731315998 -0.49273658307805301  0.99999999999995803 0.032729742932475499 -0.45442695736281702 -0.49417932577199603  1 0.037981030614533597 -0.45618461808862798 -0.49716644722287001  1 0.040650897022393599 -0.45707021137350001 -0.49871209380168202  0.999999999999999 0.043298350385802098 -0.457940871194503 -0.500271497593332  1 0.045923384085706703 -0.45879717749664201 -0.50184421667436097  1 0.048526021789482399 -0.45963969574656699 -0.50342981523040498  1 0.051106315048980902 -0.46046897660047098 -0.50502786532293198  1 0.053664340898579202 -0.46128555557198297 -0.50663794865598299  1 0.06147838956743 -0.46376424204934502 -0.51163511949470797  1 0.066660461893468206 -0.46538572982239002 -0.51506089704494096  0.99999999999999301 0.071747496635956406 -0.46695916491569101 -0.51853342647087997  1 0.076740993998062501 -0.468488999450899 -0.52204936433624705  1.00000000000001 0.081642788657700693 -0.46997939608989803 -0.52560563760470003  1 0.086454979912592003 -0.47143424257287198 -0.52919948182843402  0.99999999999999201 0.091179877494196093 -0.47285717347937201 -0.53282846821190999  1 0.101137445661413 -0.47584959444273001 -0.54068718663322801  1 0.106321706327904 -0.47740359088503498 -0.54491004245769104  1 0.11137771419263599 -0.47891914836899602 -0.54915504538563098  0.999999999999999 0.116310818313606 -0.48040132509919897 -0.55341900827198798  0.999999999999996 0.121126642999161 -0.48185475205983602 -0.55769961875582796  1 0.125831009586477 -0.48328370823953298 -0.56199545227856496  1 0.13042988466351399 -0.48469219667623997 -0.56630597782971603  1 0.13492935473445 -0.48608402132221201 -0.57063155642016505  1
 0 9 0.066923059445843994 7 0.127125765604818 7 0.154618437850395 7 0.18272686446224801 7 0.23369631176728001 7 0.28042694511397598 7 0.32327886685689 7 0.36283953707733602 7 0.38099294134736 7 0.39993965071731502 7 0.43571547909432901 7 0.47212651433746 7 0.51090101536935095 7 0.53086688822978301 7 0.55336664564469895 7 0.60071696627573701 7 0.65379624293616201 7 0.71285104565616797 7 0.77533751139635299 7 0.808614754942931 7 0.84362400337832 7 0.91649300021510904 7 1 9
7 0 0  8 58 9  0.094353965661972294 -0.47381090142268401 -0.53533788312481301  0.091615801454038401 -0.47655737356322497 -0.53481808292558997  0.088858323317577606 -0.47928909951454302 -0.53440092470818501  0.086083370072748702 -0.48200453067138499 -0.53408661480715303  0.083292552637920597 -0.48470258288066298 -0.53387547522318501  0.080487232729851907 -0.48738262442108099 -0.53376807484344702  0.077668508038808606 -0.49004445835850002 -0.53376535029601802  0.074837185359824102 -0.49268831940204699 -0.53386875625554897  0.069505836248955399 -0.49761303648021699 -0.534265737072111  0.067008785892325895 -0.49989782295209101 -0.53453390450442195  0.064502805767845894 -0.50216980399864797 -0.53488644770140004  0.061988072144753797 -0.50442965050364297 -0.53532525918638696  0.059464683568705802 -0.50667818445584201 -0.53585274823380402  0.0569326365080721 -0.50891640278118899 -0.53647193389957304  0.054391776112223199 -0.51114552563784099 -0.53718661730497996  0.049394521939442201 -0.51549901265839904 -0.53878390194869896  0.046939326175943499 -0.51762356558711098 -0.53965841353766897  0.044475426133727 -0.51974240588521203 -0.54062962588837804  0.042002405247212403 -0.521857027855825 -0.54170276087125002  0.039520073719034203 -0.52396883929373195 -0.54288403563968302  0.037028423927585798 -0.52607923176832405 -0.54418081878275604  0.034527540935295503 -0.528189692797151 -0.54560202338957797  0.0297836275125128 -0.53218179385879005 -0.54854453862326202  0.027544544926940501 -0.53406134262773097 -0.55003635018390096  0.025298266621014299 -0.53594353440666198 -0.55164325828137895  0.023045214134672001 -0.537829397795761 -0.55337459202470096  0.020788086038829 -0.53971825158505804 -0.55523981641903097  0.0185318060792048 -0.54160779325796504 -0.55724808464442299  0.016283485493836701 -0.54349410780776897 -0.55940767255504498  0.0120503216864025 -0.54705625693958304 -0.56380362866425804  0.0100569383805019 -0.54873818420008602 -0.56601474304760702  0.0080919663117659107 -0.55040231686960805 -0.56834998762793698  0.0061739332899792701 -0.55203457855230698 -0.57079779258539898  0.0043197560920553001 -0.55362190992046401 -0.57334235541620204  0.0025443301388502 -0.55515235877970304 -0.57596303672454296  0.00086023389766403302 -0.55661516729584004 -0.57863387998042803  -0.0024959606944191201 -0.55955380749285999 -0.58433758816720405  -0.0041466759065692197 -0.56101392760797597 -0.58738306564846599  -0.0056748598807752296 -0.56238087865209196 -0.590442704186251  -0.0070850720483246702 -0.56365741484375698 -0.59350304668545395  -0.0083839582709257007 -0.56484788203912895 -0.59655432347093296  -0.0095791104110674406 -0.565957457201683 -0.59959039956205196  -0.0106784555947428 -0.56699175616223496 -0.60260871663811599  -0.0128686884377388 -0.56908106136166703 -0.60910948285239797  -0.0139269216187283 -0.570110083828546 -0.61258283621049903  -0.014876013472260601 -0.57105175048548995 -0.61602882276427096  -0.015725643854068001 -0.57191282232667096 -0.61944628177994998  -0.016484206295336101 -0.57269912324981398 -0.62283460915354505  -0.0171590783861157 -0.57341577432000801 -0.62619384318400795  -0.017756732792251099 -0.57406727794500101 -0.62952470170375696  -0.018963818972244299 -0.57542165881030305 -0.63710480555567095  -0.019524695413204101 -0.57608293714025005 -0.64133419522116797  -0.019977831741723701 -0.57665001785053305 -0.64551901551583302  -0.020333032707736998 -0.57712957989636704 -0.649660709294692  -0.020598514251135 -0.57752717863594705 -0.65376058658793601  -0.020781299283943601 -0.57784755250124697 -0.65782010114965295  -0.020887360028746201 -0.57809471316913896 -0.66184095593689096  -0.020921804144681099 -0.57827206785347496 -0.66582523828528095 
 0 9 0.14506123586466901 7 0.27198254692851198 7 0.39378257970660202 7 0.50217447353361699 7 0.59943991359996995 7 0.70844687949943397 7 0.83552540292073696 7 1 9
7 0 0  3 4 2  -0.02108109 -0.40393289999999998 -0.73162139999999998  -0.030810580000000001 -0.52073270000000005 -0.4877476  -0.017837849999999999 -0.30659960000000003 -0.2438738  -0.02108109 -0.40393289999999998 5.5511151231257802e-17 
 0 4 1 4
7 0 0  3 4 2  -0.0210810899999999 -0.40393289999999998 -0.73162139999999998  0.1216216 -0.222162 -0.79488769999999997  0.3162162 -0.06642882 -0.79488769999999997  0.5627027 0.063266630000000004 -0.73162139999999998 
 0 4 1 4
7 0 0  3 4 2  0.5627027 0.063266630000000004 -0.73162139999999998  0.5562163 0.063266630000000004 -0.39419939999999998  0.58864870000000002 0.063266630000000004 -0.2125107  0.5627027 0.063266630000000004 -1.6653345369377299e-16 
 0 4 1 4
7 0 0  9 10 2  -0.40661356865006498 0.092006274142310301 -0.499999999997847  -0.42605756657722799 0.082237204096900204 -0.50226677825413502  -0.44599349276636602 0.071363331786191697 -0.508146770886995  -0.46549747299373201 0.0596535027102068 -0.51827251323307799  -0.48331471829415301 0.047615436511623199 -0.53291740740642002  -0.49787107896871402 0.036018216401013999 -0.55188161685747905  -0.50792840027786501 0.025831767642097301 -0.57350858606666499  -0.51361354956361205 0.0174130289208984 -0.59609353973372503  -0.51540912962083296 0.010852827021501799 -0.61835606058186199  -0.51405410001999996 0.0060220999823768998 -0.639437046985184 
 0 10 1 10
7 1 0  8 163 24  -0.52519431212126999 0.051204833085033701 -0.66615916198662295  1 -0.52407999331773403 0.045969864644249799 -0.66289709177103595  1 -0.52290641892196899 0.040673957859810601 -0.65964047469991705  1 -0.52167113208955995 0.035315605098465597 -0.65639044192687002  1 -0.52037157761544495 0.0298932522924438 -0.65314817502099598  1 -0.51900509008099704 0.024405286432484401 -0.64991491086827502  1 -0.51756888200110496 0.0188500230608665 -0.64669194657293905  1 -0.51606003197125505 0.013225693764439 -0.643480644358845  1 -0.51305003365973101 0.00240708645452389 -0.63740538973523198  1 -0.51156332713391495 -0.0027736627520591199 -0.63453893823289298  1 -0.51001310271387401 -0.0080132202358479104 -0.63168410316575296  1 -0.50839701413214999 -0.013313056067162 -0.62884195070156601  1 -0.50671260096598403 -0.018674724081958399 -0.62601359898925601  1 -0.50495727022617498 -0.0240998818608994 -0.623200225174253  1 -0.50312827794593895 -0.029590310708421001 -0.62040307241382597  1 -0.50035249849595798 -0.037685927197808403 -0.61635409437744204  1 -0.499466318087887 -0.040237927199677503 -0.61508839244620495  1 -0.49856389346702101 -0.042804116132977098 -0.61382647719106598  1 -0.49764494104323398 -0.0453846790511509 -0.61256847991960295  1 -0.49670916971480999 -0.047979805565517501 -0.61131453715462103  1 -0.49575628086844298 -0.050589689845270201 -0.61006479063414998  1 -0.494785968379236 -0.053214530617476698 -0.60881938731144403  1 -0.49278773945607002 -0.058553659903672201 -0.60630977873851999  1 -0.49175905254219798 -0.061268549177844099 -0.60504579609303399  1.00000000000005 -0.490711286880741 -0.064000034612209794 -0.60378667993774504  0.999999999999859 -0.489645183728386 -0.066745432446799605 -0.60253257433177199  1.0000000000001901 -0.48855751152189902 -0.069512771353384295 -0.60128377060219196  0.99999999999987599 -0.48745215154872501 -0.072290654488275499 -0.600040201060414  1.00000000000003 -0.48632593728948298 -0.075087050518099704 -0.59880219589890504  1 -0.48310032412217002 -0.082999969209771304 -0.59533529190326295  1 -0.4809540450659 -0.088154709330274403 -0.59311952778641897  1 -0.47873819491846697 -0.093365662669253502 -0.59092372732014997  1 -0.47645033062483699 -0.098634536556528804 -0.58874917342608102  1 -0.474087908510061 -0.103963030919939 -0.58659729828281704  1 -0.47164827372080498 -0.10935284874868 -0.58446969306566399  1 -0.46912864966686602 -0.114805706556642 -0.58236811768635499  1 -0.46414004094754802 -0.1253821152555 -0.578393352471957  1 -0.46168432337354498 -0.130495228388052 -0.57651574634414005  0.999999999999999 -0.459156726979773 -0.13566404033229501 -0.57466318001394101  0.999999999999999 -0.456554973265759 -0.14088978793495499 -0.57283732128477904  1 -0.45387675426212298 -0.146173591008806 -0.57104002106874596  1 -0.45111973380120901 -0.151516454540889 -0.56927331655647595  1 -0.44828154878772303 -0.156919270900718 -0.56753943438701804  1 -0.44268058074777 -0.16739289037961599 -0.56428314292507697  1 -0.43993115943545003 -0.17245390346662401 -0.56275516624157296  1 -0.43710970047296299 -0.17756647761126901 -0.56125871999332  1 -0.43421442174505298 -0.182730993403251 -0.55979585017254396  1 -0.431243621260267 -0.187947587950478 -0.55836878283760505  1 -0.42819569333056801 -0.19321614710929999 -0.55697991441302996  1 -0.42506914475095398 -0.198536297714759 -0.55563180198954198  1 -0.41890235575734902 -0.208865973197982 -0.55312270907086902  1 -0.415874009226191 -0.21386783940745599 -0.55195534008854596  0.999999999999995 -0.41277650732172599 -0.21891248512978301 -0.55082717418673299  1 -0.40960898858442701 -0.22399902186083401 -0.54974048866983205  1.00000000000001 -0.40637082139698499 -0.22912617432944299 -0.54869768905668803  1 -0.40306163586663502 -0.234292265152139 -0.54770128164978604  0.999999999999996 -0.399681360351961 -0.239495195715 -0.54675384025403595  1 -0.39464664001862698 -0.24713565631076301 -0.54544687318735696  1 -0.393048118495333 -0.24954608907292 -0.54504663975073697  1.00000000000001 -0.39143475267708 -0.25196344281536498 -0.54465754273098799  0.99999999999997802 -0.38980647287389703 -0.25438757782614801 -0.54427972490501697  1.00000000000001 -0.38816368071534202 -0.25681779224371798 -0.543913732448016  1.00000000000001 -0.38650598383948398 -0.25925434178996298 -0.54355939350516502  0.99999999999999301 -0.38483380754089802 -0.26169649028212899 -0.54321724492442702  1 -0.38138686310237102 -0.26669841850477199 -0.54254324191612002  1 -0.37961081456725199 -0.26925866474457 -0.54221250383203601  1 -0.37781919805937902 -0.271824279385527 -0.54189552482955305  1 -0.37601219830438298 -0.27439479232728098 -0.54159259150722305  1 -0.37419003066267698 -0.27696969906458502 -0.54130398538477897  1 -0.37235294268323699 -0.27954846032411601 -0.54102998084436105  1 -0.37050121565738098 -0.28213050170128501 -0.54077084307174605  1 -0.36511162734536001 -0.28959575464322901 -0.54006606456421402  1 -0.36154301456386001 -0.29447751728717803 -0.53965999882150095  1 -0.35792498490468699 -0.29936572722995403 -0.53930912834598999  0.999999999999999 -0.35425683489257997 -0.30426010077898102 -0.53901486142745803  0.999999999999998 -0.35054180130142498 -0.30915499182346301 -0.53877898361021404  1 -0.34678739164401601 -0.31403952985655098 -0.53860309500547898  1 -0.34300574435051301 -0.31889774874426302 -0.53848801637485  1 -0.33535497008524001 -0.32860508323417897 -0.53837733767986096  1 -0.331479656839056 -0.333459896295004 -0.53838381198471297  1.00000000000001 -0.32759279897101101 -0.33826770062012701 -0.53845211357797096  0.999999999999999 -0.32369891149527802 -0.34302360832636503 -0.538581394688179  0.999999999999995 -0.31980229720936199 -0.34772325247614599 -0.53877048098833102  0.999999999999999 -0.31590704073436798 -0.35236275560271302 -0.53901791760741102  1 -0.31201700375242902 -0.356938702735276 -0.53932201325900697  1 -0.30400270886917602 -0.36625024447469001 -0.54006304616780798  1 -0.29987949492619798 -0.37097708742513402 -0.54050733823751396  1 -0.295770355235418 -0.37562529668074002 -0.54101150896656902  1 -0.29167894954615797 -0.38019232713103501 -0.541573098000528  0.999999999999997 -0.28760843949231402 -0.38467635459542199 -0.54218951720642306  1 -0.28356150456123003 -0.38907620074135901 -0.54285812318957205  1 -0.27954035627316098 -0.39339126797503998 -0.54357627948079201  1 -0.273490352124514 -0.399799718947422 -0.54473539068131505  1 -0.271441252013784 -0.40195546042841701 -0.54514182844781101  1 -0.269399686554113 -0.40408870242678202 -0.54556037042670902  1 -0.26736586418000602 -0.40619947083214297 -0.54599066906950799  1 -0.26533996617344602 -0.408287821765416 -0.546432381894846  1 -0.26332214739183502 -0.410353839599714 -0.54688517283730198  1 -0.26131253699595097 -0.41239763498124898 -0.54734871359619597  1 -0.25705595508708401 -0.41669762724752102 -0.548356808452511  1 -0.254811228303575 -0.41894786347241803 -0.54890418492506399  0.99999999999990197 -0.252577159824385 -0.42117027115067701 -0.54946429862337398  1.00000000000032 -0.25035415928112598 -0.42336487438285803 -0.55003694305116901  0.99999999999956102 -0.248141479842058 -0.42553253446703998 -0.55062112390180196  1.00000000000031 -0.245940454935653 -0.42767256543917698 -0.55121720244581396  0.99999999999990496 -0.24375029894445899 -0.42978589287103602 -0.55182429382300202  1 -0.23698563890659999 -0.43626409456957199 -0.553742493615481  1 -0.232449376484061 -0.440537739497876 -0.55509045313350802  1 -0.22796254241258401 -0.44469658144427698 -0.556482510807774  1 -0.22352485105988701 -0.44874384721981297 -0.55791539742566099  1 -0.21913572526932401 -0.45268291986473902 -0.55938613062607401  1 -0.21479431666537899 -0.45651730034186999 -0.56089202323200005  1 -0.21049952299887301 -0.46025057361284 -0.56243068633392801  1 -0.20148632892771601 -0.46796208381523602 -0.56575924380661702  1 -0.196779753244779 -0.47191513248040601 -0.56755693370600102  1 -0.19212838456798401 -0.47575066121001902 -0.56939014291550105  1 -0.18753027504484601 -0.47947362203947702 -0.571256264150236  1 -0.18298341768384099 -0.48308879170018598 -0.57315301610389802  1 -0.17848574415275301 -0.48660078039737098 -0.57507842280545196  1 -0.17403512257700601 -0.490014040587888 -0.57703079297583004  1 -0.16472759835301301 -0.497025336706371 -0.58120927332082095  1 -0.15988162282420701 -0.50060071957448704 -0.58344134098670697  1 -0.155088373800229 -0.50406498269365696 -0.58570294318940697  1 -0.15034508806167399 -0.50742355461879796 -0.58799235571582298  0.999999999999996 -0.14564924879316499 -0.51068142263358496 -0.59030804549107896  0.999999999999999 -0.14099855116903201 -0.51384320268887096 -0.59264863408846702  1 -0.13639087885259901 -0.51691319077443199 -0.59501286859091296  1 -0.12699234046357599 -0.52305089601918997 -0.59992502350034105  1 -0.12220656913912201 -0.52610799671294195 -0.60247553937521603  1 -0.117464838309363 -0.52907135176785103 -0.60504969608220904  1 -0.11276553897031701 -0.53194506999645896 -0.60764599683057197  0.999999999999999 -0.10810753618564301 -0.53473282225746099 -0.61026286409195996  1 -0.103490126266032 -0.53743792552396996 -0.61289861056180495  1 -0.098913007182701199 -0.54006340382385898 -0.61555141637527899  1 -0.091960213148849904 -0.54396929792850301 -0.61964010395462599  1 -0.089555910482038606 -0.54530463053451295 -0.62106521042719398  0.99999999999995404 -0.087160672230466502 -0.54661978802012201 -0.62249446616718496  1.0000000000001501 -0.0847833526292259 -0.54791072454351897 -0.62392689060579898  0.99999999999979206 -0.082408580673524301 -0.54918564521154201 -0.62536333762142504  1.0000000000001401 -0.080051148857653201 -0.55043742547480001 -0.62680260098157903  0.99999999999995803 -0.077705665739982097 -0.55166929886938898 -0.62824464247997203  1 -0.072918263946897793 -0.55415656888118703 -0.63120927673094496  1 -0.070477851930050003 -0.55540976747564097 -0.63273203535584799  0.999999999999999 -0.068051487091014704 -0.55664146094245504 -0.63425731734725899  1 -0.065639197800246504 -0.55785212728407096 -0.63578481831275002  1 -0.063240996626848595 -0.55904224649557999 -0.63731425039362699  1 -0.060856881115365601 -0.56021229914762305 -0.638845342252506  1 -0.058486834562576501 -0.56136276496930304 -0.64037783906088197  1 -0.051226981945068403 -0.56484895091528298 -0.64510370227159897  1 -0.046384033853086502 -0.56712095607494095 -0.64830090651246497  0.99999999999999301 -0.041601547787531799 -0.56931452506206204 -0.65150106886492798  1 -0.036878845116062001 -0.57143399227130898 -0.65470245426905505  1.00000000000001 -0.032215031912082602 -0.57348359915484004 -0.65790363320618495  1 -0.027609022480888201 -0.57546746747748001 -0.66110347653735302  0.99999999999999201 -0.0230595578046663 -0.57738958501222204 -0.66430115092332798  1 -0.013414760224259199 -0.58139017599237797 -0.67115750528773199  1 -0.0083578506039929199 -0.58344173592520998 -0.67480029899338401  1 -0.0033916699569601898 -0.585415226398732 -0.67842347832319605  0.999999999999999 0.00148700282310415 -0.58731704766305903 -0.68202668743910599  0.999999999999996 0.0062817448591472903 -0.58915325481473102 -0.68561020323404498  1 0.0109964535079716 -0.59092957236272903 -0.68917491385201701  1 0.015635319795562 -0.59265142584001196 -0.69272230477924202  1 0.0202028110705674 -0.59432399046059603 -0.69625445250634599  1
 0 9 0.066923059445843994 7 0.127125765604818 7 0.154618437850395 7 0.18272686446224801 7 0.23369631176728001 7 0.28042694511397598 7 0.32327886685689 7 0.36283953707733602 7 0.38099294134736 7 0.39993965071731502 7 0.43571547909432901 7 0.47212651433746 7 0.51090101536935095 7 0.53086688822978301 7 0.55336664564469895 7 0.60071696627573701 7 0.65379624293616201 7 0.71285104565616797 7 0.77533751139635299 7 0.808614754942931 7 0.84362400337832 7 0.91649300021510904 7 1 9
7 0 0  1 2 2  -0.51405409999999996 0.20602210000000001 5.5511151231257802e-17  -0.51405409999999996 0.20602210000000001 -0.73162139999999998 
 0 2 1 2
7 0 0  3 4 2  -0.51405409999999996 0.20602210000000001 -0.73162139999999998  -0.40378380000000003 -0.0383032599999997 -0.6715991  -0.23945939999999999 -0.24162159999999999 -0.6715991  -0.02108109 -0.40393289999999998 -0.73162139999999998 
 0 4 1 4
Polygon3D 0
PolygonOnTriangulations 0
Surfaces 4
8 0 0 3 3 -0.51405409999999996 0.20602210000000001 0  -0.31945950000000001 0.3617553 0  -0.1248649 0.51748839999999996 0  0.069729749999999993 0.67322159999999998 0  
-0.40378380000000003 -0.038303259999999999 0.060022300000000001  -0.1551351 0.16272020000000001 0.21575559999999999  0.039459470000000003 0.3184534 0.21575559999999999  0.23405409999999999 0.46990330000000002 0  
-0.23945939999999999 -0.24162159999999999 0.060022300000000001  0.0091891879999999992 -0.040598090000000003 0.21575559999999999  0.20378379999999999 0.1151351 0.21575559999999999  0.39837840000000002 0.26658500000000002 0  
-0.02108109 -0.40393289999999998 0  0.1216216 -0.222162 -0.063266290000000003  0.3162162 -0.06642882 -0.063266290000000003  0.5627027 0.063266630000000004 0  

8 0 0 3 3 0.5627027 0.063266630000000004 -0.73162139999999998  0.3162162 -0.06642882 -0.79488769999999997  0.1216216 -0.222162 -0.79488769999999997  -0.02108109 -0.40393289999999998 -0.73162139999999998  
0.5562163 0.063266630000000004 -0.39419939999999998  0.32696130000000001 -0.061096230000000001 -0.52492130000000004  0.1086486 -0.222162 -0.53046610000000005  -0.030810580000000001 -0.52073270000000005 -0.4877476  
0.58864870000000002 0.063266630000000004 -0.2125107  0.25219910000000001 -0.037332270000000001 -0.279833  0.1118917 -0.1378065 -0.26442169999999998  -0.017837849999999999 -0.30659960000000003 -0.2438738  
0.5627027 0.063266630000000004 0  0.3162162 -0.06642882 -0.063266290000000003  0.1216216 -0.222162 -0.063266290000000003  -0.02108109 -0.40393289999999998 0  

9 1 1 0 0 2 8 3 163 2 24 -0.412666529050916 0.13736794552322901 -0.52175421357913698  1 -0.41204053204970198 0.13183288205097601 -0.51887586200259705  1 -0.41137666239140402 0.12622399736743001 -0.51602262567366097  1 -0.41067242710525897 0.120539603169175 -0.51319615971293198  1 -0.40992516232451998 0.11477798457171 -0.51039814941113404  1 -0.40913200960559398 0.10893739812304799 -0.50763030004359699  1 -0.40828989224717999 0.103016069817307 -0.50489432668473599  1 -0.40739549160940702 0.097012193108305306 -0.50219194402253398  1 -0.40559038032997802 0.085447038938696096 -0.497125594880517  1 -0.40469032664389498 0.079901857579371696 -0.49475489454538002  1 -0.40374244055284098 0.074286992599389701 -0.49241397527143399  1 -0.40274392610473703 0.068601030364402196 -0.49010405009595198  1 -0.40169178874380301 0.062842523060827202 -0.48782631766896301  1 -0.40058281083705399 0.057009977905170497 -0.48558195493255601  1 -0.39941352720080098 0.051101846353346997 -0.48337210980017797  1 -0.39761697937972401 0.042383200970076203 -0.48020499815550799  1 -0.39704040269483198 0.039633794335436803 -0.47921953491791103  1 -0.39645011603536101 0.036868142190609701 -0.478241611147524  1 -0.39584575231539498 0.034086092876939103 -0.47727133306932901  1 -0.39522693190020902 0.031287494292588203 -0.47630880610891502  1 -0.39459326260627198 0.0284721938925388 -0.47535413489247702  1 -0.39394433970124498 0.025640038688591899 -0.47440742324682  1 -0.39260026717561303 0.0198778989944127 -0.47250910219550801  1 -0.391904447408848 0.016947210560024101 -0.47155788609313498  1.00000000000005 -0.39119144451586502 0.0139983276649526 -0.47061504114189601  0.999999999999859 -0.39046275483301202 0.011032431400303 -0.469681594147073  1.0000000000001901 -0.38971258192432301 0.0080458598147175008 -0.46875517259109201  0.99999999999987599 -0.38894846617008599 0.0050434923158540401 -0.46783960153732101  1.00000000000003 -0.38816456261541898 0.0020218174821423599 -0.46693249944537601  1 -0.38590694542697501 -0.00653097100613845 -0.46440690345999902  1 -0.38438995774618101 -0.0121045383591264 -0.46280953527202401  1 -0.38280781980937501 -0.0177401081153373 -0.46124318898139299  1 -0.38115705904125102 -0.023438698247175399 -0.45970840753294201  1 -0.37943402300057699 -0.029201237722927698 -0.45820575027022797  1 -0.37763486796057999 -0.0350285731664325 -0.45673578985269903  1 -0.37575554748932699 -0.040921475516748601 -0.45529910917286098  1 -0.37199136722860598 -0.0523442304182727 -0.45261015048763997  1 -0.370120005176579 -0.057863398961069297 -0.451352501462567  0.999999999999999 -0.36817442741152501 -0.063438709988981296 -0.45012380324964701  0.999999999999999 -0.36615124163750101 -0.069070524608844802 -0.44892454790744502  1 -0.36404695210654597 -0.074759008584052697 -0.44775526485330402  1 -0.36185796100009798 -0.080504133557042001 -0.446616518214978  1 -0.35958056981041198 -0.086305678271781094 -0.44550890418225603  1 -0.35503807102853402 -0.097534595890735501 -0.443446490157684  1 -0.352787687555493 -0.102952921716238 -0.44248666200773001  1 -0.350456900824134 -0.10841790517531701 -0.44155404375197999  1 -0.34804277549731999 -0.11392893822990199 -0.44064916809110599  1 -0.34554239027656602 -0.119485102440004 -0.43977261681735902  1 -0.34295285779911 -0.125085164502411 -0.438925017048716  1 -0.34027134453497498 -0.13072757178938699 -0.43810703746303897  1 -0.33493206763681199 -0.14165684940385201 -0.436592227462553  1 -0.33228836705595899 -0.14693760206668899 -0.43589093727772898  0.999999999999995 -0.32956182828117098 -0.15225122091691101 -0.43521606961656001  1 -0.32675044060570502 -0.15759579564516699 -0.434568235575095  1.00000000000001 -0.32385237817750601 -0.16296898558803699 -0.43394809263683798  1 -0.32086604269720398 -0.168368013600765 -0.43335633653351502  0.999999999999996 -0.31779011391300199 -0.17378965880643801 -0.432793694036398  1 -0.313170577333577 -0.181726798926374 -0.43201643844474202  1 -0.31169848637845499 -0.18422732118739499 -0.43177825149229099  1.00000000000001 -0.31020727026690698 -0.18673137287024999 -0.431546427106905  0.99999999999997802 -0.30869673803376602 -0.18923893921687199 -0.43132104522132197  1.00000000000001 -0.30716715390577598 -0.19174862943719201 -0.43110217416476199  1.00000000000001 -0.30561804511936203 -0.194261410000414 -0.430889899117119  0.99999999999999301 -0.30404967623916301 -0.19677590970252901 -0.430684292212552  1 -0.30080488902812302 -0.20191789499305099 -0.43027788235462899  1 -0.299126751737679 -0.204545479889782 -0.43007768102677901  1 -0.297427578336105 -0.20717411961738699 -0.42988491625835201  1 -0.29570741602900602 -0.20980321923648901 -0.42969967644787899  1 -0.29396634550474698 -0.21243215160923601 -0.42952205001598598  1 -0.29220448343287903 -0.215060257795885 -0.42935212489260999  1 -0.290421984962554 -0.21768684745139399 -0.42918998800419  1 -0.28521467527004601 -0.225266590509904 -0.42874443959839198  1 -0.281743214792329 -0.23020557611532899 -0.42848172216772601  1 -0.27819987191150403 -0.235132881196779 -0.428247422155697  0.999999999999999 -0.274583212023711 -0.24004751874093999 -0.42804196866382299  0.999999999999998 -0.270895671036604 -0.24494309992850899 -0.42786610599797098  1 -0.267144117445199 -0.24980815832070299 -0.42772061722997501  1 -0.26334046424448498 -0.25462648786644299 -0.42760603553119803  1 -0.25559605029709798 -0.26421285665487598 -0.427437165052519  1 -0.25164815717061201 -0.26898578213697599 -0.42738385406361701  1.00000000000001 -0.24766355686584701 -0.27369087119505198 -0.42736226533014399  0.999999999999999 -0.243647125141502 -0.27832341984505199 -0.42737215478401902  0.999999999999995 -0.23960368459116399 -0.282879370461949 -0.42741320173715802  0.999999999999999 -0.23553798193404399 -0.287355266587346 -0.42748502593497201  1 -0.231454665953746 -0.29174821218309099 -0.42758719919653698  1 -0.222995966033049 -0.30064306931298401 -0.42785987570288803  1 -0.218618677604555 -0.305133703054147 -0.428034388823685  1 -0.21423164139589601 -0.30952510001266298 -0.42824223476984702  1 -0.209839700377113 -0.31381551998476398 -0.42848282336939297  0.999999999999997 -0.20544728315642399 -0.31800400682087099 -0.42875555325274001  1 -0.20105838879766399 -0.32209028906349901 -0.42905983085282601  1 -0.19667657319068199 -0.32607469350688001 -0.42939508566491602  1 -0.19005388201446499 -0.33195771146152198 -0.42994908700968099  1 -0.187805521182071 -0.33393056885705802 -0.430145464060672  1 -0.185560274073378 -0.33587676333104499 -0.43034984018259498  1 -0.183318532687232 -0.337796446739348 -0.43056214487995897  1 -0.181080661501893 -0.33968980087061701 -0.43078231019286201  1 -0.17884699755143499 -0.34155703498936701 -0.431010270991597  1 -0.17661785050213999 -0.34339838337905798 -0.43124596527125703  1 -0.17188686123848701 -0.34726025677521799 -0.43176358979396101  1 -0.16938630158645401 -0.34927386318722098 -0.43204759024469602  0.99999999999990197 -0.16689231116702799 -0.35125533062283398 -0.43234127110162002  1.00000000000032 -0.16440498916787499 -0.35320480666131798 -0.43264445924484701  0.99999999999956102 -0.16192521336780299 -0.35512342358003601 -0.432957325192524  1.00000000000031 -0.15945262967068699 -0.35701054256498599 -0.43327944026248  0.99999999999990496 -0.15698789601462801 -0.35886731619742701 -0.43361096489627599  1 -0.14936090710528399 -0.36453817104858899 -0.43466896028954299  1 -0.14422622059622001 -0.36824903689704303 -0.43542724447779002  1 -0.13912918608149899 -0.371831066884932 -0.43622603897755902  1 -0.134071522897309 -0.37528889798929899 -0.437064842483327  1 -0.129054561089919 -0.37862726726110701 -0.43794322036337202  1 -0.124079250901882 -0.381850966459511 -0.43886080328711102  1 -0.119146173295789 -0.38496480245320902 -0.43981729116286  1 -0.108773209198709 -0.39134635689865699 -0.44192804023155202  1 -0.103344455158957 -0.39458696553885497 -0.44309217805041501  1 -0.097969606175156404 -0.39770214569352103 -0.44430456072324997  1 -0.092648780805211495 -0.400698402184333 -0.44556491019962002  1 -0.0873818975915059 -0.40358199424183899 -0.44687298558856398  1 -0.082168673266302394 -0.40635894147669299 -0.44822858324919301  1 -0.077008620957145404 -0.40903502985089601 -0.44963153688128699  1 -0.066218478674387293 -0.414487143783628 -0.45269515590251402  1 -0.060601171455058403 -0.417240351587361 -0.45436696992720199  1 -0.055048142351778399 -0.419883124090775 -0.45609698600925402  1 -0.049558552333588801 -0.422422560165294 -0.457884973795599  0.999999999999996 -0.044131661048452502 -0.424865257070623 -0.45973062890456801  0.999999999999999 -0.038766792280962102 -0.42721737420296502 -0.46163356241043202  1 -0.033463311540376503 -0.42948467804401602 -0.46359329716869102  1 -0.022673267993684298 -0.43398759645238499 -0.46774239263908202  1 -0.0171941829664237 -0.436213627239878 -0.46993839901118201  1 -0.011782827547565201 -0.43835698999876699 -0.47219654248111997  1 -0.0064390619021692103 -0.44042342479149899 -0.474515811980603  0.999999999999999 -0.0011630701912766701 -0.44241817185121202 -0.47689490610360202  1 0.0040446936497907197 -0.44434603883992402 -0.47933221156682199  1 0.00918354503610949 -0.446211445931118 -0.48182578701740197  1 0.016952120309476099 -0.44898077025428301 -0.48573006112671901  1 0.019631951946464499 -0.44992627017368297 -0.487102019198771  0.99999999999995404 0.022291965875492301 -0.450857603585605 -0.48848968121319802  1.0000000000001501 0.024931445947616801 -0.451768835127419 -0.489889948074201  0.99999999999979206 0.0275512779058441 -0.45267194866430399 -0.49130719729917499  1.0000000000001401 0.030150667698084999 -0.45355643731315998 -0.49273658307805301  0.99999999999995803 0.032729742932475499 -0.45442695736281702 -0.49417932577199603  1 0.037981030614533597 -0.45618461808862798 -0.49716644722287001  1 0.040650897022393599 -0.45707021137350001 -0.49871209380168202  0.999999999999999 0.043298350385802098 -0.457940871194503 -0.500271497593332  1 0.045923384085706703 -0.45879717749664201 -0.50184421667436097  1 0.048526021789482399 -0.45963969574656699 -0.50342981523040498  1 0.051106315048980902 -0.46046897660047098 -0.50502786532293198  1 0.053664340898579202 -0.46128555557198297 -0.50663794865598299  1 0.06147838956743 -0.46376424204934502 -0.51163511949470797  1 0.066660461893468206 -0.46538572982239002 -0.51506089704494096  0.99999999999999301 0.071747496635956406 -0.46695916491569101 -0.51853342647087997  1 0.076740993998062501 -0.468488999450899 -0.52204936433624705  1.00000000000001 0.081642788657700693 -0.46997939608989803 -0.52560563760470003  1 0.086454979912592003 -0.47143424257287198 -0.52919948182843402  0.99999999999999201 0.091179877494196093 -0.47285717347937201 -0.53282846821190999  1 0.101137445661413 -0.47584959444273001 -0.54068718663322801  1 0.106321706327904 -0.47740359088503498 -0.54491004245769104  1 0.11137771419263599 -0.47891914836899602 -0.54915504538563098  0.999999999999999 0.116310818313606 -0.48040132509919897 -0.55341900827198798  0.999999999999996 0.121126642999161 -0.48185475205983602 -0.55769961875582796  1 0.125831009586477 -0.48328370823953298 -0.56199545227856496  1 0.13042988466351399 -0.48469219667623997 -0.56630597782971603  1 0.13492935473445 -0.48608402132221201 -0.57063155642016505  1 
-0.53648698542661399 0.079694914067570802 -0.53260673064844599  0.73832112079941603 -0.53498393801951605 0.074347781225145404 -0.53014927246217103  0.74037108340626101 -0.53340465000707704 0.068923272801108104 -0.52772393378665305  0.74250200089750396 -0.53174672835722803 0.063419017597203295 -0.52533118752534003  0.74471297916522405 -0.530007708764619 0.057832601828004697 -0.52297148247224901  0.74700277465209297 -0.52818504822627699 0.052161579631088702 -0.52064524614376495  0.74936975953489604 -0.52627611668339302 0.046403481174365102 -0.51835288720286299  0.75181188690805201 -0.524278187633482 0.040555818265508498 -0.51609479751786302  0.754326655967127 -0.52032067513358204 0.029307369157603701 -0.51188411982155102  0.75923597316844404 -0.51838007712086098 0.023926557678837501 -0.50992510545632797  0.761617235488386 -0.51636460965623299 0.0184717630738633 -0.50799449888064097  0.76405271200505398 -0.51427217128512503 0.0129410658604467 -0.50609247458303697  0.76653993165836498 -0.51210056597979303 0.0073325111378696097 -0.50421919818653904  0.76907609362477702 -0.509847485710335 0.00164410185300484 -0.50237483112422099  0.77165805646678798 -0.50751049258510095 -0.00412620889698835 -0.50055953527140595  0.77428232728243496 -0.50398578477314004 -0.012640682472644301 -0.49796190694891501  0.77816103251286795 -0.50286676615455606 -0.015318044339830399 -0.49715641631275198  0.77938503062088904 -0.50172970066425504 -0.018012818340317802 -0.49635701670698401  0.78061667746578001 -0.50057433797907702 -0.020725210759112801 -0.49556372075952798  0.78185558808612299 -0.49940042130795798 -0.023455428344349102 -0.49477654257961401  0.78310136027215804 -0.49820768724457198 -0.026203678674146899 -0.49399549768892698  0.78435357456578503 -0.49699586561339498 -0.028970170527923399 -0.49322060295539299  0.78561179426056404 -0.49450999995492101 -0.034593199280831301 -0.49166848154554099  0.78816764127043404 -0.49323532465766501 -0.037450188539131402 -0.49089156705579101  0.78946556421429703 -0.49193945930667399 -0.040328403611967101 -0.49012049563029503  0.79076799563992095 -0.490626426055978 -0.043217774505015502 -0.48935860976350398  0.79207900575207302 -0.489284368027331 -0.0461463740139747 -0.48859679128097899  0.79338532734080902 -0.48793016398515099 -0.049072526679341498 -0.48784900603638498  0.79470609559739602 -0.48655227501737902 -0.052024095443026497 -0.48710595446280902  0.79602757112873401 -0.48263059165757699 -0.060349159685914498 -0.48504371172176403  0.799757910056622 -0.480039409194714 -0.065763934540369301 -0.48374077473583499  0.80217481916572198 -0.47737855270713297 -0.071238409973393799 -0.48246168892994801  0.80460028893786495 -0.474645936563725 -0.076774435660552295 -0.481206303186481  0.80703010906981998 -0.47183938022816002 -0.082373810465917296 -0.47997453727681799  0.80945983612619499 -0.46895659941825601 -0.088038284004053197 -0.47876638905393798  0.81188480295904197 -0.465995197060596 -0.093769558246783499 -0.47758194169606499  0.814300128127454 -0.46017881524420801 -0.104856812886526 -0.475363296919324  0.81890167967350302 -0.45733733589848502 -0.11020161461762699 -0.47432499270234402  0.82109020560412205 -0.45442620219848501 -0.115605133507721 -0.47330656257933501  0.82326239150734903 -0.45144337548714403 -0.121068649493558 -0.47230820595178602  0.82541412083392196 -0.44838679684865801 -0.12659327775392001 -0.47133021937050501  0.82754108313437003 -0.44525439142004702 -0.13217996308690799 -0.47037299868404697  0.829638785106393 -0.44204407240805998 -0.13782947416969299 -0.469437041381292  0.831702561642229 -0.43575053675560799 -0.14875680183027101 -0.46768862212989898  0.83558453202382998 -0.43268019779795802 -0.154024861270356 -0.46687237857804698  0.83740884450399 -0.42954101599355998 -0.159347203036875 -0.46607465829068501  0.83919681198845497 -0.42633135313628101 -0.164724175158842 -0.46529600370968  0.84094454676527897 -0.423049665261375 -0.17015583412990501 -0.46453705392495798  0.84264800232597703 -0.41969452297439902 -0.175641931894334 -0.46379853903097501  0.84430298995288 -0.41626463167807598 -0.181181902244656 -0.46308127483040101  0.845905195306485 -0.40953366290209497 -0.19192015005128499 -0.46174667580504503  0.84887653066792801 -0.40624352375575101 -0.19711144247471299 -0.46112579343776  0.85025407252464102 -0.40288743243964897 -0.202348171217416 -0.46052420557978002  0.85157934266707902 -0.39946460646551801 -0.20762936916160399 -0.45994268770695901  0.85284873333660305 -0.39597451461824501 -0.21295363625583 -0.45938208487378301  0.85405853386283603 -0.39241691323139299 -0.218319120917777 -0.45884329773198101  0.85520496215934005 -0.38879188708780199 -0.22372350092767601 -0.45832726569657001  0.85628420078392897 -0.38340863743486903 -0.23165617494487301 -0.45760942203349098  0.85775509225982804 -0.38170319012408899 -0.23415616141547299 -0.45738885430780102  0.85820279943156097 -0.37998326073392402 -0.23666414629930599 -0.457173289739365  0.85863510969934098 -0.37825028435880398 -0.239177786987507 -0.45696303121967502  0.859052019476364 -0.376501071409929 -0.241701660507503 -0.45675766105048898  0.85945222353837403 -0.374740245576274 -0.24422860810828401 -0.45655800909838101  0.85983671958066199 -0.37296512382333002 -0.246762520611638 -0.456363691745928  0.86020423660220502 -0.36931183331268402 -0.25194944689025001 -0.45597812971115298  0.86092046839556802 -0.367432202258686 -0.25460336068226103 -0.45578733172635799  0.86126761532652996 -0.36553805404718398 -0.25726289978429201 -0.45560265997347998  0.86159571067334195 -0.363629589778866 -0.25992757868584498 -0.45542421489739698  0.86190433486623796 -0.36170704354601801 -0.26259687483627597 -0.45525209528985899  0.86219307631422604 -0.35977068398248702 -0.26527022850349602 -0.455086397381678  0.86246153386341795 -0.35782081586002801 -0.26794704256859703 -0.45492721393867303  0.86270931925535699 -0.35215392475138302 -0.27568263213833299 -0.45448674399975197  0.86336419847604395 -0.34840849496193299 -0.28074140466277497 -0.45422277486547802  0.86371657447051997 -0.34461689442503102 -0.28580843360218 -0.453982642286969  0.86399194974211002 -0.34077837802248301 -0.290883497294807 -0.453766760392047  0.86418805254382303 -0.33689637235053499 -0.295960795909889 -0.45357580081436499  0.86430227911899005 -0.33297878217386301 -0.30102906781156102 -0.45341045032039701  0.86433246863046098 -0.32903828851598899 -0.30607174166624301 -0.453271165558772  0.86427775110837302 -0.32107564309679698 -0.31615283757624901 -0.45304263461168298  0.86399873048819098 -0.31704563918857998 -0.32119923559605101 -0.45295411950594799  0.86377122002631801 -0.31300747329668199 -0.32620063813400901 -0.45289213505618497  0.86345740381465297 -0.30896578188290702 -0.33115193732943199 -0.45285628494651697  0.86305824270354004 -0.304924977490733 -0.33604857210335498 -0.45284604587116201  0.86257514301537297 -0.300889233325144 -0.34088650502177498 -0.45286079214029601  0.86200991256842396 -0.29686246992079202 -0.34566219878007298 -0.45289981929191397  0.86136472131899899 -0.28856624006572301 -0.35539744523202399 -0.45302908988923402  0.85987250390255099 -0.28429665891900602 -0.36035016808673898 -0.45312260781081298  0.85901506809587402 -0.280043913834435 -0.36522711651806999 -0.45324203461444301  0.85807272426322401 -0.275811768654804 -0.37002549790050898 -0.453386418289844  0.85704878781153704 -0.27160344497720201 -0.37474328827333298 -0.45355478204836402  0.85594683983771203 -0.26742163205458103 -0.37937915609498002 -0.45374615922007899  0.85477064910401401 -0.26326849976180799 -0.38393239196048301 -0.45395962182507299  0.85352410064455198 -0.25701784055171401 -0.39071015799237502 -0.45431542771849098  0.85153505305885102 -0.25489777847150102 -0.39299571519869297 -0.454442220004658  0.85084136232688201 -0.25278576837495698 -0.39525947799365002 -0.45457456224492099  0.85013059500932098 -0.25068201849737498 -0.39750144398794701 -0.45471234104770297  0.84940329189885899 -0.248586706563409 -0.39972164351371697 -0.45485544765872599  0.84865999659054603 -0.24649998060804301 -0.40192013742518601 -0.45500377853332702  0.84790125369386804 -0.244421959764586 -0.404097014924585 -0.45515723591627399  0.84712760704481005 -0.24001628071671699 -0.40868612350511802 -0.45549468942232602  0.84545158193588399 -0.23769088717418199 -0.41109260888883398 -0.45568007439600799  0.84454529549424295 -0.23537619487204101 -0.41347246626297601 -0.455871861227858  0.843621800917017 -0.23307464046558701 -0.41582367439986501 -0.45606945397540499  0.84268065995459995 -0.23078035296760799 -0.418152116610714 -0.456273908671745  0.84172557521658498 -0.22850197804568101 -0.420449766854601 -0.45648348145580803  0.84075323016215797 -0.22623403214524401 -0.42272220927306198 -0.45669909300224298  0.83976690826451394 -0.21921361921500099 -0.42971166549309803 -0.45738759655635203  0.836661169404606 -0.21450141252955501 -0.43433837688171301 -0.45788021434486598  0.83449405870031401 -0.209841730636461 -0.43885066539969098 -0.45839728822843201  0.83227190892950997 -0.205234192614098 -0.443251339103929 -0.45893812827693897  0.83000137192174805 -0.200678044955938 -0.44754339792583903 -0.45950223287005199  0.82768896340920395 -0.19617219135822 -0.45172998707443801 -0.46008928654586001  0.82534101899341605 -0.19171522169330801 -0.45581435525870201 -0.46069915615665702  0.82296365617608502 -0.18233133754047701 -0.46429530119192602 -0.46204558496593401  0.81787134011501095 -0.17741660711288801 -0.46866554697096502 -0.46278846433366  0.81515045937437403 -0.172559120104991 -0.47291500867635899 -0.46356055972448101  0.81240837775286301 -0.167756597563476 -0.47704798599690201 -0.46436213640514601  0.80965315684933703 -0.16300662166173399 -0.481068627658159 -0.46519367124618399  0.80689261363579901 -0.158306646489626 -0.48498093422239003 -0.46605583537409001  0.80413429175251105 -0.153654008769149 -0.48878876045217001 -0.466949476705879  0.80138543280311103 -0.14388190596655101 -0.49665012936951097 -0.46891346474964801  0.79561284646860098 -0.13877433452398799 -0.50067749453088795 -0.46999202519861499  0.79259317623548997 -0.133719646231236 -0.50458290043978504 -0.47111262509225699  0.78960344392144799 -0.12871448699903401 -0.50837081001900197 -0.472276772624031  0.78665290698030099 -0.12375568977255599 -0.51204525510627996 -0.47348610105532501  0.78375052053574001 -0.118840251036405 -0.51560991127528599 -0.47474233078161698  0.78090488427431703 -0.11396532100213901 -0.519068153249161 -0.47604723536968602  0.77812418904435299 -0.10397308665211 -0.52599859220507905 -0.478847095165641  0.77255077442338904 -0.098862950391309198 -0.52945535133559196 -0.48034833446562297  0.76976685442187398 -0.093795056842366095 -0.53279687923474095 -0.48190827643787398  0.76707364526913402 -0.088767173376091704 -0.53602617774016603 -0.48352877176633102  0.76447999183911297 -0.083777529294696507 -0.53914587364720701 -0.48521150769660298  0.76199420359105097 -0.078824790179592805 -0.54215832799336205 -0.48695793748743899  0.75962391994889 -0.073908054876599696 -0.54506571878524601 -0.48876920711132199  0.75737597923578004 -0.066416200165629893 -0.54937000384621604 -0.49164991610960501  0.75412744869545201 -0.063817257819033996 -0.55083953961079002 -0.49267174204879899  0.75303397309608999 -0.0612232669563516 -0.55228292177552596 -0.49371547850108199  0.75198345116434695 -0.058655581162589399 -0.55368806267065196 -0.494769154620604  0.75095621481703301 -0.056076814689416797 -0.55507706233716503 -0.49585377025829902  0.74998871869819905 -0.053523222811399901 -0.55642896437238298 -0.496949110482586  0.74904668567239296 -0.050981184621163501 -0.55775232041764899 -0.49806254442287001  0.74814350624682902 -0.045785757048835397 -0.56041110176511999 -0.50038520462406799  0.74636626779357795 -0.043134566639393697 -0.56174290147503003 -0.50159601908523399  0.74549627792170503 -0.040498848275649098 -0.56304231992773501 -0.50282536820402801  0.74466782611452298 -0.037878556888428797 -0.56430988764604395 -0.50407312511242897  0.74388117919905306 -0.035273630719647599 -0.56554615497729499 -0.50533915090081205  0.74313650707585199 -0.032683993605663701 -0.56675168915324503 -0.50662329557483698  0.74243388891561002 -0.0301095574463505 -0.56792707119535502 -0.50792539899867495  0.74177331935573398 -0.022209450857614398 -0.57146397447195796 -0.51199962288314804  0.73986713775831403 -0.016938359369705398 -0.57372459737987702 -0.51482938270755096  0.73876138582121897 -0.0117357408287575 -0.57586050123413901 -0.51773295284591603  0.73783665802034304 -0.00660014925764278 -0.57787761551962102 -0.52070859909120804  0.73709071665027004 -0.0015299859899501199 -0.57978195370454499 -0.52375451256722205  0.73652016566471101 0.0034764416519887402 -0.58157953018950603 -0.52686885457501698  0.736120707119019 0.0084208888594506492 -0.58327630202492697 -0.53004980500293297  0.73588737555600603 0.018903685467330698 -0.58671420997956902 -0.53701606068214602  0.73573152269951303 0.024394149181512802 -0.58841604517869905 -0.54080243899445801  0.73585969065365497 0.0297808059232526 -0.589994710181864 -0.54465069722083403  0.73618806175558005 0.035068061607324501 -0.59146079585841305 -0.54855715046283904  0.73670487007952801 0.040260451622048998 -0.59282433655626998 -0.55251859443338203  0.73739829104069798 0.045362629186279098 -0.59409477191450999 -0.55653241085288796  0.73825683185018098 0.0503793819387192 -0.59528095303728601 -0.560596668402631  0.73926959760002298 0.0553156832793874 -0.59639119455864198 -0.56471022341598798  0.74042643297841104 
-0.52519431212126999 0.051204833085033701 -0.66615916198662295  1 -0.52407999331773403 0.045969864644249799 -0.66289709177103595  1 -0.52290641892196899 0.040673957859810601 -0.65964047469991705  1 -0.52167113208955995 0.035315605098465597 -0.65639044192687002  1 -0.52037157761544495 0.0298932522924438 -0.65314817502099598  1 -0.51900509008099704 0.024405286432484401 -0.64991491086827502  1 -0.51756888200110496 0.0188500230608665 -0.64669194657293905  1 -0.51606003197125505 0.013225693764439 -0.643480644358845  1 -0.51305003365973101 0.00240708645452389 -0.63740538973523198  1 -0.51156332713391495 -0.0027736627520591199 -0.63453893823289298  1 -0.51001310271387401 -0.0080132202358479104 -0.63168410316575296  1 -0.50839701413214999 -0.013313056067162 -0.62884195070156601  1 -0.50671260096598403 -0.018674724081958399 -0.62601359898925601  1 -0.50495727022617498 -0.0240998818608994 -0.623200225174253  1 -0.50312827794593895 -0.029590310708421001 -0.62040307241382597  1 -0.50035249849595798 -0.037685927197808403 -0.61635409437744204  1 -0.499466318087887 -0.040237927199677503 -0.61508839244620495  1 -0.49856389346702101 -0.042804116132977098 -0.61382647719106598  1 -0.49764494104323398 -0.0453846790511509 -0.61256847991960295  1 -0.49670916971480999 -0.047979805565517501 -0.61131453715462103  1 -0.49575628086844298 -0.050589689845270201 -0.61006479063414998  1 -0.494785968379236 -0.053214530617476698 -0.60881938731144403  1 -0.49278773945607002 -0.058553659903672201 -0.60630977873851999  1 -0.49175905254219798 -0.061268549177844099 -0.60504579609303399  1.00000000000005 -0.490711286880741 -0.064000034612209794 -0.60378667993774504  0.999999999999859 -0.489645183728386 -0.066745432446799605 -0.60253257433177199  1.0000000000001901 -0.48855751152189902 -0.069512771353384295 -0.60128377060219196  0.99999999999987599 -0.48745215154872501 -0.072290654488275499 -0.600040201060414  1.00000000000003 -0.48632593728948298 -0.075087050518099704 -0.59880219589890504  1 -0.48310032412217002 -0.082999969209771304 -0.59533529190326295  1 -0.4809540450659 -0.088154709330274403 -0.59311952778641897  1 -0.47873819491846697 -0.093365662669253502 -0.59092372732014997  1 -0.47645033062483699 -0.098634536556528804 -0.58874917342608102  1 -0.474087908510061 -0.103963030919939 -0.58659729828281704  1 -0.47164827372080498 -0.10935284874868 -0.58446969306566399  1 -0.46912864966686602 -0.114805706556642 -0.58236811768635499  1 -0.46414004094754802 -0.1253821152555 -0.578393352471957  1 -0.46168432337354498 -0.130495228388052 -0.57651574634414005  0.999999999999999 -0.459156726979773 -0.13566404033229501 -0.57466318001394101  0.999999999999999 -0.456554973265759 -0.14088978793495499 -0.57283732128477904  1 -0.45387675426212298 -0.146173591008806 -0.57104002106874596  1 -0.45111973380120901 -0.151516454540889 -0.56927331655647595  1 -0.44828154878772303 -0.156919270900718 -0.56753943438701804  1 -0.44268058074777 -0.16739289037961599 -0.56428314292507697  1 -0.43993115943545003 -0.17245390346662401 -0.56275516624157296  1 -0.43710970047296299 -0.17756647761126901 -0.56125871999332  1 -0.43421442174505298 -0.182730993403251 -0.55979585017254396  1 -0.431243621260267 -0.187947587950478 -0.55836878283760505  1 -0.42819569333056801 -0.19321614710929999 -0.55697991441302996  1 -0.42506914475095398 -0.198536297714759 -0.55563180198954198  1 -0.41890235575734902 -0.208865973197982 -0.55312270907086902  1 -0.415874009226191 -0.21386783940745599 -0.55195534008854596  0.999999999999995 -0.41277650732172599 -0.21891248512978301 -0.55082717418673299  1 -0.40960898858442701 -0.22399902186083401 -0.54974048866983205  1.00000000000001 -0.40637082139698499 -0.22912617432944299 -0.54869768905668803  1 -0.40306163586663502 -0.234292265152139 -0.54770128164978604  0.999999999999996 -0.399681360351961 -0.239495195715 -0.54675384025403595  1 -0.39464664001862698 -0.24713565631076301 -0.54544687318735696  1 -0.393048118495333 -0.24954608907292 -0.54504663975073697  1.00000000000001 -0.39143475267708 -0.25196344281536498 -0.54465754273098799  0.99999999999997802 -0.38980647287389703 -0.25438757782614801 -0.54427972490501697  1.00000000000001 -0.38816368071534202 -0.25681779224371798 -0.543913732448016  1.00000000000001 -0.38650598383948398 -0.25925434178996298 -0.54355939350516502  0.99999999999999301 -0.38483380754089802 -0.26169649028212899 -0.54321724492442702  1 -0.38138686310237102 -0.26669841850477199 -0.54254324191612002  1 -0.37961081456725199 -0.26925866474457 -0.54221250383203601  1 -0.37781919805937902 -0.271824279385527 -0.54189552482955305  1 -0.37601219830438298 -0.27439479232728098 -0.54159259150722305  1 -0.37419003066267698 -0.27696969906458502 -0.54130398538477897  1 -0.37235294268323699 -0.27954846032411601 -0.54102998084436105  1 -0.37050121565738098 -0.28213050170128501 -0.54077084307174605  1 -0.36511162734536001 -0.28959575464322901 -0.54006606456421402  1 -0.36154301456386001 -0.29447751728717803 -0.53965999882150095  1 -0.35792498490468699 -0.29936572722995403 -0.53930912834598999  0.999999999999999 -0.35425683489257997 -0.30426010077898102 -0.53901486142745803  0.999999999999998 -0.35054180130142498 -0.30915499182346301 -0.53877898361021404  1 -0.34678739164401601 -0.31403952985655098 -0.53860309500547898  1 -0.34300574435051301 -0.31889774874426302 -0.53848801637485  1 -0.33535497008524001 -0.32860508323417897 -0.53837733767986096  1 -0.331479656839056 -0.333459896295004 -0.53838381198471297  1.00000000000001 -0.32759279897101101 -0.33826770062012701 -0.53845211357797096  0.999999999999999 -0.32369891149527802 -0.34302360832636503 -0.538581394688179  0.999999999999995 -0.31980229720936199 -0.34772325247614599 -0.53877048098833102  0.999999999999999 -0.31590704073436798 -0.35236275560271302 -0.53901791760741102  1 -0.31201700375242902 -0.356938702735276 -0.53932201325900697  1 -0.30400270886917602 -0.36625024447469001 -0.54006304616780798  1 -0.29987949492619798 -0.37097708742513402 -0.54050733823751396  1 -0.295770355235418 -0.37562529668074002 -0.54101150896656902  1 -0.29167894954615797 -0.38019232713103501 -0.541573098000528  0.999999999999997 -0.28760843949231402 -0.38467635459542199 -0.54218951720642306  1 -0.28356150456123003 -0.38907620074135901 -0.54285812318957205  1 -0.27954035627316098 -0.39339126797503998 -0.54357627948079201  1 -0.273490352124514 -0.399799718947422 -0.54473539068131505  1 -0.271441252013784 -0.40195546042841701 -0.54514182844781101  1 -0.269399686554113 -0.40408870242678202 -0.54556037042670902  1 -0.26736586418000602 -0.40619947083214297 -0.54599066906950799  1 -0.26533996617344602 -0.408287821765416 -0.546432381894846  1 -0.26332214739183502 -0.410353839599714 -0.54688517283730198  1 -0.26131253699595097 -0.41239763498124898 -0.54734871359619597  1 -0.25705595508708401 -0.41669762724752102 -0.548356808452511  1 -0.254811228303575 -0.41894786347241803 -0.54890418492506399  0.99999999999990197 -0.252577159824385 -0.42117027115067701 -0.54946429862337398  1.00000000000032 -0.25035415928112598 -0.42336487438285803 -0.55003694305116901  0.99999999999956102 -0.248141479842058 -0.42553253446703998 -0.55062112390180196  1.00000000000031 -0.245940454935653 -0.42767256543917698 -0.55121720244581396  0.99999999999990496 -0.24375029894445899 -0.42978589287103602 -0.55182429382300202  1 -0.23698563890659999 -0.43626409456957199 -0.553742493615481  1 -0.232449376484061 -0.440537739497876 -0.55509045313350802  1 -0.22796254241258401 -0.44469658144427698 -0.556482510807774  1 -0.22352485105988701 -0.44874384721981297 -0.55791539742566099  1 -0.21913572526932401 -0.45268291986473902 -0.55938613062607401  1 -0.21479431666537899 -0.45651730034186999 -0.56089202323200005  1 -0.21049952299887301 -0.46025057361284 -0.56243068633392801  1 -0.20148632892771601 -0.46796208381523602 -0.56575924380661702  1 -0.196779753244779 -0.47191513248040601 -0.56755693370600102  1 -0.19212838456798401 -0.47575066121001902 -0.56939014291550105  1 -0.18753027504484601 -0.47947362203947702 -0.571256264150236  1 -0.18298341768384099 -0.48308879170018598 -0.57315301610389802  1 -0.17848574415275301 -0.48660078039737098 -0.57507842280545196  1 -0.17403512257700601 -0.490014040587888 -0.57703079297583004  1 -0.16472759835301301 -0.497025336706371 -0.58120927332082095  1 -0.15988162282420701 -0.50060071957448704 -0.58344134098670697  1 -0.155088373800229 -0.50406498269365696 -0.58570294318940697  1 -0.15034508806167399 -0.50742355461879796 -0.58799235571582298  0.999999999999996 -0.14564924879316499 -0.51068142263358496 -0.59030804549107896  0.999999999999999 -0.14099855116903201 -0.51384320268887096 -0.59264863408846702  1 -0.13639087885259901 -0.51691319077443199 -0.59501286859091296  1 -0.12699234046357599 -0.52305089601918997 -0.59992502350034105  1 -0.12220656913912201 -0.52610799671294195 -0.60247553937521603  1 -0.117464838309363 -0.52907135176785103 -0.60504969608220904  1 -0.11276553897031701 -0.53194506999645896 -0.60764599683057197  0.999999999999999 -0.10810753618564301 -0.53473282225746099 -0.61026286409195996  1 -0.103490126266032 -0.53743792552396996 -0.61289861056180495  1 -0.098913007182701199 -0.54006340382385898 -0.61555141637527899  1 -0.091960213148849904 -0.54396929792850301 -0.61964010395462599  1 -0.089555910482038606 -0.54530463053451295 -0.62106521042719398  0.99999999999995404 -0.087160672230466502 -0.54661978802012201 -0.62249446616718496  1.0000000000001501 -0.0847833526292259 -0.54791072454351897 -0.62392689060579898  0.99999999999979206 -0.082408580673524301 -0.54918564521154201 -0.62536333762142504  1.0000000000001401 -0.080051148857653201 -0.55043742547480001 -0.62680260098157903  0.99999999999995803 -0.077705665739982097 -0.55166929886938898 -0.62824464247997203  1 -0.072918263946897793 -0.55415656888118703 -0.63120927673094496  1 -0.070477851930050003 -0.55540976747564097 -0.63273203535584799  0.999999999999999 -0.068051487091014704 -0.55664146094245504 -0.63425731734725899  1 -0.065639197800246504 -0.55785212728407096 -0.63578481831275002  1 -0.063240996626848595 -0.55904224649557999 -0.63731425039362699  1 -0.060856881115365601 -0.56021229914762305 -0.638845342252506  1 -0.058486834562576501 -0.56136276496930304 -0.64037783906088197  1 -0.051226981945068403 -0.56484895091528298 -0.64510370227159897  1 -0.046384033853086502 -0.56712095607494095 -0.64830090651246497  0.99999999999999301 -0.041601547787531799 -0.56931452506206204 -0.65150106886492798  1 -0.036878845116062001 -0.57143399227130898 -0.65470245426905505  1.00000000000001 -0.032215031912082602 -0.57348359915484004 -0.65790363320618495  1 -0.027609022480888201 -0.57546746747748001 -0.66110347653735302  0.99999999999999201 -0.0230595578046663 -0.57738958501222204 -0.66430115092332798  1 -0.013414760224259199 -0.58139017599237797 -0.67115750528773199  1 -0.0083578506039929199 -0.58344173592520998 -0.67480029899338401  1 -0.0033916699569601898 -0.585415226398732 -0.67842347832319605  0.999999999999999 0.00148700282310415 -0.58731704766305903 -0.68202668743910599  0.999999999999996 0.0062817448591472903 -0.58915325481473102 -0.68561020323404498  1 0.0109964535079716 -0.59092957236272903 -0.68917491385201701  1 0.015635319795562 -0.59265142584001196 -0.69272230477924202  1 0.0202028110705674 -0.59432399046059603 -0.69625445250634599  1 

0 3
1 3

0 9
0.066923059445843994 7
0.127125765604818 7
0.154618437850395 7
0.18272686446224801 7
0.23369631176728001 7
0.28042694511397598 7
0.32327886685689 7
0.36283953707733602 7
0.38099294134736 7
0.39993965071731502 7
0.43571547909432901 7
0.47212651433746 7
0.51090101536935095 7
0.53086688822978301 7
0.55336664564469895 7
0.60071696627573701 7
0.65379624293616201 7
0.71285104565616797 7
0.77533751139635299 7
0.808614754942931 7
0.84362400337832 7
0.91649300021510904 7
1 9

8 0 0 3 3 -0.02108109 -0.40393289999999998 0  -0.017837849999999999 -0.30659960000000003 -0.2438738  -0.030810580000000001 -0.52073270000000005 -0.4877476  -0.02108109 -0.40393289999999998 -0.73162139999999998  
-0.23945939999999999 -0.24162159999999999 0.060022300000000001  -0.3108108 -0.3087626 -0.1838515  -0.3108108 -0.3087626 -0.42772529999999997  -0.23945939999999999 -0.24162159999999999 -0.6715991  
-0.40378380000000003 -0.038303259999999999 0.060022300000000001  -0.47513519999999998 -0.1054443 -0.1838515  -0.47513519999999998 -0.1054443 -0.42772529999999997  -0.40378380000000003 -0.038303259999999999 -0.6715991  
-0.51405409999999996 0.20602210000000001 0  -0.51405409999999996 0.20602210000000001 -0.2438738  -0.51405409999999996 0.20602210000000001 -0.4877476  -0.51405409999999996 0.20602210000000001 -0.73162139999999998  

Triangulations 0

TShapes 30
Ve
6e-05
0.094353965662481 -0.473810901419589 -0.535337883127539
0 0

0101100
*
Ve
6e-05
0.5627027 0.06326663 -5.55111512312578e-17
0 0

0101100
*
Ed
 3e-05 1 1 0
2  1 1 0 0.247385572644982 1
2  2 2 0 0.247385572644982 1
1  1 0 0.247385572644982 1
0

0101000
+30 7 -29 0 *
Ve
6e-05
0.0697297499999999 0.6732216 0
0 0

0101100
*
Ed
 3e-05 1 1 0
2  3 1 0 0 1
1  2 0 0 1
0

0101000
+29 0 -27 0 *
Ve
6e-05
-0.406613568641397 0.0920062741491932 -0.5
0 0

0101100
*
Ed
 3e-05 1 1 0
2  4 1 0 0 0.815958354713839
1  3 0 0 0.815958354713839
0

0101000
-25 7 +27 0 *
Ed
 3e-05 1 1 0
1  4 0 0.0654342905890187 0.913622454905039
2  5 3 0 0.0654342905890187 0.913622454905039
2  6 1 6 0.0654342905890187 0.913622454905039
4 G1 3 0 1 6
0

0101000
+25 0 -30 0 *
Wi

0101100
+28 6 +26 6 +24 6 +23 0 *
Fa
0  3e-05 1 0

0111000
+22 7 *
Ve
6e-05
-0.0209218041437635 -0.578272067851183 -0.665825238289687
0 0

0101100
*
Ed
 3e-05 1 1 0
1  5 0 0 1
2  7 3 0 0 1
2  8 2 6 0 1
0

0101000
+30 0 -20 0 *
Ve
6e-05
-0.02108109 -0.4039329 -0.7316214
0 0

0101100
*
Ed
 3e-05 1 1 0
2  9 4 0 0 0.773345560579011
2  10 2 0 0 0.773345560579011
1  6 0 0 0.773345560579011
0

0101000
-20 7 +18 0 *
Ve
6e-05
0.5627027 0.06326663 -0.7316214
0 0

0101100
*
Ed
 3e-05 1 1 0
2  11 2 0 0 1
1  7 0 0 1
0

0101000
+18 0 -16 0 *
Ed
 3e-05 1 1 0
2  12 2 0 0 1
1  8 0 0 1
0

0101000
+16 0 -29 0 *
Wi

0101100
-28 6 +19 0 -17 6 +15 6 +14 6 *
Fa
0  3e-05 2 0

0111000
+13 7 *
Ve
6e-05
-0.5140541 0.00602210000000003 -0.639437047029799
0 0

0101100
*
Ed
 2.06474016846206e-07 1 1 0
1  9 0 0 1
2  13 3 0 0 1
0

0101000
+25 0 -11 0 *
Ed
 3e-05 1 1 0
1  10 0 0.0691353550970087 0.911730344013044
2  14 3 0 0.0691353550970087 0.911730344013044
2  15 4 6 0.0691353550970087 0.911730344013044
4 G1 3 0 4 6
0

0101000
+11 0 -20 0 *
Wi

0101100
+10 0 +9 0 -19 0 -23 0 *
Fa
0  2.06474016846206e-07 3 0

0111000
+8 0 *
Ve
6e-05
-0.5140541 0.2060221 -0.7316214
0 0

0101100
*
Ed
 3e-05 1 1 0
2  16 4 0 0.190586342882107 1
1  11 0 0.190586342882107 1
0

0101000
+11 7 -6 0 *
Ed
 3e-05 1 1 0
2  17 4 0 0 1
1  12 0 0 1
0

0101000
+6 0 -18 0 *
Wi

0101100
+5 6 +4 6 +17 6 -9 0 *
Fa
0  3e-05 4 0

0111000
+3 7 *
Sh

1101000
+21 6 +12 6 +7 0 +2 6 *

+1 0 
0

