DBRep_DrawableShape

CASCADE Topology V1, (c) Matra-Datavision
Locations 0
Curve2ds 16
2 0 0 -1 0 0 1 52.5
1 0 0 1 0 
1 0 4.4999997615813996 1 0 
1 0 0 1 0 
1 6.2831853071795898 0 0 1 
1 0 0 0 1 
1 0 3.0000000000001901 1 0 
2 0 0 -1 0 0 1 55.5
1 6.2831853071795898 0 0 1 
1 0 0 0 1 
2 0 0 -1 -5.5558842497673304e-09 -5.5558842497673304e-09 1 72.5
1 0 0 1 0 
1 0 10.5 1 0 
2 0 0 1 0 -0 1 72.5
1 6.2831853071795898 0 0 1 
1 0 0 0 1 
Curves 8
2 0 0 -5 -0 -0 -1 9.10634168706476e-09 -1 0 -1 -9.10634168706476e-09 0 52.5
2 0 0 -0.50000023841859997 -0 -0 -1 9.10634168706476e-09 -1 0 -1 -9.10634168706476e-09 0 52.5
1 4.7808293857089996e-07 -52.5 -5 0 0 1 
2 0 0 -0.5 -0 -0 -1 -9.8749083704900898e-09 -1 0 -1 9.8749083704900898e-09 0 55.5
1 4.7808293857089996e-07 -52.5 -0.50000023841859997 -3.4204678437767913e-07 -0.99999999999993838 7.9472866657913522e-08 
2 0 0 -0.5 -0 -0 -1 -4.3190241207227602e-09 -1 0 -1 4.3190241207227602e-09 0 72.5
2 0 0 10 -0 -0 -1 -4.0722441020800003e-09 -1 0 -1 4.0722441020800003e-09 0 72.5
1 -3.1312924875240001e-07 -72.5 -0.5 1.70395727158095e-09 0 1 
Polygon3D 0
PolygonOnTriangulations 16
56 1 3 4 5 6 7 8 9 10 11 12 13 14 15 16 17 18 19 20 21 22 23 24 25 26 27 28 29 30 31 32 33 34 35 36 37 38 39 40 41 42 43 44 45 46 47 48 49 50 51 52 53 54 55 56 2 
p 1.48518409679135 1 0 0.114239732857811 0.228479465715621 0.342719198573432 0.456958931431243 0.571198664289053 0.685438397146864 0.799678130004675 0.913917862862485 1.0281575957203 1.14239732857811 1.25663706143592 1.37087679429373 1.48511652715154 1.59935626000935 1.71359599286716 1.82783572572497 1.94207545858278 2.05631519144059 2.1705549242984 2.28479465715621 2.39903439001402 2.51327412287184 2.62751385572965 2.74175358858746 2.85599332144527 2.97023305430308 3.08447278716089 3.1987125200187 3.31295225287651 3.42719198573432 3.54143171859213 3.65567145144994 3.76991118430775 3.88415091716557 3.99839065002338 4.11263038288119 4.226870115739 4.34110984859681 4.45534958145462 4.56958931431243 4.68382904717024 4.79806878002805 4.91230851288586 5.02654824574367 5.14078797860148 5.25502771145929 5.3692674443171 5.48350717717491 5.59774691003272 5.71198664289053 5.82622637574834 5.94046610860615 6.05470584146396 6.16894557432177 6.28318530717959 
56 1 2 3 4 5 6 7 8 9 10 11 12 13 14 15 16 17 18 19 20 21 22 23 24 25 26 27 28 29 30 31 32 33 34 35 36 37 38 39 40 41 42 43 44 45 46 47 48 49 50 51 52 53 54 55 1 
p 1.48518409679135 1 0 0.114239732857811 0.228479465715621 0.342719198573432 0.456958931431243 0.571198664289053 0.685438397146864 0.799678130004675 0.913917862862485 1.0281575957203 1.14239732857811 1.25663706143592 1.37087679429373 1.48511652715154 1.59935626000935 1.71359599286716 1.82783572572497 1.94207545858278 2.05631519144059 2.1705549242984 2.28479465715621 2.39903439001402 2.51327412287184 2.62751385572965 2.74175358858746 2.85599332144527 2.97023305430308 3.08447278716089 3.1987125200187 3.31295225287651 3.42719198573432 3.54143171859213 3.65567145144994 3.76991118430775 3.88415091716557 3.99839065002338 4.11263038288119 4.226870115739 4.34110984859681 4.45534958145462 4.56958931431243 4.68382904717024 4.79806878002805 4.91230851288586 5.02654824574367 5.14078797860148 5.25502771145929 5.3692674443171 5.48350717717491 5.59774691003272 5.71198664289053 5.82622637574834 5.94046610860615 6.05470584146396 6.16894557432177 6.28318530717959 
56 1 3 4 5 6 7 8 9 10 11 12 13 14 15 16 17 18 19 20 21 22 23 24 25 26 27 28 29 30 31 32 33 34 35 36 37 38 39 40 41 42 43 44 45 46 47 48 49 50 51 52 53 54 55 56 2 
p 1.48518409679135 1 0 0.114239732857811 0.228479465715621 0.342719198573432 0.456958931431243 0.571198664289053 0.685438397146864 0.799678130004675 0.913917862862485 1.0281575957203 1.14239732857811 1.25663706143592 1.37087679429373 1.48511652715154 1.59935626000935 1.71359599286716 1.82783572572497 1.94207545858278 2.05631519144059 2.1705549242984 2.28479465715621 2.39903439001402 2.51327412287184 2.62751385572965 2.74175358858746 2.85599332144527 2.97023305430308 3.08447278716089 3.1987125200187 3.31295225287651 3.42719198573432 3.54143171859213 3.65567145144994 3.76991118430775 3.88415091716557 3.99839065002338 4.11263038288119 4.226870115739 4.34110984859681 4.45534958145462 4.56958931431243 4.68382904717024 4.79806878002805 4.91230851288586 5.02654824574367 5.14078797860148 5.25502771145929 5.3692674443171 5.48350717717491 5.59774691003272 5.71198664289053 5.82622637574834 5.94046610860615 6.05470584146396 6.16894557432177 6.28318530717959 
56 57 58 59 60 61 62 63 64 65 66 67 68 69 70 71 72 73 74 75 76 77 78 79 80 81 82 83 84 85 86 87 88 89 90 91 92 93 94 95 96 97 98 99 100 101 102 103 104 105 106 107 108 109 110 111 112 
p 1.48518409679135 1 0 0.114239732857811 0.228479465715621 0.342719198573432 0.456958931431243 0.571198664289053 0.685438397146864 0.799678130004675 0.913917862862485 1.0281575957203 1.14239732857811 1.25663706143592 1.37087679429373 1.48511652715154 1.59935626000935 1.71359599286716 1.82783572572497 1.94207545858278 2.05631519144059 2.1705549242984 2.28479465715621 2.39903439001402 2.51327412287184 2.62751385572965 2.74175358858746 2.85599332144527 2.97023305430308 3.08447278716089 3.1987125200187 3.31295225287651 3.42719198573432 3.54143171859213 3.65567145144994 3.76991118430775 3.88415091716557 3.99839065002338 4.11263038288119 4.226870115739 4.34110984859681 4.45534958145462 4.56958931431243 4.68382904717024 4.79806878002805 4.91230851288586 5.02654824574367 5.14078797860148 5.25502771145929 5.3692674443171 5.48350717717491 5.59774691003272 5.71198664289053 5.82622637574834 5.94046610860615 6.05470584146396 6.16894557432177 6.28318530717959 
2 2 112 
p 0.180239990463256 1 0 4.4999997615814 
2 1 57 
p 0.180239990463256 1 0 4.4999997615814 
59 57 59 60 61 62 63 64 65 66 67 68 69 70 71 72 73 74 75 76 77 78 79 80 81 82 83 84 85 86 87 88 89 90 91 92 93 94 95 96 97 98 99 100 101 102 103 104 105 106 107 108 109 110 111 112 113 114 115 58 
p 1.48518409679135 1 0 0.108330781158269 0.216661562316537 0.324992343474806 0.433323124633075 0.541653905791344 0.649984686949612 0.758315468107881 0.86664624926615 0.974977030424419 1.08330781158269 1.19163859274096 1.29996937389923 1.40830015505749 1.51663093621576 1.62496171737403 1.7332924985323 1.84162327969057 1.94995406084884 2.05828484200711 2.16661562316538 2.27494640432364 2.38327718548191 2.49160796664018 2.59993874779845 2.70826952895672 2.81660031011499 2.92493109127326 3.03326187243153 3.14159265358979 3.24992343474806 3.35825421590633 3.4665849970646 3.57491577822287 3.68324655938114 3.79157734053941 3.89990812169768 4.00823890285594 4.11656968401421 4.22490046517248 4.33323124633075 4.44156202748902 4.54989280864729 4.65822358980555 4.76655437096382 4.87488515212209 4.98321593328036 5.09154671443863 5.1998774955969 5.30820827675516 5.41653905791343 5.5248698390717 5.63320062022997 5.74153140138824 5.84986218254651 5.95819296370477 6.06652374486304 6.17485452602131 6.28318530717959 
59 1 2 3 4 5 6 7 8 9 10 11 12 13 14 15 16 17 18 19 20 21 22 23 24 25 26 27 28 29 30 31 32 33 34 35 36 37 38 39 40 41 42 43 44 45 46 47 48 49 50 51 52 53 54 55 56 57 58 1 
p 1.48518409679135 1 0 0.108330781158269 0.216661562316537 0.324992343474806 0.433323124633075 0.541653905791344 0.649984686949612 0.758315468107881 0.86664624926615 0.974977030424419 1.08330781158269 1.19163859274096 1.29996937389923 1.40830015505749 1.51663093621576 1.62496171737403 1.7332924985323 1.84162327969057 1.94995406084884 2.05828484200711 2.16661562316538 2.27494640432364 2.38327718548191 2.49160796664018 2.59993874779845 2.70826952895672 2.81660031011499 2.92493109127326 3.03326187243153 3.14159265358979 3.24992343474806 3.35825421590633 3.4665849970646 3.57491577822287 3.68324655938114 3.79157734053941 3.89990812169768 4.00823890285594 4.11656968401421 4.22490046517248 4.33323124633075 4.44156202748902 4.54989280864729 4.65822358980555 4.76655437096382 4.87488515212209 4.98321593328036 5.09154671443863 5.1998774955969 5.30820827675516 5.41653905791343 5.5248698390717 5.63320062022997 5.74153140138824 5.84986218254651 5.95819296370477 6.06652374486304 6.17485452602131 6.28318530717959 
2 2 58 
p 0.12024 1 0 3.00000000000019 
2 1 57 
p 0.12024 1 0 3.00000000000019 
73 1 3 4 5 6 7 8 9 10 11 12 13 14 15 16 17 18 19 20 21 22 23 24 25 26 27 28 29 30 31 32 33 34 35 36 37 38 39 40 41 42 43 44 45 46 47 48 49 50 51 52 53 54 55 56 57 58 59 60 61 62 63 64 65 66 67 68 69 70 71 72 73 2 
p 1.56952869042397 1 0 0.0872664625997165 0.174532925199433 0.261799387799149 0.349065850398866 0.436332312998582 0.523598775598299 0.610865238198015 0.698131700797732 0.785398163397448 0.872664625997165 0.959931088596881 1.0471975511966 1.13446401379631 1.22173047639603 1.30899693899575 1.39626340159546 1.48352986419518 1.5707963267949 1.65806278939461 1.74532925199433 1.83259571459405 1.91986217719376 2.00712863979348 2.09439510239319 2.18166156499291 2.26892802759263 2.35619449019234 2.44346095279206 2.53072741539178 2.61799387799149 2.70526034059121 2.79252680319093 2.87979326579064 2.96705972839036 3.05432619099007 3.14159265358979 3.22885911618951 3.31612557878922 3.40339204138894 3.49065850398866 3.57792496658837 3.66519142918809 3.75245789178781 3.83972435438752 3.92699081698724 4.01425727958696 4.10152374218667 4.18879020478639 4.2760566673861 4.36332312998582 4.45058959258554 4.53785605518525 4.62512251778497 4.71238898038469 4.7996554429844 4.88692190558412 4.97418836818384 5.06145483078355 5.14872129338327 5.23598775598298 5.3232542185827 5.41052068118242 5.49778714378213 5.58505360638185 5.67232006898157 5.75958653158128 5.846852994181 5.93411945678072 6.02138591938043 6.10865238198015 6.19591884457986 6.28318530717959 
73 59 60 61 62 63 64 65 66 67 68 69 70 71 72 73 74 75 76 77 78 79 80 81 82 83 84 85 86 87 88 89 90 91 92 93 94 95 96 97 98 99 100 101 102 103 104 105 106 107 108 109 110 111 112 113 114 115 116 117 118 119 120 121 122 123 124 125 126 127 128 129 130 59 
p 1.56952869042397 1 0 0.0872664625997165 0.174532925199433 0.261799387799149 0.349065850398866 0.436332312998582 0.523598775598299 0.610865238198015 0.698131700797732 0.785398163397448 0.872664625997165 0.959931088596881 1.0471975511966 1.13446401379631 1.22173047639603 1.30899693899575 1.39626340159546 1.48352986419518 1.5707963267949 1.65806278939461 1.74532925199433 1.83259571459405 1.91986217719376 2.00712863979348 2.09439510239319 2.18166156499291 2.26892802759263 2.35619449019234 2.44346095279206 2.53072741539178 2.61799387799149 2.70526034059121 2.79252680319093 2.87979326579064 2.96705972839036 3.05432619099007 3.14159265358979 3.22885911618951 3.31612557878922 3.40339204138894 3.49065850398866 3.57792496658837 3.66519142918809 3.75245789178781 3.83972435438752 3.92699081698724 4.01425727958696 4.10152374218667 4.18879020478639 4.2760566673861 4.36332312998582 4.45058959258554 4.53785605518525 4.62512251778497 4.71238898038469 4.7996554429844 4.88692190558412 4.97418836818384 5.06145483078355 5.14872129338327 5.23598775598298 5.3232542185827 5.41052068118242 5.49778714378213 5.58505360638185 5.67232006898157 5.75958653158128 5.846852994181 5.93411945678072 6.02138591938043 6.10865238198015 6.19591884457986 6.28318530717959 
73 74 76 77 78 79 80 81 82 83 84 85 86 87 88 89 90 91 92 93 94 95 96 97 98 99 100 101 102 103 104 105 106 107 108 109 110 111 112 113 114 115 116 117 118 119 120 121 122 123 124 125 126 127 128 129 130 131 132 133 134 135 136 137 138 139 140 141 142 143 144 145 146 75 
p 1.56952869042397 1 0 0.0872664625997165 0.174532925199433 0.261799387799149 0.349065850398866 0.436332312998582 0.523598775598299 0.610865238198015 0.698131700797732 0.785398163397448 0.872664625997165 0.959931088596881 1.0471975511966 1.13446401379631 1.22173047639603 1.30899693899575 1.39626340159546 1.48352986419518 1.5707963267949 1.65806278939461 1.74532925199433 1.83259571459405 1.91986217719376 2.00712863979348 2.09439510239319 2.18166156499291 2.26892802759263 2.35619449019234 2.44346095279206 2.53072741539178 2.61799387799149 2.70526034059121 2.79252680319093 2.87979326579064 2.96705972839036 3.05432619099007 3.14159265358979 3.22885911618951 3.31612557878922 3.40339204138894 3.49065850398866 3.57792496658837 3.66519142918809 3.75245789178781 3.83972435438752 3.92699081698724 4.01425727958696 4.10152374218667 4.18879020478639 4.2760566673861 4.36332312998582 4.45058959258554 4.53785605518525 4.62512251778497 4.71238898038469 4.7996554429844 4.88692190558412 4.97418836818384 5.06145483078355 5.14872129338327 5.23598775598298 5.3232542185827 5.41052068118242 5.49778714378213 5.58505360638185 5.67232006898157 5.75958653158128 5.846852994181 5.93411945678072 6.02138591938043 6.10865238198015 6.19591884457986 6.28318530717959 
73 1 2 3 4 5 6 7 8 9 10 11 12 13 14 15 16 17 18 19 20 21 22 23 24 25 26 27 28 29 30 31 32 33 34 35 36 37 38 39 40 41 42 43 44 45 46 47 48 49 50 51 52 53 54 55 56 57 58 59 60 61 62 63 64 65 66 67 68 69 70 71 72 1 
p 1.56952869042397 1 0 0.0872664625997165 0.174532925199433 0.261799387799149 0.349065850398866 0.436332312998582 0.523598775598299 0.610865238198015 0.698131700797732 0.785398163397448 0.872664625997165 0.959931088596881 1.0471975511966 1.13446401379631 1.22173047639603 1.30899693899575 1.39626340159546 1.48352986419518 1.5707963267949 1.65806278939461 1.74532925199433 1.83259571459405 1.91986217719376 2.00712863979348 2.09439510239319 2.18166156499291 2.26892802759263 2.35619449019234 2.44346095279206 2.53072741539178 2.61799387799149 2.70526034059121 2.79252680319093 2.87979326579064 2.96705972839036 3.05432619099007 3.14159265358979 3.22885911618951 3.31612557878922 3.40339204138894 3.49065850398866 3.57792496658837 3.66519142918809 3.75245789178781 3.83972435438752 3.92699081698724 4.01425727958696 4.10152374218667 4.18879020478639 4.2760566673861 4.36332312998582 4.45058959258554 4.53785605518525 4.62512251778497 4.71238898038469 4.7996554429844 4.88692190558412 4.97418836818384 5.06145483078355 5.14872129338327 5.23598775598298 5.3232542185827 5.41052068118242 5.49778714378213 5.58505360638185 5.67232006898157 5.75958653158128 5.846852994181 5.93411945678072 6.02138591938043 6.10865238198015 6.19591884457986 6.28318530717959 
2 2 75 
p 0.42024 1 0 10.5 
2 1 74 
p 0.42024 1 0 10.5 
Surfaces 6
1 0 0 -5 -0 -0 -1 -9.10634168706476e-09 1 0 -1 -9.10634168706476e-09 0 
2 0 0 -5 0 0 1 9.10634168706476e-09 -1 0 -1 -9.10634168706476e-09 0 52.5
7 0 0 9.9999933242800001 -0 -0 -1 
1 4.7808293857089996e-07 -52.5 -0.50000023841859997 -3.4204678437767913e-07 -0.99999999999993838 7.9472866657913522e-08 
1 0 0 -0.5 -0 -0 -1 9.8749083704900898e-09 1 -0 -1 9.8749083704900898e-09 -0 
2 0 0 -0.5 0 0 1 -4.3190241207227602e-09 -1 0 -1 4.3190241207227602e-09 -0 72.5
1 0 0 10 -0 -0 -1 -4.0722441020800003e-09 -1 0 -1 4.0722441020800003e-09 0 
Triangulations 6
56 55 1 1.48518409679135
4.780829385709e-07 -52.5 -5 -5.98454854428672 -52.1577911602962 -5 -11.8910798241942 -51.1356257477568 -5 -17.6425926935304 -49.4468292517345 -5 -23.1641073862382 -47.1134177172366 -5 -28.3836425142299 -44.1658107321082 -5 -33.2331534548618 -40.6424348611843 -5 -37.6494194166516 -36.5892226972514 -5 -41.5748676189791 -32.0590140594555 -5 -44.9583238413276 -27.1108671454514 -5 -47.7556795575094 -21.8092886174786 -5 -49.9304669577598 -16.2233926593686 -5 -51.4543343624079 -10.4259999674624 -5 -52.3074158293794 -4.49268842146829 -5 -52.4785901371321 1.49919218878107 -5 -51.9656257667873 7.47152853613072 -5 -50.7752099933902 13.3464620827816 -5 -48.9228617070534 19.0474040854004 -5 -46.4327291004909 24.5000340465156 -5 -43.3372748603963 29.6332685958614 -5 -39.6768529666763 34.3801881708165 -5 -35.4991826166094 38.6789094152436 -5 -30.858726132132 42.4733919236747 -5 -25.815978960183 45.7141688136992 -5 -20.4366810220365 48.3589916024263 -5 -14.7909596928922 50.3733809800696 -5 -8.95241558429353 51.7310763004802 -5 -2.99716304759846 52.4143779288289 -5 2.99716209299219 52.4143779834153 -5 8.952414642132 51.7310764635276 -5 14.790958775458 50.3733812494526 -5 20.4366801412897 48.358991974633 -5 25.8159781276055 45.7141692838774 -5 30.8587253585777 42.4733924856948 -5 35.4991819121628 38.6789100617788 -5 39.6768523405209 34.3801888934383 -5 43.3372743206951 29.6332693851493 -5 46.4327286542797 24.50003489218 -5 48.9228613601491 19.0474049764168 -5 50.7752097503153 13.3464630075343 -5 51.9656256307107 7.47152948256408 -5 52.4785901098278 1.4991931445569 -5 52.3074159112032 -4.49268746880999 -5 51.4543345522934 -10.425999030341 -5 49.9304672532313 -16.2233917500009 -5 47.755679954715 -21.8092877477196 -5 44.9583243350892 -27.1108663266397 -5 41.5748682028597 -32.0590133022656 -5 37.6494200830395 -36.5892220115545 -5 33.2331541950696 -40.6424342559194 -5 28.3836433186078 -44.1658102151659 -5 23.1641082443 -47.113417295356 -5 17.6425935940898 -49.4468289304156 -5 11.8910807555111 -51.1356255311883 -5 5.9845494942201 -52.1577910513015 -5 3.89855346462043e-10 -0.0428110219389346 -5 -52.5 -1.4210854715202e-14 -52.1577911057989 5.98454901925339 -51.1356256394725 11.8910802898526 -49.4468290910751 17.6425931438101 -47.1134175062963 23.1641078152691 -44.165810473637 28.3836429164189 -40.6424345585518 33.2331538249657 -36.5892223544029 37.6494197498456 -32.0590136808605 41.5748679109195 -27.1108667360455 44.9583240882084 -21.809288182599 47.7556797561122 -16.2233922046847 49.9304671054956 -10.4259994989016 51.4543344573507 -4.49268794513909 52.3074158702913 1.49919266666905 52.4785901234799 7.47152900934746 51.965625698749 13.3464625451581 50.7752098718528 19.0474045309086 48.9228615336012 24.5000344693479 46.4327288773853 29.6332689905054 43.3372745905456 34.3801885321275 39.6768526535985 38.6789097385113 35.499182264386 42.4733922046848 30.8587257453548 45.7141690487883 25.8159785438942 48.3589917885297 20.436680581663 50.3733811147611 14.790959234175 51.7310763820039 8.95241511321267 52.4143779561221 2.99716257029522 52.4143779561221 -2.99716257029542 51.7310763820039 -8.95241511321287 50.3733811147611 -14.7909592341752 48.3589917885296 -20.4366805816632 45.7141690487882 -25.8159785438943 42.4733922046847 -30.858725745355 38.6789097385111 -35.4991822643861 34.3801885321273 -39.6768526535987 29.6332689905052 -43.3372745905457 24.5000344693477 -46.4327288773853 19.0474045309085 -48.9228615336013 13.3464625451579 -50.7752098718528 7.47152900934734 -51.965625698749 1.49919266666893 -52.4785901234799 -4.4926879451392 -52.3074158702913 -10.4259994989017 -51.4543344573506 -16.2233922046848 -49.9304671054955 -21.8092881825991 -47.7556797561122 -27.1108667360456 -44.9583240882084 -32.0590136808605 -41.5748679109194 -36.5892223544029 -37.6494197498456 -40.6424345585518 -33.2331538249657 -44.165810473637 -28.3836429164189 -47.1134175062963 -23.1641078152691 -49.4468290910751 -17.6425931438101 -51.1356256394725 -11.8910802898527 -52.1577911057989 -5.98454901925343 -0.0428110219389382 0 53 52 56 56 52 51 56 55 54 54 53 56 1 55 56 56 51 50 56 46 45 44 56 45 48 47 56 47 46 56 56 49 48 49 56 50 43 56 44 3 56 4 5 4 56 7 6 56 5 56 6 7 56 8 3 2 56 9 56 10 56 9 8 10 56 11 11 56 12 13 12 56 14 13 56 56 15 14 2 1 56 43 42 56 41 40 56 56 40 39 37 56 38 36 56 37 38 56 39 35 56 36 33 56 34 56 33 32 30 56 31 29 56 30 56 32 31 56 35 34 56 29 28 56 20 19 56 19 18 15 56 16 17 16 56 20 56 21 18 17 56 56 27 26 26 25 56 22 56 23 23 56 24 56 22 21 25 24 56 27 56 28 42 41 56 
112 110 1 0.832712043627301
4.780829385709e-07 -52.5 -5 4.780829385709e-07 -52.5 -5 -5.98454854428672 -52.1577911602962 -5 -11.8910798241942 -51.1356257477568 -5 -17.6425926935304 -49.4468292517345 -5 -23.1641073862382 -47.1134177172366 -5 -28.3836425142299 -44.1658107321082 -5 -33.2331534548618 -40.6424348611843 -5 -37.6494194166516 -36.5892226972514 -5 -41.5748676189791 -32.0590140594555 -5 -44.9583238413276 -27.1108671454514 -5 -47.7556795575094 -21.8092886174786 -5 -49.9304669577598 -16.2233926593686 -5 -51.4543343624079 -10.4259999674624 -5 -52.3074158293794 -4.49268842146829 -5 -52.4785901371321 1.49919218878107 -5 -51.9656257667873 7.47152853613072 -5 -50.7752099933902 13.3464620827816 -5 -48.9228617070534 19.0474040854004 -5 -46.4327291004909 24.5000340465156 -5 -43.3372748603963 29.6332685958614 -5 -39.6768529666763 34.3801881708165 -5 -35.4991826166094 38.6789094152436 -5 -30.858726132132 42.4733919236747 -5 -25.815978960183 45.7141688136992 -5 -20.4366810220365 48.3589916024263 -5 -14.7909596928922 50.3733809800696 -5 -8.95241558429353 51.7310763004802 -5 -2.99716304759846 52.4143779288289 -5 2.99716209299219 52.4143779834153 -5 8.952414642132 51.7310764635276 -5 14.790958775458 50.3733812494526 -5 20.4366801412897 48.358991974633 -5 25.8159781276055 45.7141692838774 -5 30.8587253585777 42.4733924856948 -5 35.4991819121628 38.6789100617788 -5 39.6768523405209 34.3801888934383 -5 43.3372743206951 29.6332693851493 -5 46.4327286542797 24.50003489218 -5 48.9228613601491 19.0474049764168 -5 50.7752097503153 13.3464630075343 -5 51.9656256307107 7.47152948256408 -5 52.4785901098278 1.4991931445569 -5 52.3074159112032 -4.49268746880999 -5 51.4543345522934 -10.425999030341 -5 49.9304672532313 -16.2233917500009 -5 47.755679954715 -21.8092877477196 -5 44.9583243350892 -27.1108663266397 -5 41.5748682028597 -32.0590133022656 -5 37.6494200830395 -36.5892220115545 -5 33.2331541950696 -40.6424342559194 -5 28.3836433186078 -44.1658102151659 -5 23.1641082443 -47.113417295356 -5 17.6425935940898 -49.4468289304156 -5 11.8910807555111 -51.1356255311883 -5 5.9845494942201 -52.1577910513015 -5 4.780829385709e-07 -52.5 -0.5000002384186 -5.98454854428672 -52.1577911602962 -0.5000002384186 -11.8910798241942 -51.1356257477568 -0.5000002384186 -17.6425926935304 -49.4468292517345 -0.5000002384186 -23.1641073862382 -47.1134177172366 -0.5000002384186 -28.3836425142299 -44.1658107321082 -0.5000002384186 -33.2331534548618 -40.6424348611843 -0.5000002384186 -37.6494194166516 -36.5892226972514 -0.5000002384186 -41.5748676189791 -32.0590140594555 -0.5000002384186 -44.9583238413276 -27.1108671454514 -0.5000002384186 -47.7556795575094 -21.8092886174786 -0.5000002384186 -49.9304669577598 -16.2233926593686 -0.5000002384186 -51.4543343624079 -10.4259999674624 -0.5000002384186 -52.3074158293794 -4.49268842146829 -0.5000002384186 -52.4785901371321 1.49919218878107 -0.5000002384186 -51.9656257667873 7.47152853613072 -0.5000002384186 -50.7752099933902 13.3464620827816 -0.5000002384186 -48.9228617070534 19.0474040854004 -0.5000002384186 -46.4327291004909 24.5000340465156 -0.5000002384186 -43.3372748603963 29.6332685958614 -0.5000002384186 -39.6768529666763 34.3801881708165 -0.5000002384186 -35.4991826166094 38.6789094152436 -0.5000002384186 -30.858726132132 42.4733919236747 -0.5000002384186 -25.815978960183 45.7141688136992 -0.5000002384186 -20.4366810220365 48.3589916024263 -0.5000002384186 -14.7909596928922 50.3733809800696 -0.5000002384186 -8.95241558429353 51.7310763004802 -0.5000002384186 -2.99716304759846 52.4143779288289 -0.5000002384186 2.99716209299219 52.4143779834153 -0.5000002384186 8.952414642132 51.7310764635276 -0.5000002384186 14.790958775458 50.3733812494526 -0.5000002384186 20.4366801412897 48.358991974633 -0.5000002384186 25.8159781276055 45.7141692838774 -0.5000002384186 30.8587253585777 42.4733924856948 -0.5000002384186 35.4991819121628 38.6789100617788 -0.5000002384186 39.6768523405209 34.3801888934383 -0.5000002384186 43.3372743206951 29.6332693851493 -0.5000002384186 46.4327286542797 24.50003489218 -0.5000002384186 48.9228613601491 19.0474049764168 -0.5000002384186 50.7752097503153 13.3464630075343 -0.5000002384186 51.9656256307107 7.47152948256408 -0.5000002384186 52.4785901098278 1.4991931445569 -0.5000002384186 52.3074159112032 -4.49268746880999 -0.5000002384186 51.4543345522934 -10.425999030341 -0.5000002384186 49.9304672532313 -16.2233917500009 -0.5000002384186 47.755679954715 -21.8092877477196 -0.5000002384186 44.9583243350892 -27.1108663266397 -0.5000002384186 41.5748682028597 -32.0590133022656 -0.5000002384186 37.6494200830395 -36.5892220115545 -0.5000002384186 33.2331541950696 -40.6424342559194 -0.5000002384186 28.3836433186078 -44.1658102151659 -0.5000002384186 23.1641082443 -47.113417295356 -0.5000002384186 17.6425935940898 -49.4468289304156 -0.5000002384186 11.8910807555111 -51.1356255311883 -0.5000002384186 5.9845494942201 -52.1577910513015 -0.5000002384186 4.780829385709e-07 -52.5 -0.5000002384186 0 0 6.28318530717959 0 0.114239732857811 0 0.228479465715621 0 0.342719198573432 0 0.456958931431243 0 0.571198664289053 0 0.685438397146864 0 0.799678130004675 0 0.913917862862485 0 1.0281575957203 0 1.14239732857811 0 1.25663706143592 0 1.37087679429373 0 1.48511652715154 0 1.59935626000935 0 1.71359599286716 0 1.82783572572497 0 1.94207545858278 0 2.05631519144059 0 2.1705549242984 0 2.28479465715621 0 2.39903439001402 0 2.51327412287184 0 2.62751385572965 0 2.74175358858746 0 2.85599332144527 0 2.97023305430308 0 3.08447278716089 0 3.1987125200187 0 3.31295225287651 0 3.42719198573432 0 3.54143171859213 0 3.65567145144994 0 3.76991118430775 0 3.88415091716557 0 3.99839065002338 0 4.11263038288119 0 4.226870115739 0 4.34110984859681 0 4.45534958145462 0 4.56958931431243 0 4.68382904717024 0 4.79806878002805 0 4.91230851288586 0 5.02654824574367 0 5.14078797860148 0 5.25502771145929 0 5.3692674443171 0 5.48350717717491 0 5.59774691003272 0 5.71198664289053 0 5.82622637574834 0 5.94046610860615 0 6.05470584146396 0 6.16894557432177 0 0 4.4999997615814 0.114239732857811 4.4999997615814 0.228479465715621 4.4999997615814 0.342719198573432 4.4999997615814 0.456958931431243 4.4999997615814 0.571198664289053 4.4999997615814 0.685438397146864 4.4999997615814 0.799678130004675 4.4999997615814 0.913917862862485 4.4999997615814 1.0281575957203 4.4999997615814 1.14239732857811 4.4999997615814 1.25663706143592 4.4999997615814 1.37087679429373 4.4999997615814 1.48511652715154 4.4999997615814 1.59935626000935 4.4999997615814 1.71359599286716 4.4999997615814 1.82783572572497 4.4999997615814 1.94207545858278 4.4999997615814 2.05631519144059 4.4999997615814 2.1705549242984 4.4999997615814 2.28479465715621 4.4999997615814 2.39903439001402 4.4999997615814 2.51327412287184 4.4999997615814 2.62751385572965 4.4999997615814 2.74175358858746 4.4999997615814 2.85599332144527 4.4999997615814 2.97023305430308 4.4999997615814 3.08447278716089 4.4999997615814 3.1987125200187 4.4999997615814 3.31295225287651 4.4999997615814 3.42719198573432 4.4999997615814 3.54143171859213 4.4999997615814 3.65567145144994 4.4999997615814 3.76991118430775 4.4999997615814 3.88415091716557 4.4999997615814 3.99839065002338 4.4999997615814 4.11263038288119 4.4999997615814 4.226870115739 4.4999997615814 4.34110984859681 4.4999997615814 4.45534958145462 4.4999997615814 4.56958931431243 4.4999997615814 4.68382904717024 4.4999997615814 4.79806878002805 4.4999997615814 4.91230851288586 4.4999997615814 5.02654824574367 4.4999997615814 5.14078797860148 4.4999997615814 5.25502771145929 4.4999997615814 5.3692674443171 4.4999997615814 5.48350717717491 4.4999997615814 5.59774691003272 4.4999997615814 5.71198664289053 4.4999997615814 5.82622637574834 4.4999997615814 5.94046610860615 4.4999997615814 6.05470584146396 4.4999997615814 6.16894557432177 4.4999997615814 6.28318530717959 4.4999997615814 1 3 58 3 4 59 5 6 61 7 8 63 6 7 62 4 5 60 9 10 65 10 11 66 12 13 68 14 15 70 13 14 69 11 12 67 8 9 64 16 17 72 17 18 73 19 20 75 21 22 77 20 21 76 18 19 74 23 24 79 24 25 80 26 27 82 28 29 84 27 28 83 25 26 81 22 23 78 15 16 71 58 57 1 59 58 3 61 60 5 63 62 7 61 6 62 59 4 60 65 64 9 66 65 10 68 67 12 70 69 14 68 13 69 66 11 67 63 8 64 72 71 16 73 72 17 75 74 19 77 76 21 75 20 76 73 18 74 79 78 23 80 79 24 82 81 26 84 83 28 82 27 83 80 25 81 77 22 78 70 15 71 29 30 84 30 31 86 31 32 87 33 34 89 35 36 91 34 35 90 32 33 88 37 38 93 38 39 94 40 41 96 42 43 98 41 42 97 39 40 95 36 37 92 44 45 100 45 46 101 47 48 103 49 50 105 48 49 104 46 47 102 51 52 107 52 53 108 54 55 110 56 2 112 55 56 111 53 54 109 50 51 106 43 44 99 86 85 30 87 86 31 89 88 33 91 90 35 89 34 90 87 32 88 93 92 37 94 93 38 96 95 40 98 97 42 96 41 97 94 39 95 91 36 92 100 99 44 101 100 45 103 102 47 105 104 49 103 48 104 101 46 102 107 106 51 108 107 52 110 109 54 112 111 56 110 55 111 108 53 109 105 50 106 98 43 99 30 85 84 
115 113 1 0.802712048395673
4.780829385709e-07 -52.5 -0.5000002384186 4.780829385709e-07 -52.5 -0.5000002384186 -5.98454854428672 -52.1577911602962 -0.5000002384186 -11.8910798241942 -51.1356257477568 -0.5000002384186 -17.6425926935304 -49.4468292517345 -0.5000002384186 -23.1641073862382 -47.1134177172366 -0.5000002384186 -28.3836425142299 -44.1658107321082 -0.5000002384186 -33.2331534548618 -40.6424348611843 -0.5000002384186 -37.6494194166516 -36.5892226972514 -0.5000002384186 -41.5748676189791 -32.0590140594555 -0.5000002384186 -44.9583238413276 -27.1108671454514 -0.5000002384186 -47.7556795575094 -21.8092886174786 -0.5000002384186 -49.9304669577598 -16.2233926593686 -0.5000002384186 -51.4543343624079 -10.4259999674624 -0.5000002384186 -52.3074158293794 -4.49268842146829 -0.5000002384186 -52.4785901371321 1.49919218878107 -0.5000002384186 -51.9656257667873 7.47152853613072 -0.5000002384186 -50.7752099933902 13.3464620827816 -0.5000002384186 -48.9228617070534 19.0474040854004 -0.5000002384186 -46.4327291004909 24.5000340465156 -0.5000002384186 -43.3372748603963 29.6332685958614 -0.5000002384186 -39.6768529666763 34.3801881708165 -0.5000002384186 -35.4991826166094 38.6789094152436 -0.5000002384186 -30.858726132132 42.4733919236747 -0.5000002384186 -25.815978960183 45.7141688136992 -0.5000002384186 -20.4366810220365 48.3589916024263 -0.5000002384186 -14.7909596928922 50.3733809800696 -0.5000002384186 -8.95241558429353 51.7310763004802 -0.5000002384186 -2.99716304759846 52.4143779288289 -0.5000002384186 2.99716209299219 52.4143779834153 -0.5000002384186 8.952414642132 51.7310764635276 -0.5000002384186 14.790958775458 50.3733812494526 -0.5000002384186 20.4366801412897 48.358991974633 -0.5000002384186 25.8159781276055 45.7141692838774 -0.5000002384186 30.8587253585777 42.4733924856948 -0.5000002384186 35.4991819121628 38.6789100617788 -0.5000002384186 39.6768523405209 34.3801888934383 -0.5000002384186 43.3372743206951 29.6332693851493 -0.5000002384186 46.4327286542797 24.50003489218 -0.5000002384186 48.9228613601491 19.0474049764168 -0.5000002384186 50.7752097503153 13.3464630075343 -0.5000002384186 51.9656256307107 7.47152948256408 -0.5000002384186 52.4785901098278 1.4991931445569 -0.5000002384186 52.3074159112032 -4.49268746880999 -0.5000002384186 51.4543345522934 -10.425999030341 -0.5000002384186 49.9304672532313 -16.2233917500009 -0.5000002384186 47.755679954715 -21.8092877477196 -0.5000002384186 44.9583243350892 -27.1108663266397 -0.5000002384186 41.5748682028597 -32.0590133022656 -0.5000002384186 37.6494200830395 -36.5892220115545 -0.5000002384186 33.2331541950696 -40.6424342559194 -0.5000002384186 28.3836433186078 -44.1658102151659 -0.5000002384186 23.1641082443 -47.113417295356 -0.5000002384186 17.6425935940898 -49.4468289304156 -0.5000002384186 11.8910807555111 -51.1356255311883 -0.5000002384186 5.9845494942201 -52.1577910513015 -0.5000002384186 -5.480574145622e-07 -55.5 -0.5 -5.480574145622e-07 -55.5 -0.5 -6.00060606737345 -55.1746565628115 -0.5 -11.930859966956 -54.2024407240937 -0.5 -17.7212354419152 -52.59475082565 -0.5 -23.3038456339981 -50.3704355616148 -0.5 -28.6132395429316 -47.5555729947481 -0.5 -33.5871693795587 -44.183164814993 -0.5 -38.1673203642522 -40.292749424835 -0.5 -42.2999944143887 -35.9299383876829 -0.5 -45.9367397052702 -31.1458816739911 -0.5 -49.034918723469 -25.996667974623 -0.5 -51.5582081526889 -20.5426671122327 -0.5 -53.4770247314378 -14.847822260291 -0.5 -54.7688720897205 -8.97890026784083 -0.5 -55.4186044984086 -3.00470887923701 -0.5 -55.4186044390662 3.00470997374434 -0.5 -54.7688719123889 8.97890134951606 -0.5 -53.477024438196 14.8478233164525 -0.5 -51.558207746975 20.5426681304979 -0.5 -49.0349182100395 25.9966689430537 -0.5 -45.9367390901447 31.1458825812333 -0.5 -42.299993704779 35.9299392231 -0.5 -38.1673195684778 40.2927501786326 -0.5 -33.5871685069492 44.1831654783335 -0.5 -28.6132386037178 47.5555735598543 -0.5 -23.3038446391912 50.3704360218615 -0.5 -17.7212344031785 52.5947511756411 -0.5 -11.9308588964677 54.202440959726 -0.5 -6.00060497768405 55.1746566813224 -0.5 5.48057457059313e-07 55.5 -0.5 6.00060606737349 55.1746565628115 -0.5 11.930859966956 54.2024407240937 -0.5 17.7212354419153 52.59475082565 -0.5 23.3038456339982 50.3704355616148 -0.5 28.6132395429317 47.5555729947481 -0.5 33.5871693795587 44.183164814993 -0.5 38.1673203642523 40.2927494248349 -0.5 42.2999944143887 35.9299383876828 -0.5 45.9367397052702 31.1458816739911 -0.5 49.034918723469 25.996667974623 -0.5 51.5582081526889 20.5426671122327 -0.5 53.4770247314378 14.8478222602911 -0.5 54.7688720897205 8.9789002678409 -0.5 55.4186044984086 3.0047088792371 -0.5 55.4186044390662 -3.00470997374422 -0.5 54.7688719123889 -8.97890134951592 -0.5 53.477024438196 -14.8478233164523 -0.5 51.558207746975 -20.5426681304977 -0.5 49.0349182100396 -25.9966689430535 -0.5 45.9367390901448 -31.1458825812331 -0.5 42.2999937047791 -35.9299392230998 -0.5 38.167319568478 -40.2927501786324 -0.5 33.5871685069495 -44.1831654783333 -0.5 28.613238603718 -47.5555735598542 -0.5 23.3038446391915 -50.3704360218613 -0.5 17.7212344031789 -52.594751175641 -0.5 11.9308588964681 -54.2024409597259 -0.5 6.00060497768447 -55.1746566813223 -0.5 0 0 6.28318530717959 0 0.114239732857811 0 0.228479465715621 0 0.342719198573432 0 0.456958931431243 0 0.571198664289053 0 0.685438397146864 0 0.799678130004675 0 0.913917862862485 0 1.0281575957203 0 1.14239732857811 0 1.25663706143592 0 1.37087679429373 0 1.48511652715154 0 1.59935626000935 0 1.71359599286716 0 1.82783572572497 0 1.94207545858278 0 2.05631519144059 0 2.1705549242984 0 2.28479465715621 0 2.39903439001402 0 2.51327412287184 0 2.62751385572965 0 2.74175358858746 0 2.85599332144527 0 2.97023305430308 0 3.08447278716089 0 3.1987125200187 0 3.31295225287651 0 3.42719198573432 0 3.54143171859213 0 3.65567145144994 0 3.76991118430775 0 3.88415091716557 0 3.99839065002338 0 4.11263038288119 0 4.226870115739 0 4.34110984859681 0 4.45534958145462 0 4.56958931431243 0 4.68382904717024 0 4.79806878002805 0 4.91230851288586 0 5.02654824574367 0 5.14078797860148 0 5.25502771145929 0 5.3692674443171 0 5.48350717717491 0 5.59774691003272 0 5.71198664289053 0 5.82622637574834 0 5.94046610860615 0 6.05470584146396 0 6.16894557432177 0 0 3.00000000000019 6.28318530717959 3.00000000000019 0.108330781158269 3.00000000000019 0.216661562316537 3.00000000000019 0.324992343474806 3.00000000000019 0.433323124633075 3.00000000000019 0.541653905791344 3.00000000000019 0.649984686949612 3.00000000000019 0.758315468107881 3.00000000000019 0.86664624926615 3.00000000000019 0.974977030424419 3.00000000000019 1.08330781158269 3.00000000000019 1.19163859274096 3.00000000000019 1.29996937389923 3.00000000000019 1.40830015505749 3.00000000000019 1.51663093621576 3.00000000000019 1.62496171737403 3.00000000000019 1.7332924985323 3.00000000000019 1.84162327969057 3.00000000000019 1.94995406084884 3.00000000000019 2.05828484200711 3.00000000000019 2.16661562316538 3.00000000000019 2.27494640432364 3.00000000000019 2.38327718548191 3.00000000000019 2.49160796664018 3.00000000000019 2.59993874779845 3.00000000000019 2.70826952895672 3.00000000000019 2.81660031011499 3.00000000000019 2.92493109127326 3.00000000000019 3.03326187243153 3.00000000000019 3.14159265358979 3.00000000000019 3.24992343474806 3.00000000000019 3.35825421590633 3.00000000000019 3.4665849970646 3.00000000000019 3.57491577822287 3.00000000000019 3.68324655938114 3.00000000000019 3.79157734053941 3.00000000000019 3.89990812169768 3.00000000000019 4.00823890285594 3.00000000000019 4.11656968401421 3.00000000000019 4.22490046517248 3.00000000000019 4.33323124633075 3.00000000000019 4.44156202748902 3.00000000000019 4.54989280864729 3.00000000000019 4.65822358980555 3.00000000000019 4.76655437096382 3.00000000000019 4.87488515212209 3.00000000000019 4.98321593328036 3.00000000000019 5.09154671443863 3.00000000000019 5.1998774955969 3.00000000000019 5.30820827675516 3.00000000000019 5.41653905791343 3.00000000000019 5.5248698390717 3.00000000000019 5.63320062022997 3.00000000000019 5.74153140138824 3.00000000000019 5.84986218254651 3.00000000000019 5.95819296370477 3.00000000000019 6.06652374486304 3.00000000000019 6.17485452602131 3.00000000000019 1 3 59 3 4 60 5 6 62 7 8 64 6 7 63 4 5 61 9 10 66 10 11 67 12 13 69 14 15 71 13 14 70 11 12 68 8 9 65 16 17 73 17 18 74 19 20 76 21 22 79 20 21 78 18 19 75 23 24 81 24 25 82 26 27 84 28 29 86 27 28 85 25 26 83 22 23 80 15 16 72 59 57 1 60 59 3 62 61 5 64 63 7 62 6 63 60 4 61 66 65 9 67 66 10 69 68 12 71 70 14 69 13 70 67 11 68 64 8 65 73 72 16 74 73 17 76 75 19 78 77 20 76 20 77 74 18 75 80 79 22 82 81 24 80 23 81 84 83 26 86 85 28 84 27 85 82 25 83 78 21 79 71 15 72 29 87 86 87 30 88 88 30 31 90 32 33 92 34 35 91 33 34 89 31 32 37 94 36 35 36 93 38 95 37 96 38 39 99 40 41 98 39 40 42 100 41 30 87 29 101 42 43 102 43 44 104 45 46 106 47 48 105 46 47 103 44 45 108 49 50 110 51 52 109 50 51 112 53 54 114 55 56 113 54 55 111 52 53 107 48 49 115 56 2 89 88 31 90 89 32 92 91 34 94 93 36 92 35 93 90 33 91 96 95 38 97 96 39 99 98 40 101 100 42 99 41 100 97 39 98 94 37 95 103 102 44 104 103 45 106 105 47 108 107 49 106 48 107 104 46 105 110 109 51 112 111 53 110 52 111 114 113 55 58 115 2 114 56 115 112 54 113 108 50 109 101 43 102 
130 130 1 1.52735639360766
-5.480574145622e-07 -55.5 -0.5 -6.00060606737345 -55.1746565628115 -0.5 -11.930859966956 -54.2024407240937 -0.5 -17.7212354419152 -52.59475082565 -0.5 -23.3038456339981 -50.3704355616148 -0.5 -28.6132395429316 -47.5555729947481 -0.5 -33.5871693795587 -44.183164814993 -0.5 -38.1673203642522 -40.292749424835 -0.5 -42.2999944143887 -35.9299383876829 -0.5 -45.9367397052702 -31.1458816739911 -0.5 -49.034918723469 -25.996667974623 -0.5 -51.5582081526889 -20.5426671122327 -0.5 -53.4770247314378 -14.847822260291 -0.5 -54.7688720897205 -8.97890026784083 -0.5 -55.4186044984086 -3.00470887923701 -0.5 -55.4186044390662 3.00470997374434 -0.5 -54.7688719123889 8.97890134951606 -0.5 -53.477024438196 14.8478233164525 -0.5 -51.558207746975 20.5426681304979 -0.5 -49.0349182100395 25.9966689430537 -0.5 -45.9367390901447 31.1458825812333 -0.5 -42.299993704779 35.9299392231 -0.5 -38.1673195684778 40.2927501786326 -0.5 -33.5871685069492 44.1831654783335 -0.5 -28.6132386037178 47.5555735598543 -0.5 -23.3038446391912 50.3704360218615 -0.5 -17.7212344031785 52.5947511756411 -0.5 -11.9308588964677 54.202440959726 -0.5 -6.00060497768405 55.1746566813224 -0.5 5.48057457059313e-07 55.5 -0.5 6.00060606737349 55.1746565628115 -0.5 11.930859966956 54.2024407240937 -0.5 17.7212354419153 52.59475082565 -0.5 23.3038456339982 50.3704355616148 -0.5 28.6132395429317 47.5555729947481 -0.5 33.5871693795587 44.183164814993 -0.5 38.1673203642523 40.2927494248349 -0.5 42.2999944143887 35.9299383876828 -0.5 45.9367397052702 31.1458816739911 -0.5 49.034918723469 25.996667974623 -0.5 51.5582081526889 20.5426671122327 -0.5 53.4770247314378 14.8478222602911 -0.5 54.7688720897205 8.9789002678409 -0.5 55.4186044984086 3.0047088792371 -0.5 55.4186044390662 -3.00470997374422 -0.5 54.7688719123889 -8.97890134951592 -0.5 53.477024438196 -14.8478233164523 -0.5 51.558207746975 -20.5426681304977 -0.5 49.0349182100396 -25.9966689430535 -0.5 45.9367390901448 -31.1458825812331 -0.5 42.2999937047791 -35.9299392230998 -0.5 38.167319568478 -40.2927501786324 -0.5 33.5871685069495 -44.1831654783333 -0.5 28.613238603718 -47.5555735598542 -0.5 23.3038446391915 -50.3704360218613 -0.5 17.7212344031789 -52.594751175641 -0.5 11.9308588964681 -54.2024409597259 -0.5 6.00060497768447 -55.1746566813223 -0.5 -3.131292487524e-07 -72.5 -0.5 -6.31879166114291 -72.2241155843605 -0.5 -12.5894931892246 -71.3985620390108 -0.5 -18.7643810723924 -70.0296223249136 -0.5 -24.7964606853562 -68.1277148998819 -0.5 -30.6398242599922 -65.707314427823 -0.5 -36.2500002711779 -62.7868416178072 -0.5 -41.5842918919513 -59.3885230313483 -0.5 -46.602101942145 -55.5382219248503 -0.5 -51.2652418574405 -51.2652414146089 -0.5 -55.5382223274015 -46.6021014624032 -0.5 -59.3885233905555 -41.5842913789504 -0.5 -62.7868419309364 -36.2499997288221 -0.5 -65.7073146924913 -30.6398236924092 -0.5 -68.1277151140749 -24.7964600968658 -0.5 -70.0296224870012 -18.7643804674732 -0.5 -71.3985621477594 -12.5894925724804 -0.5 -72.2241156389425 -6.31879103726757 -0.5 -72.5 3.13129196018354e-07 -0.5 -72.2241155843605 6.31879166114285 -0.5 -71.3985620390108 12.5894931892245 -0.5 -70.0296223249137 18.7643810723923 -0.5 -68.1277148998819 24.7964606853561 -0.5 -65.707314427823 30.6398242599921 -0.5 -62.7868416178072 36.2500002711778 -0.5 -59.3885230313484 41.5842918919512 -0.5 -55.5382219248504 46.602101942145 -0.5 -51.265241414609 51.2652418574404 -0.5 -46.6021014624033 55.5382223274014 -0.5 -41.5842913789505 59.3885233905554 -0.5 -36.2499997288222 62.7868419309364 -0.5 -30.6398236924094 65.7073146924912 -0.5 -24.7964600968659 68.1277151140748 -0.5 -18.7643804674733 70.0296224870012 -0.5 -12.5894925724805 71.3985621477594 -0.5 -6.31879103726768 72.2241156389425 -0.5 3.13129078891372e-07 72.5 -0.5 6.31879166114274 72.2241155843606 -0.5 12.5894931892244 71.3985620390108 -0.5 18.7643810723922 70.0296223249137 -0.5 24.796460685356 68.1277148998819 -0.5 30.639824259992 65.7073144278231 -0.5 36.2500002711777 62.7868416178073 -0.5 41.5842918919511 59.3885230313485 -0.5 46.6021019421448 55.5382219248505 -0.5 51.2652418574403 51.265241414609 -0.5 55.5382223274014 46.6021014624033 -0.5 59.3885233905553 41.5842913789506 -0.5 62.7868419309363 36.2499997288223 -0.5 65.7073146924912 30.6398236924094 -0.5 68.1277151140748 24.796460096866 -0.5 70.0296224870012 18.7643804674734 -0.5 71.3985621477594 12.5894925724806 -0.5 72.2241156389425 6.31879103726778 -0.5 72.5 -3.13128977862624e-07 -0.5 72.2241155843606 -6.31879166114264 -0.5 71.3985620390108 -12.5894931892243 -0.5 70.0296223249137 -18.7643810723921 -0.5 68.127714899882 -24.7964606853559 -0.5 65.7073144278231 -30.6398242599919 -0.5 62.7868416178073 -36.2500002711776 -0.5 59.3885230313485 -41.584291891951 -0.5 55.5382219248505 -46.6021019421448 -0.5 51.2652414146091 -51.2652418574403 -0.5 46.6021014624034 -55.5382223274013 -0.5 41.5842913789507 -59.3885233905553 -0.5 36.2499997288224 -62.7868419309362 -0.5 30.6398236924096 -65.7073146924911 -0.5 24.7964600968661 -68.1277151140747 -0.5 18.7643804674735 -70.0296224870012 -0.5 12.5894925724807 -71.3985621477593 -0.5 6.31879103726792 -72.2241156389425 -0.5 -55.5 0 -55.174656622067 6.00060552252877 -54.2024408419098 11.9308594317118 -52.5947510006455 17.7212349225469 -50.3704357917381 23.3038451365947 -47.5555732773012 28.6132390733247 -44.1831651466632 33.587168943254 -40.2927498017338 38.167319966365 -35.9299388053914 42.2999940595838 -31.1458821276122 45.9367393977074 -25.9966684588383 49.0349184667543 -20.5426676213652 51.5582079498319 -14.8478227883717 53.4770245848169 -8.97890080867842 54.7688720010547 -3.00470942649065 55.4186044687374 3.00470942649069 55.4186044687374 8.97890080867847 54.7688720010547 14.8478227883718 53.4770245848169 20.5426676213653 51.5582079498319 25.9966684588384 49.0349184667543 31.1458821276123 45.9367393977074 35.9299388053915 42.2999940595838 40.2927498017338 38.167319966365 44.1831651466632 33.5871689432539 47.5555732773012 28.6132390733247 50.3704357917381 23.3038451365947 52.5947510006456 17.7212349225469 54.2024408419098 11.9308594317118 55.174656622067 6.00060552252873 55.5 -4.2632564145606e-14 55.174656622067 -6.00060552252882 54.2024408419098 -11.9308594317119 52.5947510006455 -17.7212349225469 50.3704357917381 -23.3038451365947 47.5555732773012 -28.6132390733248 44.1831651466632 -33.587168943254 40.2927498017337 -38.167319966365 35.9299388053914 -42.2999940595839 31.1458821276122 -45.9367393977074 25.9966684588383 -49.0349184667543 20.5426676213653 -51.5582079498319 14.8478227883718 -53.4770245848169 8.97890080867849 -54.7688720010547 3.00470942649075 -55.4186044687374 -3.00470942649058 -55.4186044687374 -8.97890080867833 -54.7688720010547 -14.8478227883716 -53.4770245848169 -20.5426676213651 -51.558207949832 -25.9966684588382 -49.0349184667544 -31.1458821276121 -45.9367393977075 -35.9299388053913 -42.299994059584 -40.2927498017336 -38.1673199663652 -44.1831651466631 -33.5871689432542 -47.5555732773011 -28.613239073325 -50.370435791738 -23.303845136595 -52.5947510006454 -17.7212349225472 -54.2024408419097 -11.9308594317122 -55.1746566220669 -6.00060552252916 -72.5 -4.02801632048977e-07 -72.224115646758 6.31879094793639 -71.3985621633309 12.5894924841703 -70.0296225102102 18.7643803808563 -68.1277151447446 24.7964600126013 -65.7073147303884 30.6398236111385 -62.7868419757726 36.2499996511636 -59.3885234419894 41.5842913054951 -55.5382223850418 46.6021013937102 -51.2652419208484 51.2652413512009 -46.602102010838 55.53822186721 -41.5842919654066 59.3885229799144 -36.2500003488364 62.786841572971 -30.639824341263 65.7073143899258 -24.7964607696207 68.1277148692121 -18.7643811590093 70.0296223017047 -12.5894932775346 71.3985620234393 -6.31879175047409 72.2241155765451 -4.02801660470686e-07 72.5 6.31879094793634 72.224115646758 12.5894924841702 71.3985621633309 18.7643803808562 70.0296225102102 24.7964600126012 68.1277151447447 30.6398236111384 65.7073147303885 36.2499996511635 62.7868419757726 41.584291305495 59.3885234419895 46.6021013937101 55.5382223850418 51.2652413512009 51.2652419208485 55.53822186721 46.6021020108381 59.3885229799143 41.5842919654067 62.786841572971 36.2500003488365 65.7073143899257 30.6398243412631 68.127714869212 24.7964607696208 70.0296223017047 18.7643811590094 71.3985620234393 12.5894932775348 72.2241155765451 6.3187917504742 72.5 4.02801774157524e-07 72.224115646758 -6.31879094793621 71.3985621633309 -12.5894924841701 70.0296225102102 -18.7643803808561 68.1277151447447 -24.7964600126011 65.7073147303885 -30.6398236111383 62.7868419757727 -36.2499996511634 59.3885234419895 -41.5842913054949 55.5382223850419 -46.60210139371 51.2652419208486 -51.2652413512008 46.6021020108382 -55.5382218672099 41.5842919654068 -59.3885229799143 36.2500003488366 -62.7868415729709 30.6398243412632 -65.7073143899257 24.7964607696209 -68.127714869212 18.7643811590095 -70.0296223017046 12.5894932775348 -71.3985620234393 6.3187917504743 -72.2241155765451 4.02801873633507e-07 -72.5 -6.31879094793611 -72.224115646758 -12.58949248417 -71.3985621633309 -18.764380380856 -70.0296225102103 -24.796460012601 -68.1277151447447 -30.6398236111382 -65.7073147303886 -36.2499996511633 -62.7868419757728 -41.5842913054948 -59.3885234419896 -46.6021013937099 -55.538222385042 -51.2652413512007 -51.2652419208487 -55.5382218672098 -46.6021020108383 -59.3885229799142 -41.5842919654069 -62.7868415729708 -36.2500003488367 -65.7073143899257 -30.6398243412633 -68.127714869212 -24.796460769621 -70.0296223017046 -18.7643811590096 -71.3985620234392 -12.589493277535 -72.224115576545 -6.31879175047443 125 55 126 126 55 127 125 124 54 52 123 122 124 53 54 123 53 124 122 121 51 54 55 125 58 130 129 130 1 59 129 128 57 56 128 127 57 58 129 56 57 128 127 55 56 1 130 58 118 49 119 119 50 120 48 118 117 46 115 114 117 116 47 115 47 116 114 113 45 114 45 46 50 51 120 53 123 52 52 122 51 46 47 115 48 49 118 47 48 117 50 119 49 121 120 51 61 60 2 1 60 59 3 62 61 2 60 1 2 3 61 62 4 63 3 4 62 63 4 5 65 64 5 6 66 65 63 5 64 68 67 8 66 7 67 9 69 68 6 7 66 6 65 5 9 68 8 9 10 70 9 70 69 11 12 72 13 14 75 12 13 73 10 11 71 71 11 72 73 72 12 71 70 10 13 75 74 74 73 13 76 75 14 76 15 77 77 15 16 76 14 15 8 67 7 44 113 112 43 112 111 110 42 111 41 109 108 40 108 107 109 42 110 106 39 107 43 44 112 41 42 109 43 111 42 39 40 107 104 37 38 39 106 38 41 108 40 38 106 105 103 37 104 102 35 36 37 103 36 104 38 105 102 101 35 101 34 35 36 103 102 34 101 100 33 34 99 31 32 97 33 98 32 97 32 98 96 31 97 98 33 99 34 100 99 31 96 30 19 20 82 17 18 79 19 81 18 86 22 23 21 22 84 22 85 84 20 21 83 79 78 17 18 80 79 78 16 17 16 78 77 19 82 81 18 81 80 20 83 82 21 84 83 23 24 87 29 30 94 27 28 92 29 93 28 94 93 29 92 28 93 30 95 94 30 96 95 27 92 91 23 87 86 85 22 86 25 26 89 25 88 24 26 90 89 87 24 88 25 89 88 90 26 91 26 27 91 44 45 113 
146 144 1 0.994884345211986
-3.131292487524e-07 -72.5 -0.5 -3.131292487524e-07 -72.5 -0.5 -6.31879166114291 -72.2241155843605 -0.5 -12.5894931892246 -71.3985620390108 -0.5 -18.7643810723924 -70.0296223249136 -0.5 -24.7964606853562 -68.1277148998819 -0.5 -30.6398242599922 -65.707314427823 -0.5 -36.2500002711779 -62.7868416178072 -0.5 -41.5842918919513 -59.3885230313483 -0.5 -46.602101942145 -55.5382219248503 -0.5 -51.2652418574405 -51.2652414146089 -0.5 -55.5382223274015 -46.6021014624032 -0.5 -59.3885233905555 -41.5842913789504 -0.5 -62.7868419309364 -36.2499997288221 -0.5 -65.7073146924913 -30.6398236924092 -0.5 -68.1277151140749 -24.7964600968658 -0.5 -70.0296224870012 -18.7643804674732 -0.5 -71.3985621477594 -12.5894925724804 -0.5 -72.2241156389425 -6.31879103726757 -0.5 -72.5 3.13129196018354e-07 -0.5 -72.2241155843605 6.31879166114285 -0.5 -71.3985620390108 12.5894931892245 -0.5 -70.0296223249137 18.7643810723923 -0.5 -68.1277148998819 24.7964606853561 -0.5 -65.707314427823 30.6398242599921 -0.5 -62.7868416178072 36.2500002711778 -0.5 -59.3885230313484 41.5842918919512 -0.5 -55.5382219248504 46.602101942145 -0.5 -51.265241414609 51.2652418574404 -0.5 -46.6021014624033 55.5382223274014 -0.5 -41.5842913789505 59.3885233905554 -0.5 -36.2499997288222 62.7868419309364 -0.5 -30.6398236924094 65.7073146924912 -0.5 -24.7964600968659 68.1277151140748 -0.5 -18.7643804674733 70.0296224870012 -0.5 -12.5894925724805 71.3985621477594 -0.5 -6.31879103726768 72.2241156389425 -0.5 3.13129078891372e-07 72.5 -0.5 6.31879166114274 72.2241155843606 -0.5 12.5894931892244 71.3985620390108 -0.5 18.7643810723922 70.0296223249137 -0.5 24.796460685356 68.1277148998819 -0.5 30.639824259992 65.7073144278231 -0.5 36.2500002711777 62.7868416178073 -0.5 41.5842918919511 59.3885230313485 -0.5 46.6021019421448 55.5382219248505 -0.5 51.2652418574403 51.265241414609 -0.5 55.5382223274014 46.6021014624033 -0.5 59.3885233905553 41.5842913789506 -0.5 62.7868419309363 36.2499997288223 -0.5 65.7073146924912 30.6398236924094 -0.5 68.1277151140748 24.796460096866 -0.5 70.0296224870012 18.7643804674734 -0.5 71.3985621477594 12.5894925724806 -0.5 72.2241156389425 6.31879103726778 -0.5 72.5 -3.13128977862624e-07 -0.5 72.2241155843606 -6.31879166114264 -0.5 71.3985620390108 -12.5894931892243 -0.5 70.0296223249137 -18.7643810723921 -0.5 68.127714899882 -24.7964606853559 -0.5 65.7073144278231 -30.6398242599919 -0.5 62.7868416178073 -36.2500002711776 -0.5 59.3885230313485 -41.584291891951 -0.5 55.5382219248505 -46.6021019421448 -0.5 51.2652414146091 -51.2652418574403 -0.5 46.6021014624034 -55.5382223274013 -0.5 41.5842913789507 -59.3885233905553 -0.5 36.2499997288224 -62.7868419309362 -0.5 30.6398236924096 -65.7073146924911 -0.5 24.7964600968661 -68.1277151140747 -0.5 18.7643804674735 -70.0296224870012 -0.5 12.5894925724807 -71.3985621477593 -0.5 6.31879103726792 -72.2241156389425 -0.5 -2.952376974008e-07 -72.5 10 -2.952376974008e-07 -72.5 10 -6.31879164331945 -72.2241155859199 10 -12.5894931716048 -71.3985620421176 10 -18.7643810551105 -70.0296223295443 10 -24.7964606685437 -68.1277149060011 10 -30.6398242437769 -65.7073144353843 10 -36.2500002556833 -62.786841626753 10 -41.5842918772954 -59.3885230416105 10 -46.6021019284393 -55.5382219363508 10 -51.2652418447893 -51.2652414272601 10 -55.538222315901 -46.6021014761089 10 -59.3885233802933 -41.5842913936063 10 -62.7868419219906 -36.2499997443167 10 -65.70731468493 -30.6398237086245 10 -68.1277151079556 -24.7964601136783 10 -70.0296224823706 -18.7643804847551 10 -71.3985621446526 -12.5894925901001 10 -72.2241156373832 -6.31879105509103 10 -72.5 2.95237644666754e-07 10 -72.2241155859199 6.31879164331939 10 -71.3985620421176 12.5894931716048 10 -70.0296223295443 18.7643810551104 10 -68.1277149060011 24.7964606685436 10 -65.7073144353843 30.6398242437769 10 -62.786841626753 36.2500002556833 10 -59.3885230416106 41.5842918772953 10 -55.5382219363508 46.6021019284392 10 -51.2652414272602 51.2652418447892 10 -46.602101476109 55.538222315901 10 -41.5842913936064 59.3885233802932 10 -36.2499997443168 62.7868419219906 10 -30.6398237086246 65.7073146849299 10 -24.7964601136784 68.1277151079556 10 -18.7643804847552 70.0296224823706 10 -12.5894925901002 71.3985621446525 10 -6.31879105509115 72.2241156373832 10 2.95237527539772e-07 72.5 10 6.31879164331927 72.2241155859199 10 12.5894931716046 71.3985620421176 10 18.7643810551103 70.0296223295444 10 24.7964606685435 68.1277149060012 10 30.6398242437767 65.7073144353844 10 36.2500002556832 62.7868416267531 10 41.5842918772952 59.3885230416107 10 46.6021019284391 55.5382219363509 10 51.2652418447891 51.2652414272603 10 55.5382223159009 46.6021014761091 10 59.3885233802932 41.5842913936065 10 62.7868419219905 36.2499997443168 10 65.7073146849299 30.6398237086247 10 68.1277151079555 24.7964601136785 10 70.0296224823705 18.7643804847553 10 71.3985621446525 12.5894925901003 10 72.2241156373832 6.31879105509125 10 72.5 -2.95237426511024e-07 10 72.2241155859199 -6.31879164331917 10 71.3985620421176 -12.5894931716045 10 70.0296223295444 -18.7643810551102 10 68.1277149060012 -24.7964606685434 10 65.7073144353844 -30.6398242437767 10 62.7868416267531 -36.2500002556831 10 59.3885230416107 -41.5842918772951 10 55.538221936351 -46.602101928439 10 51.2652414272604 -51.265241844789 10 46.6021014761092 -55.5382223159008 10 41.5842913936066 -59.3885233802931 10 36.249999744317 -62.7868419219905 10 30.6398237086248 -65.7073146849298 10 24.7964601136786 -68.1277151079555 10 18.7643804847554 -70.0296224823705 10 12.5894925901005 -71.3985621446525 10 6.31879105509138 -72.2241156373832 10 0 0 6.28318530717959 0 0.0872664625997165 0 0.174532925199433 0 0.261799387799149 0 0.349065850398866 0 0.436332312998582 0 0.523598775598299 0 0.610865238198015 0 0.698131700797732 0 0.785398163397448 0 0.872664625997165 0 0.959931088596881 0 1.0471975511966 0 1.13446401379631 0 1.22173047639603 0 1.30899693899575 0 1.39626340159546 0 1.48352986419518 0 1.5707963267949 0 1.65806278939461 0 1.74532925199433 0 1.83259571459405 0 1.91986217719376 0 2.00712863979348 0 2.09439510239319 0 2.18166156499291 0 2.26892802759263 0 2.35619449019234 0 2.44346095279206 0 2.53072741539178 0 2.61799387799149 0 2.70526034059121 0 2.79252680319093 0 2.87979326579064 0 2.96705972839036 0 3.05432619099007 0 3.14159265358979 0 3.22885911618951 0 3.31612557878922 0 3.40339204138894 0 3.49065850398866 0 3.57792496658837 0 3.66519142918809 0 3.75245789178781 0 3.83972435438752 0 3.92699081698724 0 4.01425727958696 0 4.10152374218667 0 4.18879020478639 0 4.2760566673861 0 4.36332312998582 0 4.45058959258554 0 4.53785605518525 0 4.62512251778497 0 4.71238898038469 0 4.7996554429844 0 4.88692190558412 0 4.97418836818384 0 5.06145483078355 0 5.14872129338327 0 5.23598775598298 0 5.3232542185827 0 5.41052068118242 0 5.49778714378213 0 5.58505360638185 0 5.67232006898157 0 5.75958653158128 0 5.846852994181 0 5.93411945678072 0 6.02138591938043 0 6.10865238198015 0 6.19591884457986 0 0 10.5 6.28318530717959 10.5 0.0872664625997165 10.5 0.174532925199433 10.5 0.261799387799149 10.5 0.349065850398866 10.5 0.436332312998582 10.5 0.523598775598299 10.5 0.610865238198015 10.5 0.698131700797732 10.5 0.785398163397448 10.5 0.872664625997165 10.5 0.959931088596881 10.5 1.0471975511966 10.5 1.13446401379631 10.5 1.22173047639603 10.5 1.30899693899575 10.5 1.39626340159546 10.5 1.48352986419518 10.5 1.5707963267949 10.5 1.65806278939461 10.5 1.74532925199433 10.5 1.83259571459405 10.5 1.91986217719376 10.5 2.00712863979348 10.5 2.09439510239319 10.5 2.18166156499291 10.5 2.26892802759263 10.5 2.35619449019234 10.5 2.44346095279206 10.5 2.53072741539178 10.5 2.61799387799149 10.5 2.70526034059121 10.5 2.79252680319093 10.5 2.87979326579064 10.5 2.96705972839036 10.5 3.05432619099007 10.5 3.14159265358979 10.5 3.22885911618951 10.5 3.31612557878922 10.5 3.40339204138894 10.5 3.49065850398866 10.5 3.57792496658837 10.5 3.66519142918809 10.5 3.75245789178781 10.5 3.83972435438752 10.5 3.92699081698724 10.5 4.01425727958696 10.5 4.10152374218667 10.5 4.18879020478639 10.5 4.2760566673861 10.5 4.36332312998582 10.5 4.45058959258554 10.5 4.53785605518525 10.5 4.62512251778497 10.5 4.71238898038469 10.5 4.7996554429844 10.5 4.88692190558412 10.5 4.97418836818384 10.5 5.06145483078355 10.5 5.14872129338327 10.5 5.23598775598298 10.5 5.3232542185827 10.5 5.41052068118242 10.5 5.49778714378213 10.5 5.58505360638185 10.5 5.67232006898157 10.5 5.75958653158128 10.5 5.846852994181 10.5 5.93411945678072 10.5 6.02138591938043 10.5 6.10865238198015 10.5 6.19591884457986 10.5 1 3 76 4 5 78 3 4 77 6 7 80 8 9 82 9 10 83 7 8 81 5 6 79 11 12 85 13 14 87 12 13 86 15 16 89 17 18 91 18 19 92 16 17 90 14 15 88 10 11 84 20 21 94 22 23 96 21 22 95 24 25 98 26 27 100 27 28 101 25 26 99 23 24 97 29 30 103 31 32 105 30 31 104 33 34 107 35 36 109 36 37 110 34 35 108 32 33 106 28 29 102 19 20 93 74 1 76 77 4 78 3 77 76 79 6 80 81 8 82 82 9 83 7 81 80 5 79 78 84 11 85 86 13 87 12 86 85 88 15 89 90 17 91 91 18 92 16 90 89 14 88 87 10 84 83 93 20 94 95 22 96 21 95 94 24 98 97 97 96 23 98 25 99 99 26 100 101 100 27 92 19 93 101 28 102 103 30 104 104 31 105 29 103 102 106 33 107 108 35 109 109 36 110 34 108 107 32 106 105 38 111 110 38 110 37 39 40 113 41 42 115 40 41 114 43 44 117 45 46 119 46 47 120 44 45 118 42 43 116 48 49 122 50 51 124 49 50 123 52 53 126 54 55 128 55 56 129 53 54 127 51 52 125 47 48 121 57 58 131 59 60 133 58 59 132 61 62 135 63 64 137 64 65 138 62 63 136 60 61 134 66 67 140 68 69 142 67 68 141 70 71 144 72 73 146 73 2 75 71 72 145 69 70 143 65 66 139 56 57 130 112 111 39 114 113 40 112 39 113 116 115 42 118 117 44 119 118 45 116 43 117 114 41 115 121 120 47 123 122 49 121 48 122 125 124 51 127 126 53 128 127 54 125 52 126 123 50 124 119 46 120 130 129 56 132 131 58 130 57 131 134 133 60 136 135 62 137 136 63 134 61 135 132 59 133 139 138 65 141 140 67 142 141 68 139 66 140 144 143 70 146 145 72 75 146 73 144 71 145 142 69 143 137 64 138 128 55 129 39 111 38 
73 72 1 1.56952869042397
-2.952376974008e-07 -72.5 10 -6.31879164331945 -72.2241155859199 10 -12.5894931716048 -71.3985620421176 10 -18.7643810551105 -70.0296223295443 10 -24.7964606685437 -68.1277149060011 10 -30.6398242437769 -65.7073144353843 10 -36.2500002556833 -62.786841626753 10 -41.5842918772954 -59.3885230416105 10 -46.6021019284393 -55.5382219363508 10 -51.2652418447893 -51.2652414272601 10 -55.538222315901 -46.6021014761089 10 -59.3885233802933 -41.5842913936063 10 -62.7868419219906 -36.2499997443167 10 -65.70731468493 -30.6398237086245 10 -68.1277151079556 -24.7964601136783 10 -70.0296224823706 -18.7643804847551 10 -71.3985621446526 -12.5894925901001 10 -72.2241156373832 -6.31879105509103 10 -72.5 2.95237644666754e-07 10 -72.2241155859199 6.31879164331939 10 -71.3985620421176 12.5894931716048 10 -70.0296223295443 18.7643810551104 10 -68.1277149060011 24.7964606685436 10 -65.7073144353843 30.6398242437769 10 -62.786841626753 36.2500002556833 10 -59.3885230416106 41.5842918772953 10 -55.5382219363508 46.6021019284392 10 -51.2652414272602 51.2652418447892 10 -46.602101476109 55.538222315901 10 -41.5842913936064 59.3885233802932 10 -36.2499997443168 62.7868419219906 10 -30.6398237086246 65.7073146849299 10 -24.7964601136784 68.1277151079556 10 -18.7643804847552 70.0296224823706 10 -12.5894925901002 71.3985621446525 10 -6.31879105509115 72.2241156373832 10 2.95237527539772e-07 72.5 10 6.31879164331927 72.2241155859199 10 12.5894931716046 71.3985620421176 10 18.7643810551103 70.0296223295444 10 24.7964606685435 68.1277149060012 10 30.6398242437767 65.7073144353844 10 36.2500002556832 62.7868416267531 10 41.5842918772952 59.3885230416107 10 46.6021019284391 55.5382219363509 10 51.2652418447891 51.2652414272603 10 55.5382223159009 46.6021014761091 10 59.3885233802932 41.5842913936065 10 62.7868419219905 36.2499997443168 10 65.7073146849299 30.6398237086247 10 68.1277151079555 24.7964601136785 10 70.0296224823705 18.7643804847553 10 71.3985621446525 12.5894925901003 10 72.2241156373832 6.31879105509125 10 72.5 -2.95237426511024e-07 10 72.2241155859199 -6.31879164331917 10 71.3985620421176 -12.5894931716045 10 70.0296223295444 -18.7643810551102 10 68.1277149060012 -24.7964606685434 10 65.7073144353844 -30.6398242437767 10 62.7868416267531 -36.2500002556831 10 59.3885230416107 -41.5842918772951 10 55.538221936351 -46.602101928439 10 51.2652414272604 -51.265241844789 10 46.6021014761092 -55.5382223159008 10 41.5842913936066 -59.3885233802931 10 36.249999744317 -62.7868419219905 10 30.6398237086248 -65.7073146849298 10 24.7964601136786 -68.1277151079555 10 18.7643804847554 -70.0296224823705 10 12.5894925901005 -71.3985621446525 10 6.31879105509138 -72.2241156373832 10 0 0 10 72.5 0 72.2241156116515 6.31879134920521 71.3985620933851 12.5894928808524 70.0296224059575 18.7643807699328 68.1277150069783 24.796460391111 65.7073145601571 30.6398239762007 62.7868417743718 36.25 59.3885232109519 41.5842916354508 55.5382221261259 46.6021017022741 51.2652416360247 51.2652416360247 46.6021017022741 55.5382221261259 41.5842916354509 59.3885232109519 36.25 62.7868417743718 30.6398239762007 65.7073145601571 24.796460391111 68.1277150069783 18.7643807699328 70.0296224059574 12.5894928808525 71.3985620933851 6.31879134920526 72.2241156116515 5.6843418860808e-14 72.5 -6.31879134920516 72.2241156116515 -12.5894928808524 71.3985620933851 -18.7643807699327 70.0296224059575 -24.7964603911109 68.1277150069784 -30.6398239762006 65.7073145601572 -36.2499999999999 62.7868417743719 -41.5842916354508 59.3885232109519 -46.602101702274 55.538222126126 -51.2652416360246 51.2652416360248 -55.5382221261258 46.6021017022742 -59.3885232109518 41.5842916354509 -62.7868417743717 36.2500000000001 -65.7073145601571 30.6398239762008 -68.1277150069783 24.7964603911111 -70.0296224059574 18.7643807699329 -71.3985620933851 12.5894928808526 -72.2241156116515 6.31879134920538 -72.5 1.70530256582424e-13 -72.2241156116516 -6.31879134920504 -71.3985620933851 -12.5894928808523 -70.0296224059575 -18.7643807699326 -68.1277150069784 -24.7964603911108 -65.7073145601572 -30.6398239762005 -62.7868417743719 -36.2499999999998 -59.388523210952 -41.5842916354507 -55.5382221261261 -46.6021017022739 -51.2652416360249 -51.2652416360245 -46.6021017022743 -55.5382221261258 -41.584291635451 -59.3885232109518 -36.2500000000002 -62.7868417743717 -30.6398239762009 -65.707314560157 -24.7964603911112 -68.1277150069783 -18.764380769933 -70.0296224059574 -12.5894928808527 -71.398562093385 -6.31879134920548 -72.2241156116515 -2.70006239588838e-13 -72.5 6.31879134920494 -72.2241156116516 12.5894928808522 -71.3985620933851 18.7643807699325 -70.0296224059575 24.7964603911107 -68.1277150069785 30.6398239762004 -65.7073145601572 36.2499999999997 -62.786841774372 41.5842916354506 -59.3885232109521 46.6021017022738 -55.5382221261261 51.2652416360245 -51.2652416360249 55.5382221261257 -46.6021017022744 59.3885232109517 -41.5842916354511 62.7868417743716 -36.2500000000003 65.707314560157 -30.639823976201 68.1277150069782 -24.7964603911113 70.0296224059574 -18.7643807699331 71.398562093385 -12.5894928808528 72.2241156116515 -6.31879134920561 0 0 73 43 44 73 44 45 73 42 43 41 73 40 41 42 73 40 73 39 73 37 38 73 45 46 73 52 53 52 73 51 73 48 49 38 39 73 73 49 50 73 50 51 73 47 48 73 46 47 54 73 53 35 36 73 73 33 34 34 35 73 32 33 73 31 73 30 29 30 73 73 28 29 73 36 37 26 27 73 73 24 25 73 27 28 22 23 73 21 73 20 24 73 23 21 22 73 73 25 26 32 73 31 54 55 73 73 56 57 73 57 58 73 58 59 73 60 61 60 73 59 62 63 73 62 73 61 73 63 64 56 73 55 65 66 73 66 67 73 67 68 73 73 69 70 73 71 72 73 70 71 68 69 73 73 64 65 73 72 1 14 73 13 12 13 73 11 12 73 17 18 73 16 17 73 15 73 14 16 73 15 18 19 73 5 73 4 73 3 4 73 6 7 5 6 73 10 73 9 73 8 9 73 7 8 10 11 73 73 2 3 73 1 2 73 19 20 

TShapes 28
Ve
0.003
4.780829385709e-07 -52.5 -5
0 0

0101100
*
Ed
 0.003 1 1 0
1  1 0 0 6.28318530717959
2  1 1 0 0 6.28318530717959
2  2 2 0 0 6.28318530717959
6  1 2 0
6  2 1 0
0

0101100
+28 0 -28 0 *
Wi

0101000
-27 0 *
Fa
0  0.003 1 0
2  1
0111000
+26 0 *
Ve
0.003
4.780829385709e-07 -52.5 -0.5000002384186
0 0

0101100
*
Ed
 0.003 1 1 0
1  2 0 0 6.28318530717959
2  3 2 0 0 6.28318530717959
2  4 3 0 0 6.28318530717959
6  3 3 0
6  4 2 0
0

0101100
+24 0 -24 0 *
Ed
 0.003 1 1 0
1  3 0 0 4.4999997615814
3  5 6CN 2 0 0 4.4999997615814
7  5 6 2 0
0

0101000
+28 0 -24 0 *
Wi

0101000
+27 0 -23 0 -22 0 +22 0 *
Fa
0  0.003 2 0
2  2
0111000
+21 0 *
Ve
0.003
-5.480574145622e-07 -55.5 -0.5
0 0

0101100
*
Ed
 0.003 1 1 0
1  4 0 0 6.28318530717959
2  7 3 0 0 6.28318530717959
2  8 4 0 0 6.28318530717959
6  7 3 0
6  8 4 0
0

0101100
+19 0 -19 0 *
Ed
 0.003 1 1 0
1  5 0 0 3.00000000000019
3  9 10CN 3 0 0 3.00000000000019
7  9 10 3 0
0

0101000
+24 0 -19 0 *
Wi

0101000
+23 0 -18 0 -17 0 +17 0 *
Fa
0  0.003 3 0
2  3
0111000
+16 0 *
Wi

0101000
+18 0 *
Ve
0.003
-3.131292487524e-07 -72.5 -0.5
0 0

0101100
*
Ed
 0.003 1 1 0
1  6 0 0 6.28318530717959
2  11 4 0 0 6.28318530717959
2  12 5 0 0 6.28318530717959
6  11 5 0
6  12 4 0
0

0101100
+13 0 -13 0 *
Wi

0101000
-12 0 *
Fa
0  0.003 4 0
2  4
0111000
+14 0 +11 0 *
Ve
0.003
-2.952376974008e-07 -72.5 10
0 0

0101100
*
Ed
 0.003 1 1 0
1  7 0 0 6.28318530717959
2  13 5 0 0 6.28318530717959
2  14 6 0 0 6.28318530717959
6  13 5 0
6  14 6 0
0

0101100
+9 0 -9 0 *
Ed
 0.003 1 1 0
1  8 0 0 10.5
3  15 16CN 5 0 0 10.5
7  15 16 5 0
0

0101000
+13 0 -9 0 *
Wi

0101000
+12 0 -8 0 -7 0 +7 0 *
Fa
0  0.003 5 0
2  5
0111000
+6 0 *
Wi

0101000
+8 0 *
Fa
0  0.003 6 0
2  6
0111000
+4 0 *
Sh

0101000
-25 0 -20 0 -15 0 -10 0 -5 0 -3 0 *
So

0100000
+2 0 *

+1 0 
0

