DBRep_DrawableShape

CASCADE Topology V1, (c) Matra-Datavision
Locations 9
1
1.11022302462516e-16               1               0               0 
             -1 1.11022302462516e-16               0               0 
              0               0               1               0 
1
              1               0               0              20 
              0               1               0               0 
              0               0               1               0 
1
              1               0               0               0 
              0               1               0            -150 
              0               0               1               0 
1
              1               0               0               0 
              0               1               0               0 
              0               0               1             -10 
1
              1               0               0             -40 
              0               1               0               0 
              0               0               1               0 
2  2 1 3 1 4 1 5 1 0
1
              1               0               0               0 
              0               1               0               0 
              0               0               1             -30 
2  7 1 1 -1 0
2  2 1 3 1 4 1 0
Curve2ds 10
1 0 40 1 0 
2 0 0 1 0 -0 1 100
1 1.7721542475852274 0 0 1 
1 10 -247.97958971132712 1 0 
1 0.20135792079033091 30 0 1 
1 1.3694384060045659 0 0 1 
1 10 -247.97958971132712 1 0 
1 6.0818273863892554 30 0 1 
1 0 0 1 0 
2 0 0 1 0 -0 1 100
Curves 4
2 0 0 40 0 0 1 1 0 -0 -0 1 0 100
1 -20 97.979589711327122 0 0 0 1 
1 20 97.979589711327122 0 0 0 1 
2 0 0 0 0 0 1 1 0 -0 -0 1 0 100
Polygon3D 0
PolygonOnTriangulations 0
Surfaces 5
2 0 0 0 0 0 1 1 0 -0 -0 1 0 100
1 0 0 40 0 0 1 1 0 -0 -0 1 0 
1 0 0 0 1 0 -0 0 0 1 0 -1 0 
2 0 0 0 0 0 1 1 0 -0 -0 1 0 100
1 0 0 0 0 0 1 1 0 -0 -0 1 0 
Triangulations 0

TShapes 11
Ve
5e-07
-20 97.9795897113271 40
0 0

0101101
*
Ve
5e-07
20 97.9795897113271 40
0 0

0101101
*
Ed
 1e-07 1 1 0
1  1 0 1.36943840600457 1.77215424758523
2  1 1 0 1.36943840600457 1.77215424758523
2  2 2 0 1.36943840600457 1.77215424758523
0

0101000
-11 0 +10 0 *
Ve
1e-07
-20 97.9795897113271 0
0 0

0101101
*
Ed
 1e-07 1 1 0
1  2 0 0 40
2  3 1 0 0 40
2  4 3 6 0 40
2  5 4 8 0 40
0

0101000
+8 0 -11 0 *
Ve
1e-07
20 97.9795897113271 0
0 0

0101101
*
Ed
 1e-07 1 1 0
1  3 0 0 40
2  6 1 0 0 40
2  7 3 9 0 40
2  8 4 8 0 40
0

0101000
+6 0 -10 0 *
Ed
 1e-07 1 1 0
1  4 0 1.36943840600457 1.77215424758523
2  9 1 0 1.36943840600457 1.77215424758523
2  10 5 0 1.36943840600457 1.77215424758523
0

0101000
+6 0 -8 0 *
Wi

0101000
-9 0 +7 0 -5 0 +4 0 *
Fa
0  1e-07 1 0

0111000
+3 0 *
Sh

1101000
+2 1 *

+1 0 
0

