DBRep_DrawableShape

CASCADE Topology V1, (c) Matra-Datavision
Locations 1
1
              1               0               0               0 
              0               1               0               0 
              0               0               1             -30 
Curve2ds 6
1 0 100 1 0 
2 0 0 1 0 -0 1 100
1 6.2831853071795862 -0 0 1 
1 0 -0 0 1 
1 0 0 1 0 
2 0 0 1 0 -0 1 100
Curves 3
2 0 0 100 0 0 1 1 0 -0 -0 1 0 100
1 100 -2.4492935982947064e-14 0 0 0 1 
2 0 0 0 0 0 1 1 0 -0 -0 1 0 100
Polygon3D 0
PolygonOnTriangulations 0
Surfaces 3
2 0 0 0 0 0 1 1 0 -0 -0 1 0 100
1 0 0 100 0 0 1 1 0 -0 -0 1 0 
1 0 0 0 0 0 1 1 0 -0 -0 1 0 
Triangulations 0

TShapes 8
Ve
1e-07
100 -2.44929359829471e-14 100
0 0

0101101
*
Ed
 1e-07 1 1 0
1  1 0 0 6.28318530717959
2  1 1 0 0 6.28318530717959
2  2 2 0 0 6.28318530717959
0

0101100
+8 0 -8 0 *
Ve
1e-07
100 -2.44929359829471e-14 0
0 0

0101101
*
Ed
 1e-07 1 1 0
1  2 0 0 100
3  3 4CN 1 0 0 100
0

0101000
-8 0 +6 0 *
Ed
 1e-07 1 1 0
1  3 0 0 6.28318530717959
2  5 1 0 0 6.28318530717959
2  6 3 0 0 6.28318530717959
0

0101100
+6 0 -6 0 *
Wi

0101000
-7 0 +5 0 +4 0 -5 0 *
Fa
0  1e-07 1 0

0111000
+3 0 *
Sh

1101000
+2 1 *

+1 0 
0

