DBRep_DrawableShape

CASCADE Topology V1, (c) Matra-Datavision
Locations 21
1
              1               0               0               0 
              0               1               0               0 
              0               0               1             -20 
2  1 -1 0
1
              1               0               0               0 
              0               1               0               0 
              0               0               1             -20 
1
1.11022302462516e-16              -1               0               0 
              1 1.11022302462516e-16               0               0 
              0               0               1               0 
1
              1               0               0              10 
              0               1               0               0 
              0               0               1               0 
1
              1               0               0              10 
              0               1               0               0 
              0               0               1               0 
1
              1               0               0               5 
              0               1               0               0 
              0               0               1               0 
1
              1               0               0               0 
              0               1               0              -5 
              0               0               1               0 
2  3 1 4 1 5 1 6 1 7 1 8 1 0
2  1 1 8 -1 7 -1 6 -1 5 -1 4 -1 3 -1 0
2  8 -1 7 -1 6 -1 5 -1 4 -1 3 -1 0
1
              1               0               0              10 
              0               1               0               0 
              0               0               1               0 
2  12 1 3 1 4 1 5 1 6 1 7 1 8 1 0
2  1 1 8 -1 7 -1 6 -1 5 -1 4 -1 3 -1 12 -1 0
2  8 -1 7 -1 6 -1 5 -1 4 -1 3 -1 12 -1 0
1
              1               0               0              10 
              0               1               0               0 
              0               0               1               0 
2  16 1 1 1 0
2  16 -1 0
2  1 -1 16 -1 0
2  16 1 1 1 8 -1 7 -1 6 -1 5 -1 4 -1 3 -1 12 -1 0
2  16 1 1 1 8 -1 7 -1 6 -1 5 -1 4 -1 3 -1 0
Curve2ds 30
1 0 0 1 0 
1 4.9999999999999991 -4.9999999999999982 1.11022302462516e-16 1 
1 25 5.0000000000000009 -1 1.11022302462516e-16 
1 25 5.0000000000000009 -1 1.11022302462516e-16 
1 10 0 0 1 
1 10 0 0 1 
1 25 5.0000000000000009 -1 1.11022302462516e-16 
1 25 5.0000000000000009 -1 1.11022302462516e-16 
1 20 0 0 1 
1 10 0 0 1 
1 15 5.0000000000000009 -1 1.11022302462516e-16 
1 15 5.0000000000000009 -1 1.11022302462516e-16 
1 15 -5 1.11022302462516e-16 1 
1 10 0 0 1 
1 15.000000000000002 15 -1 1.11022302462516e-16 
1 15.000000000000002 15 -1 1.11022302462516e-16 
1 15 -5 1.11022302462516e-16 1 
1 10 0 0 1 
1 10 0 0 1 
1 25 15 -1 1.11022302462516e-16 
1 25 15 -1 1.11022302462516e-16 
1 4.9999999999999991 -4.9999999999999982 1.11022302462516e-16 1 
1 25 15 -1 1.11022302462516e-16 
1 25 15 -1 1.11022302462516e-16 
1 5.0000000000000009 5.0000000000000027 1.11022302462516e-16 1 
1 0 20 1 0 
1 10 0 0 1 
1 10 0 0 1 
1 10 0 0 1 
1 15 5.0000000000000009 1.11022302462516e-16 1 
Curves 24
1 0 0 20 1 0 0 
1 0 20 20 1 0 0 
1 0 0 20 0 1 0 
1 0 0 20 0 1 0 
1 0 0 20 1 0 0 
1 0 0 20 0 1 0 
1 20 0 20 0 1 0 
1 0 0 20 0 1 0 
1 0 0 20 1 0 0 
1 0 0 20 1 0 0 
1 20 0 20 0 1 0 
1 20 0 20 0 1 0 
1 0 0 20 1 0 0 
1 0 0 20 0 1 0 
1 20 0 20 0 1 0 
1 0 20 20 1 0 0 
1 20 0 20 0 1 0 
1 0 20 20 1 0 0 
1 0 20 20 1 0 0 
1 0 0 20 0 1 0 
1 0 20 20 1 0 0 
1 20 0 20 0 1 0 
1 0 20 20 1 0 0 
1 0 0 20 1 0 0 
Polygon3D 0
PolygonOnTriangulations 0
Surfaces 9
1 0 0 20 0 0 1 1 0 0 0 1 0 
1 0 0 20 0 0 1 1 0 0 0 1 0 
1 0 0 20 0 0 1 1 0 0 0 1 0 
1 0 0 20 0 0 1 1 0 0 0 1 0 
1 0 0 20 0 0 1 1 0 0 0 1 0 
1 0 0 20 0 0 1 1 0 0 0 1 0 
1 0 0 20 0 0 1 1 0 0 0 1 0 
1 0 0 20 0 0 1 1 0 0 0 1 0 
1 0 0 20 0 0 1 1 0 0 0 1 0 
Triangulations 0

TShapes 59
Ve
1.00000000444089e-07
5 0 0
0 0

0101101
*
Ve
1e-07
10 0 0
0 0

0101101
*
Ed
 1e-07 1 1 0
1  1 0 5 10
2  1 1 0 5 10
0

0101000
+59 2 -58 2 *
Ve
1e-07
5 5 0
0 0

0101101
*
Ed
 1e-07 1 1 0
1  2 0 5 10
2  2 1 10 5 10
0

0101000
+59 11 -56 11 *
Ve
1.00000218491891e-07
10 4.99999999999978 0
0 0

0101101
*
Ed
 1e-07 1 1 0
1  3 0 15 20
2  3 1 14 15 20
2  4 2 14 15 20
0

0101000
+54 15 -56 15 *
Ed
 1.00000218491891e-07 1 1 0
1  4 0 0 4.99999999999956
2  5 1 18 0 4.99999999999956
2  6 3 18 0 4.99999999999956
0

0101000
+58 19 -54 19 *
Wi

0101000
+57 1 -55 9 +53 13 +52 17 *
Fa
0  1e-07 1 1

0101000
+51 0 *
Ve
1e-07
20 0 0
0 0

0101101
*
Ed
 1e-07 1 1 0
1  5 0 10 20
2  1 3 0 10 20
0

0101000
+58 2 -49 2 *
Ve
1.00000218047802e-07
20 4.99999999999978 0
0 0

0101101
*
Ed
 1.00000218491891e-07 1 1 0
1  6 0 5 15
2  7 3 14 5 15
2  8 4 14 5 15
0

0101000
+47 15 -54 15 *
Ed
 1.00000218047802e-07 1 1 0
1  7 0 0 4.99999999999956
2  9 3 0 0 4.99999999999956
2  10 5 16 0 4.99999999999956
0

0101000
+49 2 -47 2 *
Wi

0101000
+48 1 -52 17 +46 13 +45 1 *
Fa
0  1e-07 3 1

0101000
+44 0 *
Ve
1e-07
25 5 0
0 0

0101101
*
Ed
 1.00000218047802e-07 1 1 0
1  8 0 0 5
2  11 5 20 0 5
2  12 6 20 0 5
0

0101000
+42 15 -47 15 *
Ve
1e-07
25 0 0
0 0

0101101
*
Ed
 1e-07 1 1 0
1  9 0 5 10
2  13 5 21 5 10
0

0101000
+40 11 -42 11 *
Ed
 1e-07 1 1 0
1  10 0 10 15
2  1 5 0 10 15
0

0101000
+49 19 -40 19 *
Wi

0101000
-45 1 +41 13 +39 9 +38 17 *
Fa
0  1e-07 5 17

0101000
+37 0 *
Ve
1.0000021938007e-07
20 15.0000000000002 0
0 0

0101101
*
Ed
 1.0000021938007e-07 1 1 0
1  11 0 4.99999999999956 15.0000000000004
2  14 6 16 4.99999999999956 15.0000000000004
2  9 4 0 4.99999999999956 15.0000000000004
0

0101000
+47 2 -35 2 *
Ve
1e-07
25 15 0
0 0

0101101
*
Ed
 1.0000021938007e-07 1 1 0
1  12 0 0 5
2  15 6 21 0 5
2  16 7 21 0 5
0

0101000
+33 11 -35 11 *
Ed
 1e-07 1 1 0
1  13 0 10 20
2  17 6 21 10 20
0

0101000
+42 11 -33 11 *
Wi

0101000
-34 1 +32 9 +31 9 -41 13 *
Fa
0  1e-07 6 17

0101000
+30 0 *
Ve
1.00000218491891e-07
10 15.0000000000002 0
0 0

0101101
*
Ed
 1.00000218491891e-07 1 1 0
1  14 0 4.99999999999956 15.0000000000004
2  18 4 18 4.99999999999956 15.0000000000004
2  19 2 18 4.99999999999956 15.0000000000004
0

0101000
+54 19 -28 19 *
Ed
 1.00000218491891e-07 1 1 0
1  15 0 5 15
2  20 4 10 5 15
2  21 8 10 5 15
0

0101000
+35 11 -28 11 *
Wi

0101000
-46 13 -27 17 +26 9 +34 1 *
Fa
0  1e-07 4 1

0101000
+25 0 *
Ve
1e-07
5 15 0
0 0

0101101
*
Ed
 1e-07 1 1 0
1  16 0 10 20
2  22 2 10 10 20
0

0101000
+56 11 -23 11 *
Ed
 1e-07 1 1 0
1  17 0 15 20
2  23 2 10 15 20
2  24 9 10 15 20
0

0101000
+28 11 -23 11 *
Wi

0101000
-53 13 -22 9 +21 9 +27 17 *
Fa
0  1e-07 2 1

0101000
+20 0 *
Ve
1.00000000888178e-07
5 20 0
0 0

0101101
*
Ed
 1.00000000888178e-07 1 1 0
1  18 0 10 15
2  25 9 14 10 15
0

0101000
+23 15 -18 15 *
Ve
1e-07
10 20 0
0 0

0101101
*
Ed
 1e-07 1 1 0
1  19 0 5 10
2  26 9 0 5 10
0

0101000
+18 2 -16 2 *
Ed
 1e-07 1 1 0
1  20 0 15.0000000000004 20
2  27 9 18 15.0000000000004 20
2  28 8 18 15.0000000000004 20
0

0101000
+28 19 -16 19 *
Wi

0101000
-21 9 -17 13 -15 1 +14 17 *
Fa
0  1e-07 9 1

0101000
+13 0 *
Ve
1e-07
20 20 0
0 0

0101101
*
Ed
 1e-07 1 1 0
1  21 0 10 20
2  26 8 0 10 20
0

0101000
+16 2 -11 2 *
Ed
 1e-07 1 1 0
1  22 0 15.0000000000004 20
2  9 8 0 15.0000000000004 20
2  29 7 16 15.0000000000004 20
0

0101000
+35 2 -11 2 *
Wi

0101000
-26 9 -14 17 -10 1 +9 1 *
Fa
0  1e-07 8 1

0101000
+8 0 *
Ve
1e-07
25 20 0
0 0

0101101
*
Ed
 1e-07 1 1 0
1  23 0 10 15
2  26 7 0 10 15
0

0101000
+11 19 -6 19 *
Ed
 1e-07 1 1 0
1  24 0 10 15
2  30 7 20 10 15
0

0101000
+33 15 -6 15 *
Wi

0101000
-9 1 -5 17 +4 13 -32 9 *
Fa
0  1e-07 7 17

0101000
+3 0 *
Sh

0101000
+50 0 +43 0 +36 0 +29 0 +24 0 +19 0 +12 0 +7 0 +2 0 *

+1 0 
0

