DBRep_DrawableShape

CASCADE Topology V1, (c) Matra-Datavision
Locations 3
1
              1               0               0               0 
              0               1               0               0 
              0               0               1             -20 
1
              1               0               0              10 
              0               1               0               0 
              0               0               1               0 
2  2 -1 0
Curve2ds 8
1 20 0 0 1 
1 0 20 1 0 
1 20 0 0 -1 
1 0 0 0 1 
1 20 0 0 1 
1 0 0 1 0 
1 20 0 0 -1 
1 20 0 0 1 
Curves 8
1 0 20 20 1 0 -0 
1 0 0 20 -0 1 0 
1 0 0 20 1 0 -0 
1 0 0 20 -0 1 0 
1 20 0 20 0 1 0 
1 0 20 20 1 0 -0 
1 20 0 20 0 1 0 
1 0 0 20 1 0 -0 
Polygon3D 0
PolygonOnTriangulations 0
Surfaces 10
1 0 0 20 0 0 1 1 0 -0 -0 1 0 
1 0 20 0 -0 1 0 0 0 1 1 0 -0 
1 0 0 0 1 0 -0 0 0 1 0 -1 0 
1 0 0 20 0 0 1 1 0 -0 -0 1 0 
1 0 0 0 -0 1 0 0 0 1 1 0 -0 
1 0 0 0 1 0 -0 0 0 1 0 -1 0 
1 20 0 0 1 0 -0 0 0 1 0 -1 0 
1 0 20 0 -0 1 0 0 0 1 1 0 -0 
1 20 0 0 1 0 -0 0 0 1 0 -1 0 
1 0 0 0 -0 1 0 0 0 1 1 0 -0 
Triangulations 0

TShapes 25
Ve
1e-07
0 20 20
0 0

0101101
*
Ve
1e-07
0 20 20
0 0

0101101
*
Ed
 1e-07 1 1 0
1  1 0 0 10
2  1 2 0 0 10
2  2 1 0 0 10
0

0101000
+25 0 -24 2 *
Ve
1e-07
0 0 20
0 0

0101101
*
Ed
 1e-07 1 1 0
1  2 0 0 20
2  3 3 0 0 20
2  4 4 0 0 20
0

0101000
-24 0 +22 0 *
Ve
1e-07
0 0 20
0 0

0101101
*
Ed
 1e-07 1 1 0
1  3 0 0 10
2  5 5 0 0 10
2  6 1 0 0 10
0

0101000
+20 0 -22 2 *
Ed
 1e-07 1 1 0
1  4 0 0 20
2  3 6 0 0 20
2  4 1 0 0 20
0

0101000
-25 0 +20 0 *
Wi

0101000
-23 0 +21 2 +19 0 -18 0 *
Fa
0  1e-07 1 0

0101000
+17 0 *
Ve
1e-07
20 20 20
0 0

0101101
*
Ed
 1e-07 1 1 0
1  1 0 10 20
2  1 2 0 10 20
2  2 1 0 10 20
0

0101000
+24 2 -15 0 *
Ve
1e-07
20 0 20
0 0

0101101
*
Ed
 1e-07 1 1 0
1  5 0 0 20
2  7 7 0 0 20
2  8 1 0 0 20
0

0101000
-15 0 +13 0 *
Ed
 1e-07 1 1 0
1  3 0 10 20
2  5 5 0 10 20
2  6 1 0 10 20
0

0101000
+22 2 -13 0 *
Wi

0101000
-14 0 +12 0 +11 0 -21 2 *
Fa
0  1e-07 1 0

0101000
+10 0 *
Ve
1e-07
20 20 20
0 0

0101101
*
Ed
 1e-07 1 1 0
1  6 0 10 20
2  1 8 0 10 20
2  2 4 0 10 20
0

0101000
+15 3 -8 0 *
Ve
1e-07
20 0 20
0 0

0101101
*
Ed
 1e-07 1 1 0
1  7 0 0 20
2  7 9 0 0 20
2  8 4 0 0 20
0

0101000
-8 0 +6 0 *
Ed
 1e-07 1 1 0
1  8 0 10 20
2  5 10 0 10 20
2  6 4 0 10 20
0

0101000
+13 3 -6 0 *
Wi

0101000
-7 2 -12 0 +5 2 +4 2 *
Fa
0  1e-07 4 2

0101000
+3 0 *
Sh

1101000
+16 0 +9 0 +2 0 *

+1 1 
0

