DBRep_DrawableShape

CASCADE Topology V1, (c) Matra-Datavision
Locations 11
1
              1               0               0               0 
              0               1               0               0 
              0               0               1             -20 
1
1.11022302462516e-16              -1               0               0 
              1 1.11022302462516e-16               0               0 
              0               0               1               0 
1
              1               0               0              10 
              0               1               0               0 
              0               0               1               0 
1
              1               0               0              10 
              0               1               0               0 
              0               0               1               0 
1
              1               0               0               5 
              0               1               0               0 
              0               0               1               0 
1
              1               0               0               0 
              0               1               0              -5 
              0               0               1               0 
2  1 1 2 1 3 1 4 1 5 1 6 1 0
2  1 -1 0
1
              1               0               0              10 
              0               1               0               0 
              0               0               1               0 
2  9 -1 0
2  1 -1 9 -1 0
Curve2ds 7
1 0 20 1 0 
1 10 0 0 1 
1 10 0 0 1 
1 0 0 1 0 
1 0 0 0 1 
1 20 0 0 1 
1 10 0 0 1 
Curves 10
1 0 20 20 1 0 0 
1 0 0 20 0 1 0 
1 0 0 20 1 0 0 
1 0 0 20 0 1 0 
1 0 20 20 1 0 0 
1 20 0 20 0 1 0 
1 0 0 20 1 0 0 
1 0 20 20 1 0 0 
1 20 0 20 0 1 0 
1 0 0 20 1 0 0 
Polygon3D 0
PolygonOnTriangulations 0
Surfaces 3
1 0 0 20 0 0 1 1 0 0 0 1 0 
1 0 0 20 0 0 1 1 0 0 0 1 0 
1 0 0 20 0 0 1 1 0 0 0 1 0 
Triangulations 0

TShapes 25
Ve
1e-07
0 20 0
0 0

0101101
*
Ve
1e-07
10 20 0
0 0

0101101
*
Ed
 1e-07 1 1 0
1  1 0 0 10
2  1 1 0 0 10
0

0101000
+25 8 -24 8 *
Ve
1e-07
10 0 0
0 0

0101101
*
Ed
 1e-07 1 1 0
1  2 0 0 20
2  2 1 10 0 20
2  3 2 10 0 20
0

0101000
-24 11 +22 11 *
Ve
1e-07
0 0 0
0 0

0101101
*
Ed
 1e-07 1 1 0
1  3 0 0 10
2  4 1 0 0 10
0

0101000
+20 8 -22 8 *
Ed
 1e-07 1 1 0
1  4 0 0 20
2  5 1 0 0 20
0

0101000
-25 8 +20 8 *
Wi

0101000
-23 0 +21 9 +19 0 -18 0 *
Fa
0  1e-07 1 0

0111000
+17 0 *
Ve
1e-07
20 20 0
0 0

0101101
*
Ed
 1e-07 1 1 0
1  5 0 10 20
2  1 2 0 10 20
0

0101000
+24 8 -15 8 *
Ve
1e-07
20 0 0
0 0

0101101
*
Ed
 1e-07 1 1 0
1  6 0 0 20
2  6 2 0 0 20
2  7 3 9 0 20
0

0101000
-15 8 +13 8 *
Ed
 1e-07 1 1 0
1  7 0 10 20
2  4 2 0 10 20
0

0101000
+22 8 -13 8 *
Wi

0101000
-14 0 +12 0 +11 0 -21 9 *
Fa
0  1e-07 2 0

0111000
+10 0 *
Ve
1e-07
30 20 0
0 0

0101101
*
Ed
 1e-07 1 1 0
1  8 0 10 20
2  1 3 0 10 20
0

0101000
+15 11 -8 11 *
Ve
1e-07
30 0 0
0 0

0101101
*
Ed
 1e-07 1 1 0
1  9 0 0 20
2  6 3 0 0 20
0

0101000
-8 11 +6 11 *
Ed
 1e-07 1 1 0
1  10 0 10 20
2  4 3 0 10 20
0

0101000
+13 11 -6 11 *
Wi

0101000
-7 9 -12 0 +5 9 +4 9 *
Fa
0  1e-07 3 9

0111000
+3 0 *
Sh

1101000
+16 0 +9 0 +2 0 *

+1 7 
0

