DBRep_DrawableShape

CASCADE Topology V1, (c) Matra-Datavision
Locations 22
1
0.707106781186548 -0.707106781186547               0 11.4644660940673 
0.707106781186547 0.707106781186548               0 -7.67766952966369 
              0               0               1               0 
1
              1               0               0               0 
              0               1               0               0 
              0               0               1             -20 
2  2 -1 0
1
              1               0               0               0 
              0               1               0               0 
              0               0               1             -20 
1
1.11022302462516e-16              -1               0               0 
              1 1.11022302462516e-16               0               0 
              0               0               1               0 
1
              1               0               0              10 
              0               1               0               0 
              0               0               1               0 
1
              1               0               0              10 
              0               1               0               0 
              0               0               1               0 
1
              1               0               0               5 
              0               1               0               0 
              0               0               1               0 
1
              1               0               0               0 
              0               1               0              -5 
              0               0               1               0 
2  4 1 5 1 6 1 7 1 8 1 9 1 0
2  2 1 9 -1 8 -1 7 -1 6 -1 5 -1 4 -1 0
2  9 -1 8 -1 7 -1 6 -1 5 -1 4 -1 0
1
              1               0               0              10 
              0               1               0               0 
              0               0               1               0 
2  13 1 4 1 5 1 6 1 7 1 8 1 9 1 0
2  2 1 9 -1 8 -1 7 -1 6 -1 5 -1 4 -1 13 -1 0
2  9 -1 8 -1 7 -1 6 -1 5 -1 4 -1 13 -1 0
1
              1               0               0              10 
              0               1               0               0 
              0               0               1               0 
2  17 1 2 1 0
2  17 -1 0
2  2 -1 17 -1 0
2  17 1 2 1 9 -1 8 -1 7 -1 6 -1 5 -1 4 -1 13 -1 0
2  17 1 2 1 9 -1 8 -1 7 -1 6 -1 5 -1 4 -1 0
Curve2ds 30
1 0 0 1 0 
1 4.9999999999999991 -4.9999999999999982 1.11022302462516e-16 1 
1 25 5.0000000000000009 -1 1.11022302462516e-16 
1 25 5.0000000000000009 -1 1.11022302462516e-16 
1 10 0 0 1 
1 10 0 0 1 
1 25 5.0000000000000009 -1 1.11022302462516e-16 
1 25 5.0000000000000009 -1 1.11022302462516e-16 
1 20 0 0 1 
1 10 0 0 1 
1 15 5.0000000000000009 -1 1.11022302462516e-16 
1 15 5.0000000000000009 -1 1.11022302462516e-16 
1 15 -5 1.11022302462516e-16 1 
1 10 0 0 1 
1 15.000000000000002 15 -1 1.11022302462516e-16 
1 15.000000000000002 15 -1 1.11022302462516e-16 
1 15 -5 1.11022302462516e-16 1 
1 10 0 0 1 
1 10 0 0 1 
1 25 15 -1 1.11022302462516e-16 
1 25 15 -1 1.11022302462516e-16 
1 4.9999999999999991 -4.9999999999999982 1.11022302462516e-16 1 
1 25 15 -1 1.11022302462516e-16 
1 25 15 -1 1.11022302462516e-16 
1 5.0000000000000009 5.0000000000000027 1.11022302462516e-16 1 
1 0 20 1 0 
1 10 0 0 1 
1 10 0 0 1 
1 10 0 0 1 
1 15 5.0000000000000009 1.11022302462516e-16 1 
Curves 24
1 0 0 20 1 0 0 
1 0 20 20 1 0 0 
1 0 0 20 0 1 0 
1 0 0 20 0 1 0 
1 0 0 20 1 0 0 
1 0 0 20 0 1 0 
1 20 0 20 0 1 0 
1 0 0 20 0 1 0 
1 0 0 20 1 0 0 
1 0 0 20 1 0 0 
1 20 0 20 0 1 0 
1 20 0 20 0 1 0 
1 0 0 20 1 0 0 
1 0 0 20 0 1 0 
1 20 0 20 0 1 0 
1 0 20 20 1 0 0 
1 20 0 20 0 1 0 
1 0 20 20 1 0 0 
1 0 20 20 1 0 0 
1 0 0 20 0 1 0 
1 0 20 20 1 0 0 
1 20 0 20 0 1 0 
1 0 20 20 1 0 0 
1 0 0 20 1 0 0 
Polygon3D 0
PolygonOnTriangulations 0
Surfaces 9
1 0 0 20 0 0 1 1 0 0 0 1 0 
1 0 0 20 0 0 1 1 0 0 0 1 0 
1 0 0 20 0 0 1 1 0 0 0 1 0 
1 0 0 20 0 0 1 1 0 0 0 1 0 
1 0 0 20 0 0 1 1 0 0 0 1 0 
1 0 0 20 0 0 1 1 0 0 0 1 0 
1 0 0 20 0 0 1 1 0 0 0 1 0 
1 0 0 20 0 0 1 1 0 0 0 1 0 
1 0 0 20 0 0 1 1 0 0 0 1 0 
Triangulations 0

TShapes 59
Ve
1.00000000444089e-07
5 0 0
0 0

0101101
*
Ve
1e-07
10 0 0
0 0

0101101
*
Ed
 1e-07 1 1 0
1  1 0 5 10
2  1 1 0 5 10
0

0101000
+59 3 -58 3 *
Ve
1e-07
5 5 0
0 0

0101101
*
Ed
 1e-07 1 1 0
1  2 0 5 10
2  2 1 11 5 10
0

0101000
+59 12 -56 12 *
Ve
1.00000218491891e-07
10 4.99999999999978 0
0 0

0101101
*
Ed
 1e-07 1 1 0
1  3 0 15 20
2  3 1 15 15 20
2  4 2 15 15 20
0

0101000
+54 16 -56 16 *
Ed
 1.00000218491891e-07 1 1 0
1  4 0 0 4.99999999999956
2  5 1 19 0 4.99999999999956
2  6 3 19 0 4.99999999999956
0

0101000
+58 20 -54 20 *
Wi

0101000
+57 2 -55 10 +53 14 +52 18 *
Fa
0  1e-07 1 2

0111000
+51 0 *
Ve
1e-07
20 0 0
0 0

0101101
*
Ed
 1e-07 1 1 0
1  5 0 10 20
2  1 3 0 10 20
0

0101000
+58 3 -49 3 *
Ve
1.00000218047802e-07
20 4.99999999999978 0
0 0

0101101
*
Ed
 1.00000218491891e-07 1 1 0
1  6 0 5 15
2  7 3 15 5 15
2  8 4 15 5 15
0

0101000
+47 16 -54 16 *
Ed
 1.00000218047802e-07 1 1 0
1  7 0 0 4.99999999999956
2  9 3 0 0 4.99999999999956
2  10 5 17 0 4.99999999999956
0

0101000
+49 3 -47 3 *
Wi

0101000
+48 2 -52 18 +46 14 +45 2 *
Fa
0  1e-07 3 2

0111000
+44 0 *
Ve
1e-07
25 5 0
0 0

0101101
*
Ed
 1.00000218047802e-07 1 1 0
1  8 0 0 5
2  11 5 21 0 5
2  12 6 21 0 5
0

0101000
+42 16 -47 16 *
Ve
1e-07
25 0 0
0 0

0101101
*
Ed
 1e-07 1 1 0
1  9 0 5 10
2  13 5 22 5 10
0

0101000
+40 12 -42 12 *
Ed
 1e-07 1 1 0
1  10 0 10 15
2  1 5 0 10 15
0

0101000
+49 20 -40 20 *
Wi

0101000
-45 2 +41 14 +39 10 +38 18 *
Fa
0  1e-07 5 18

0111000
+37 0 *
Ve
1.0000021938007e-07
20 15.0000000000002 0
0 0

0101101
*
Ed
 1.0000021938007e-07 1 1 0
1  11 0 4.99999999999956 15.0000000000004
2  14 6 17 4.99999999999956 15.0000000000004
2  9 4 0 4.99999999999956 15.0000000000004
0

0101000
+47 3 -35 3 *
Ve
1e-07
25 15 0
0 0

0101101
*
Ed
 1.0000021938007e-07 1 1 0
1  12 0 0 5
2  15 6 22 0 5
2  16 7 22 0 5
0

0101000
+33 12 -35 12 *
Ed
 1e-07 1 1 0
1  13 0 10 20
2  17 6 22 10 20
0

0101000
+42 12 -33 12 *
Wi

0101000
-34 2 +32 10 +31 10 -41 14 *
Fa
0  1e-07 6 18

0111000
+30 0 *
Ve
1.00000218491891e-07
10 15.0000000000002 0
0 0

0101101
*
Ed
 1.00000218491891e-07 1 1 0
1  14 0 4.99999999999956 15.0000000000004
2  18 4 19 4.99999999999956 15.0000000000004
2  19 2 19 4.99999999999956 15.0000000000004
0

0101000
+54 20 -28 20 *
Ed
 1.00000218491891e-07 1 1 0
1  15 0 5 15
2  20 4 11 5 15
2  21 8 11 5 15
0

0101000
+35 12 -28 12 *
Wi

0101000
-46 14 -27 18 +26 10 +34 2 *
Fa
0  1e-07 4 2

0111000
+25 0 *
Ve
1e-07
5 15 0
0 0

0101101
*
Ed
 1e-07 1 1 0
1  16 0 10 20
2  22 2 11 10 20
0

0101000
+56 12 -23 12 *
Ed
 1e-07 1 1 0
1  17 0 15 20
2  23 2 11 15 20
2  24 9 11 15 20
0

0101000
+28 12 -23 12 *
Wi

0101000
-53 14 -22 10 +21 10 +27 18 *
Fa
0  1e-07 2 2

0111000
+20 0 *
Ve
1.00000000888178e-07
5 20 0
0 0

0101101
*
Ed
 1.00000000888178e-07 1 1 0
1  18 0 10 15
2  25 9 15 10 15
0

0101000
+23 16 -18 16 *
Ve
1e-07
10 20 0
0 0

0101101
*
Ed
 1e-07 1 1 0
1  19 0 5 10
2  26 9 0 5 10
0

0101000
+18 3 -16 3 *
Ed
 1e-07 1 1 0
1  20 0 15.0000000000004 20
2  27 9 19 15.0000000000004 20
2  28 8 19 15.0000000000004 20
0

0101000
+28 20 -16 20 *
Wi

0101000
-21 10 -17 14 -15 2 +14 18 *
Fa
0  1e-07 9 2

0111000
+13 0 *
Ve
1e-07
20 20 0
0 0

0101101
*
Ed
 1e-07 1 1 0
1  21 0 10 20
2  26 8 0 10 20
0

0101000
+16 3 -11 3 *
Ed
 1e-07 1 1 0
1  22 0 15.0000000000004 20
2  9 8 0 15.0000000000004 20
2  29 7 17 15.0000000000004 20
0

0101000
+35 3 -11 3 *
Wi

0101000
-26 10 -14 18 -10 2 +9 2 *
Fa
0  1e-07 8 2

0111000
+8 0 *
Ve
1e-07
25 20 0
0 0

0101101
*
Ed
 1e-07 1 1 0
1  23 0 10 15
2  26 7 0 10 15
0

0101000
+11 20 -6 20 *
Ed
 1e-07 1 1 0
1  24 0 10 15
2  30 7 21 10 15
0

0101000
+33 16 -6 16 *
Wi

0101000
-9 2 -5 18 +4 14 -32 10 *
Fa
0  1e-07 7 18

0111000
+3 0 *
Sh

0101000
+50 0 +43 0 +36 0 +29 0 +24 0 +19 0 +12 0 +7 0 +2 0 *

+1 1 
0

