DBRep_DrawableShape

CASCADE Topology V1, (c) Matra-Datavision
Locations 12
1
              1               0               0               0 
              0               1               0               0 
              0               0               1             -10 
1
0.707106781186548 -0.707106781186547               0               0 
0.707106781186547 0.707106781186548               0               0 
              0               0               1               0 
1
0.90630778703665 0.422618261740699               0               0 
-0.422618261740699 0.90630778703665               0               0 
              0               0               1               0 
2  1 1 2 1 3 1 0
1
              1               0               0             -20 
              0               1               0             -20 
              0               0               1             -10 
1
              1               0               0               0 
              0               1               0               0 
              0               0               1              -5 
1
              1               0               0               0 
              0               1               0               0 
              0               0               1              -5 
1
              1               0               0               0 
              0               1               0               0 
              0               0               1              -5 
1
              1               0               0               0 
              0               1               0               0 
              0               0               1              -5 
1
              1               0               0               0 
              0               1               0               0 
              0               0               1              -5 
2  5 1 6 1 7 1 8 1 9 1 10 1 0
2  3 -1 2 -1 1 -1 0
Curve2ds 13
1 0.34906585039886551 3.1415926535897931 0 -1 
2 10 0 0 -1 1 0 10
1 0 1.5707963267948966 1 0 
1 1.9198621771937625 0 0 1 
2 10 0 0 -1 1 0 10
8 1.5707963267948966 4.7123889803846897
1 -1.5707963267948966 0.52359877559829893 1 0 
8 1.5707963267948966 4.7123889803846897
2 20 20 0 -1 1 0 8.6602540378443873
1 0 0 1 0 
1 0 0 1 0 
8 -22.033179217855647 -12.817125941115771
1 7.9558397359724129 15.616284167162195 -0.93969262078590843 -0.3420201433256686 
8 -22.033179217855647 -12.817125941115771
1 15 -12.81712764111577 0 -1 
8 5.9767230746023978 15.192776351342273
1 22.044160264027589 14.383715832837805 -0.3420201433256686 0.93969262078590843 
8 5.9767230746023978 15.192776351342273
1 15 5.976724774602399 0 -1 
Curves 6
2 0 0 0 -0.3420201433256686 0.93969262078590843 0 -0.93969262078590843 -0.3420201433256686 0 0 0 1 10
2 0 0 0 0.93969262078590843 0.3420201433256686 0 -0.3420201433256686 0.93969262078590843 0 0 -0 1 10
2 0 0 5 0 0 1 0 -1 0 1 0 -0 8.6602540378443873
1 0 0 0 0 0 1 
1 -12.044160264027587 -4.3837158328378036 5 -0.93969262078590843 -0.3420201433256686 0 
1 2.0441602640275871 -5.6162841671621955 5 -0.3420201433256686 0.93969262078590843 0 
Polygon3D 0
PolygonOnTriangulations 0
Surfaces 4
4 0 0 0 0 0 1 1 0 -0 -0 1 0 10
1 0 0 0 -0 1 0 0 0 1 1 0 -0 
1 0 0 0 1 0 -0 0 0 1 0 -1 0 
1 0 0 40 0 0 1 1 0 -0 -0 1 0 
Triangulations 0

TShapes 21
Ve
1e-07
6.12323399573677e-16 -1.49975978266186e-31 10
0 0

0101101
*
Ve
2.00001e-07
8.13797681349382 2.96198132726002 5
0 0

0101101
*
Ed
 1e-07 1 1 0
1  1 0 1.5707963267949 2.61799387799149
2  1 1 0 1.5707963267949 2.61799387799149
2  2 2 4 1.5707963267949 2.61799387799149
0

0101000
+21 0 -20 0 *
Ed
 1e-07 1 1 1
2  3 1 0 0.349065850398866 1.91986217719376
0

0101100
-21 0 +21 0 *
Ve
2.00001e-07
-2.9619813272603 8.13797681349372 5
0 0

0101101
*
Ed
 1e-07 1 1 0
1  2 0 0.523598775598299 1.5707963267949
2  4 1 0 0.523598775598299 1.5707963267949
2  5 3 4 0.523598775598299 1.5707963267949
0

0101000
+17 0 -21 0 *
Ed
 1e-07 1 1 0
1  3 0 1.91986217719374 3.49065850398867
2  6 1 0 1.91986217719374 3.49065850398867
2  7 4 11 1.91986217719374 3.49065850398867
0

0101000
+20 0 -17 0 *
Wi

0101000
+19 0 -18 0 +16 0 +15 0 *
Fa
0  1e-07 1 0

0101000
+14 0 *
Ve
2.00001e-07
0 0 5.00000000000004
0 0

0101101
*
Ed
 1e-07 1 1 0
1  4 0 15 20
2  8 3 0 15 20
2  9 2 0 15 20
0

0101000
+12 12 -21 12 *
Ed
 1e-07 1 1 0
1  5 0 -21.4773816789602 -12.8171276411158
2  10 4 11 -21.4773816789602 -12.8171276411158
2  11 2 4 -21.4773816789602 -12.8171276411158
0

0101000
+20 0 -12 0 *
Wi

0101000
+11 4 +10 0 +19 0 *
Fa
0  1e-07 2 4

0101000
+9 0 *
Ed
 1e-07 1 1 0
1  6 0 5.9767247746024 14.6369788124468
2  12 4 11 5.9767247746024 14.6369788124468
2  13 3 4 5.9767247746024 14.6369788124468
0

0101000
+12 0 -17 0 *
Wi

0101000
-11 4 +7 0 +16 0 *
Fa
0  1e-07 3 4

0101000
+6 0 *
Wi

0101000
+15 0 -10 0 -7 0 *
Fa
0  1e-07 4 11

0101000
+4 0 *
Sh

0101000
+13 0 -8 0 -5 0 -3 0 *
So

0100000
+2 0 *

+1 0 
0

