DrawTrSurf_BSplineSurface
9 1 0 0 1 4 3 57 6 26 3 -22.0770212828279 0 95.8020559608979  1 -22.0770212828279 -44.1540425656558 95.8020559608979  0.333333333333333 22.0770212828279 -44.1540425656558 95.8020559608979  0.333333333333333 22.0770212828279 0 95.8020559608979  1 22.0770212828279 44.1540425656558 95.8020559608979  0.333333333333333 -22.0770212828279 44.1540425656558 95.8020559608979  0.333333333333333 
-22.1307510647414 0 92.9344789876074  1 -22.1307510647414 -44.2615021294829 92.9344789876074  0.333333333333333 22.1307510647414 -44.2615021294829 92.9344789876074  0.333333333333333 22.1307510647414 0 92.9344789876074  1 22.1307510647414 44.2615021294829 92.9344789876074  0.333333333333333 -22.1307510647414 44.2615021294829 92.9344789876074  0.333333333333333 
-22.184480846655 0 90.0669020143169  1 -22.184480846655 -44.36896169331 90.0669020143169  0.333333333333333 22.184480846655 -44.36896169331 90.0669020143169  0.333333333333333 22.184480846655 0 90.0669020143169  1 22.184480846655 44.36896169331 90.0669020143169  0.333333333333333 -22.184480846655 44.36896169331 90.0669020143169  0.333333333333333 
-22.2382106285685 0 87.1993250410265  1 -22.2382106285685 -44.4764212571371 87.1993250410265  0.333333333333333 22.2382106285685 -44.4764212571371 87.1993250410265  0.333333333333333 22.2382106285685 0 87.1993250410265  1 22.2382106285685 44.4764212571371 87.1993250410265  0.333333333333333 -22.2382106285685 44.4764212571371 87.1993250410265  0.333333333333333 
-22.2919404104821 0 84.331748067736  1 -22.2919404104821 -44.5838808209642 84.331748067736  0.333333333333333 22.2919404104821 -44.5838808209642 84.331748067736  0.333333333333333 22.2919404104821 0 84.331748067736  1 22.2919404104821 44.5838808209642 84.331748067736  0.333333333333333 -22.2919404104821 44.5838808209642 84.331748067736  0.333333333333333 
-22.3045419859167 0 83.6591976449272  1 -22.3045419859167 -44.6090839718334 83.6591976449272  0.333333333333333 22.3045419859167 -44.6090839718334 83.6591976449272  0.333333333333333 22.3045419859167 0 83.6591976449272  1 22.3045419859167 44.6090839718334 83.6591976449272  0.333333333333333 -22.3045419859167 44.6090839718334 83.6591976449272  0.333333333333333 
-22.3171435613513 0 82.9866472221184  1 -22.3171435613513 -44.6342871227025 82.9866472221184  0.333333333333333 22.3171435613513 -44.6342871227025 82.9866472221184  0.333333333333333 22.3171435613513 0 82.9866472221184  1 22.3171435613513 44.6342871227025 82.9866472221184  0.333333333333333 -22.3171435613513 44.6342871227025 82.9866472221184  0.333333333333333 
-22.3297451367858 0 82.3140967993096  1 -22.3297451367858 -44.6594902735717 82.3140967993096  0.333333333333333 22.3297451367858 -44.6594902735717 82.3140967993096  0.333333333333333 22.3297451367858 0 82.3140967993096  1 22.3297451367858 44.6594902735717 82.3140967993096  0.333333333333333 -22.3297451367858 44.6594902735717 82.3140967993096  0.333333333333333 
-22.3423467122204 0 81.6415463765008  1 -22.3423467122204 -44.6846934244408 81.6415463765008  0.333333333333333 22.3423467122204 -44.6846934244408 81.6415463765008  0.333333333333333 22.3423467122204 0 81.6415463765008  1 22.3423467122204 44.6846934244408 81.6415463765008  0.333333333333333 -22.3423467122204 44.6846934244408 81.6415463765008  0.333333333333333 
-22.3621889183809 0 80.582560997093  1 -22.3621889183809 -44.7243778367619 80.582560997093  0.333333333333333 22.3621889183809 -44.7243778367619 80.582560997093  0.333333333333333 22.3621889183809 0 80.582560997093  1 22.3621889183809 44.7243778367619 80.582560997093  0.333333333333333 -22.3621889183809 44.7243778367619 80.582560997093  0.333333333333333 
-22.3820311245415 0 79.5235756176852  1 -22.3820311245415 -44.7640622490829 79.5235756176852  0.333333333333333 22.3820311245415 -44.7640622490829 79.5235756176852  0.333333333333333 22.3820311245415 0 79.5235756176852  1 22.3820311245415 44.7640622490829 79.5235756176852  0.333333333333333 -22.3820311245415 44.7640622490829 79.5235756176852  0.333333333333333 
-22.4201838680731 0 77.4055735332274  1 -22.4201838680731 -44.8403677361463 77.4055735332274  0.333333333333333 22.4201838680731 -44.8403677361463 77.4055735332274  0.333333333333333 22.4201838680731 0 77.4055735332274  1 22.4201838680731 44.8403677361463 77.4055735332274  0.333333333333333 -22.4201838680731 44.8403677361463 77.4055735332274  0.333333333333333 
-22.4522099364473 0 75.2874461462005  1 -22.4522099364473 -44.9044198728945 75.2874461462005  0.333333333333333 22.4522099364473 -44.9044198728945 75.2874461462005  0.333333333333333 22.4522099364473 0 75.2874461462005  1 22.4522099364473 44.9044198728945 75.2874461462005  0.333333333333333 -22.4522099364473 44.9044198728945 75.2874461462005  0.333333333333333 
-22.4763924995787 0 74.0155500137551  1 -22.4763924995787 -44.9527849991573 74.0155500137551  0.333333333333333 22.4763924995787 -44.9527849991573 74.0155500137551  0.333333333333333 22.4763924995787 0 74.0155500137551  1 22.4763924995787 44.9527849991573 74.0155500137551  0.333333333333333 -22.4763924995787 44.9527849991573 74.0155500137551  0.333333333333333 
-22.5146749730967 0 72.7439422522492  1 -22.5146749730967 -45.0293499461933 72.7439422522492  0.333333333333333 22.5146749730967 -45.0293499461933 72.7439422522492  0.333333333333333 22.5146749730967 0 72.7439422522492  1 22.5146749730967 45.0293499461933 72.7439422522492  0.333333333333333 -22.5146749730967 45.0293499461933 72.7439422522492  0.333333333333333 
-22.5312226160789 4.42840599711897e-014 72.3184183244657  1 -22.531222616079 -45.0624452321577 72.3184183244657  0.333333333333333 22.5312226160788 -45.0624452321578 72.3184183244657  0.333333333333333 22.5312226160789 -4.42840599711897e-014 72.3184183244657  1 22.531222616079 45.0624452321577 72.3184183244657  0.333333333333333 -22.5312226160788 45.0624452321578 72.3184183244657  0.333333333333333 
-22.5611121324336 2.65704359827141e-013 71.8937140006945  1 -22.5611121324342 -45.122224264867 71.8937140006945  0.333333333333333 22.5611121324331 -45.1222242648676 71.8937140006945  0.333333333333333 22.5611121324336 -2.65704359827141e-013 71.8937140006945  1 22.5611121324342 45.122224264867 71.8937140006945  0.333333333333333 -22.5611121324331 45.1222242648676 71.8937140006945  0.333333333333333 
-22.6154386702123 7.97113079481428e-013 71.2574667290108  1 -22.6154386702139 -45.2308773404239 71.2574667290108  0.333333333333333 22.6154386702107 -45.2308773404255 71.2574667290108  0.333333333333333 22.6154386702123 -7.97113079481428e-013 71.2574667290108  1 22.6154386702139 45.2308773404239 71.2574667290108  0.333333333333333 -22.6154386702107 45.2308773404255 71.2574667290108  0.333333333333333 
-22.6966995723817 2.12563487861714e-012 70.6242306321381  1 -22.696699572386 -45.3933991447613 70.6242306321381  0.333333333333333 22.6966995723775 -45.3933991447656 70.6242306321381  0.333333333333333 22.6966995723817 -2.12563487861714e-012 70.6242306321381  1 22.696699572386 45.3933991447613 70.6242306321381  0.333333333333333 -22.6966995723775 45.3933991447656 70.6242306321381  0.333333333333333 
-22.8745701746991 6.66341141010711e-012 69.4191013305833  1 -22.8745701747124 -45.7491403493916 69.4191013305833  0.333333333333333 22.8745701746858 -45.7491403494049 69.4191013305833  0.333333333333333 22.8745701746991 -6.66341141010711e-012 69.4191013305833  1 22.8745701747124 45.7491403493916 69.4191013305833  0.333333333333333 -22.8745701746858 45.7491403494049 69.4191013305833  0.333333333333333 
-23.0851133609285 1.97649669500372e-011 68.2201109519827  1 -23.085113360968 -46.1702267218373 68.2201109519827  0.333333333333333 23.085113360889 -46.1702267218768 68.2201109519827  0.333333333333333 23.0851133609285 -1.97649669500372e-011 68.2201109519827  1 23.085113360968 46.1702267218373 68.2201109519827  0.333333333333333 -23.085113360889 46.1702267218768 68.2201109519827  0.333333333333333 
-23.3729206602526 3.80935692462483e-011 66.6626906733251  1 -23.3729206603288 -46.7458413204671 66.6626906733251  0.333333333333333 23.3729206601764 -46.7458413205433 66.6626906733251  0.333333333333333 23.3729206602526 -3.80935692462483e-011 66.6626906733251  1 23.3729206603288 46.7458413204671 66.6626906733251  0.333333333333333 -23.3729206601764 46.7458413205433 66.6626906733251  0.333333333333333 
-23.6608668417269 4.70512029952445e-011 65.1053730323712  1 -23.660866841821 -47.3217336834068 65.1053730323712  0.333333333333333 23.6608668416328 -47.3217336835009 65.1053730323712  0.333333333333333 23.6608668417269 -4.70512029952445e-011 65.1053730323712  1 23.660866841821 47.3217336834068 65.1053730323712  0.333333333333333 -23.6608668416328 47.3217336835009 65.1053730323712  0.333333333333333 
-24.0951656899151 5.5736410029298e-011 62.7699149507252  1 -24.0951656900266 -48.1903313797745 62.7699149507252  0.333333333333333 24.0951656898036 -48.1903313798859 62.7699149507252  0.333333333333333 24.0951656899151 -5.5736410029298e-011 62.7699149507252  1 24.0951656900266 48.1903313797745 62.7699149507252  0.333333333333333 -24.0951656898036 48.1903313798859 62.7699149507252  0.333333333333333 
-24.5434295091256 5.6998834757941e-011 60.4373362129542  1 -24.5434295092396 -49.0868590181941 60.4373362129542  0.333333333333333 24.5434295090116 -49.0868590183081 60.4373362129542  0.333333333333333 24.5434295091256 -5.6998834757941e-011 60.4373362129542  1 24.5434295092396 49.0868590181941 60.4373362129542  0.333333333333333 -24.5434295090116 49.0868590183081 60.4373362129542  0.333333333333333 
-25.1655191877791 5.59168006714946e-011 57.3322943820939  1 -25.1655191878909 -50.3310383755023 57.3322943820939  0.333333333333333 25.1655191876673 -50.3310383756141 57.3322943820939  0.333333333333333 25.1655191877791 -5.59168006714946e-011 57.3322943820939  1 25.1655191878909 50.3310383755023 57.3322943820939  0.333333333333333 -25.1655191876673 50.3310383756141 57.3322943820939  0.333333333333333 
-25.8604005967735 5.6969755785007e-011 54.2423863290152  1 -25.8604005968875 -51.7208011934901 54.2423863290151  0.333333333333333 25.8604005966596 -51.720801193604 54.2423863290151  0.333333333333333 25.8604005967735 -5.6969755785007e-011 54.2423863290152  1 25.8604005968875 51.7208011934901 54.2423863290151  0.333333333333333 -25.8604005966596 51.720801193604 54.2423863290151  0.333333333333333 
-26.6240933627136 5.8511767863041e-011 51.1715397334564  1 -26.6240933628306 -53.2481867253687 51.1715397334564  0.333333333333333 26.6240933625966 -53.2481867254858 51.1715397334564  0.333333333333333 26.6240933627136 -5.8511767863041e-011 51.1715397334564  1 26.6240933628306 53.2481867253687 51.1715397334564  0.333333333333333 -26.6240933625966 53.2481867254858 51.1715397334564  0.333333333333333 
-27.5902398260956 5.98750185992027e-011 48.1618051901962  1 -27.5902398262153 -55.1804796521313 48.1618051901962  0.333333333333333 27.5902398259758 -55.180479652251 48.1618051901962  0.333333333333333 27.5902398260956 -5.98750185992027e-011 48.1618051901962  1 27.5902398262153 55.1804796521313 48.1618051901962  0.333333333333333 -27.5902398259758 55.180479652251 48.1618051901962  0.333333333333333 
-28.65625584552 6.13625727044707e-011 45.1883554238331  1 -28.6562558456427 -57.3125116909786 45.1883554238331  0.333333333333333 28.6562558453972 -57.3125116911013 45.1883554238331  0.333333333333333 28.65625584552 -6.13625727044707e-011 45.1883554238331  1 28.6562558456427 57.3125116909786 45.1883554238331  0.333333333333333 -28.6562558453972 57.3125116911013 45.1883554238331  0.333333333333333 
-29.9192963916724 6.35261016280364e-011 42.2989327127597  1 -29.9192963917994 -59.8385927832812 42.2989327127597  0.333333333333333 29.9192963915453 -59.8385927834083 42.2989327127597  0.333333333333333 29.9192963916724 -6.35261016280364e-011 42.2989327127597  1 29.9192963917994 59.8385927832812 42.2989327127597  0.333333333333333 -29.9192963915453 59.8385927834083 42.2989327127597  0.333333333333333 
-31.2773480417938 6.60308973536671e-011 39.4565224038548  1 -31.2773480419258 -62.5546960835215 39.4565224038548  0.333333333333333 31.2773480416617 -62.5546960836536 39.4565224038548  0.333333333333333 31.2773480417938 -6.60308973536671e-011 39.4565224038548  1 31.2773480419258 62.5546960835215 39.4565224038548  0.333333333333333 -31.2773480416617 62.5546960836536 39.4565224038548  0.333333333333333 
-32.8184195810633 6.922478546926e-011 36.7181346483343  1 -32.8184195812018 -65.6368391620574 36.7181346483343  0.333333333333333 32.8184195809249 -65.6368391621959 36.7181346483343  0.333333333333333 32.8184195810633 -6.922478546926e-011 36.7181346483343  1 32.8184195812018 65.6368391620574 36.7181346483343  0.333333333333333 -32.8184195809249 65.6368391621959 36.7181346483343  0.333333333333333 
-35.2697666831278 7.44379316866452e-011 32.6995693459829  1 -35.2697666832767 -70.5395333661812 32.6995693459829  0.333333333333333 35.2697666829789 -70.5395333663301 32.6995693459829  0.333333333333333 35.2697666831278 -7.44379316866452e-011 32.6995693459829  1 35.2697666832767 70.5395333661812 32.6995693459829  0.333333333333333 -35.2697666829789 70.5395333663301 32.6995693459829  0.333333333333333 
-38.1477577935701 8.06345042905906e-011 28.9810512840926  1 -38.1477577937314 -76.2955155870596 28.9810512840926  0.333333333333333 38.1477577934088 -76.2955155872208 28.9810512840926  0.333333333333333 38.1477577935701 -8.06345042905906e-011 28.9810512840926  1 38.1477577937314 76.2955155870596 28.9810512840926  0.333333333333333 -38.1477577934088 76.2955155872208 28.9810512840926  0.333333333333333 
-42.3502079720352 8.944798648187e-011 24.3630049749721  1 -42.3502079722141 -84.700415943981 24.3630049749721  0.333333333333333 42.3502079718563 -84.7004159441599 24.3630049749721  0.333333333333333 42.3502079720352 -8.944798648187e-011 24.3630049749721  1 42.3502079722141 84.700415943981 24.3630049749721  0.333333333333333 -42.3502079718563 84.7004159441599 24.3630049749721  0.333333333333333 
-47.2546947048859 9.87186966411179e-011 20.5714524430763  1 -47.2546947050833 -94.5093894096731 20.5714524430763  0.333333333333333 47.2546947046885 -94.5093894098705 20.5714524430763  0.333333333333333 47.2546947048859 -9.87186966411179e-011 20.5714524430763  1 47.2546947050833 94.5093894096731 20.5714524430763  0.333333333333333 -47.2546947046885 94.5093894098705 20.5714524430763  0.333333333333333 
-51.1389980109008 1.05896329928047e-010 18.0321775973462  1 -51.1389980111126 -102.277996021696 18.0321775973462  0.333333333333333 51.138998010689 -102.277996021908 18.0321775973462  0.333333333333333 51.1389980109008 -1.05896329928047e-010 18.0321775973462  1 51.1389980111126 102.277996021696 18.0321775973462  0.333333333333333 -51.138998010689 102.277996021908 18.0321775973462  0.333333333333333 
-55.2462205242046 1.13490574485472e-010 15.9411686615027  1 -55.2462205244316 -110.492441048296 15.9411686615027  0.333333333333333 55.2462205239776 -110.492441048523 15.9411686615027  0.333333333333333 55.2462205242046 -1.13490574485472e-010 15.9411686615027  1 55.2462205244316 110.492441048296 15.9411686615027  0.333333333333333 -55.2462205239776 110.492441048523 15.9411686615027  0.333333333333333 
-58.0278394962979 1.18579846694261e-010 14.6437984754307  1 -58.0278394965351 -116.055678992477 14.6437984754307  0.333333333333333 58.0278394960608 -116.055678992714 14.6437984754307  0.333333333333333 58.0278394962979 -1.18579846694261e-010 14.6437984754307  1 58.0278394965351 116.055678992477 14.6437984754307  0.333333333333333 -58.0278394960608 116.055678992714 14.6437984754307  0.333333333333333 
-60.8842657847147 1.23589728353743e-010 13.5337420807041  1 -60.8842657849619 -121.768531569306 13.5337420807041  0.333333333333333 60.8842657844676 -121.768531569553 13.5337420807041  0.333333333333333 60.8842657847147 -1.23589728353743e-010 13.5337420807041  1 60.8842657849619 121.768531569306 13.5337420807041  0.333333333333333 -60.8842657844676 121.768531569553 13.5337420807041  0.333333333333333 
-63.7777284947841 1.28826234526353e-010 12.5365443978536  1 -63.7777284950417 -127.555456989439 12.5365443978536  0.333333333333333 63.7777284945265 -127.555456989697 12.5365443978536  0.333333333333333 63.7777284947841 -1.28826234526353e-010 12.5365443978536  1 63.7777284950417 127.555456989439 12.5365443978536  0.333333333333333 -63.7777284945265 127.555456989697 12.5365443978536  0.333333333333333 
-66.7445295751403 1.35048629300785e-010 11.8034677711623  1 -66.7445295754103 -133.489059150145 11.8034677711623  0.333333333333333 66.7445295748701 -133.489059150416 11.8034677711623  0.333333333333333 66.7445295751403 -1.35048629300785e-010 11.8034677711623  1 66.7445295754103 133.489059150145 11.8034677711623  0.333333333333333 -66.7445295748701 133.489059150416 11.8034677711623  0.333333333333333 
-69.739194243107 1.39708763440063e-010 11.2053855593277  1 -69.7391942433864 -139.478388486074 11.2053855593277  0.333333333333333 69.7391942428276 -139.478388486354 11.2053855593277  0.333333333333333 69.739194243107 -1.39708763440063e-010 11.2053855593277  1 69.7391942433864 139.478388486074 11.2053855593277  0.333333333333333 -69.7391942428276 139.478388486354 11.2053855593277  0.333333333333333 
-72.7719748912296 1.371339664369e-010 10.8831599507606  1 -72.7719748915039 -145.543949782322 10.8831599507606  0.333333333333333 72.7719748909553 -145.543949782596 10.8831599507606  0.333333333333333 72.7719748912296 -1.371339664369e-010 10.8831599507606  1 72.7719748915039 145.543949782322 10.8831599507606  0.333333333333333 -72.7719748909553 145.543949782596 10.8831599507606  0.333333333333333 
-74.6740833140032 1.37352836952112e-010 10.7613585161424  1 -74.6740833142779 -149.348166627869 10.7613585161424  0.333333333333333 74.6740833137285 -149.348166628144 10.7613585161424  0.333333333333333 74.6740833140032 -1.37352836952112e-010 10.7613585161424  1 74.6740833142779 149.348166627869 10.7613585161424  0.333333333333333 -74.6740833137285 149.348166628144 10.7613585161424  0.333333333333333 
-76.5778539762709 1.44968149050311e-010 10.7307745227133  1 -76.5778539765608 -153.155707952397 10.7307745227133  0.333333333333333 76.5778539759809 -153.155707952687 10.7307745227133  0.333333333333333 76.5778539762709 -1.44968149050311e-010 10.7307745227133  1 76.5778539765608 153.155707952397 10.7307745227133  0.333333333333333 -76.5778539759809 153.155707952687 10.7307745227133  0.333333333333333 
-77.3394113470774 1.43420800611647e-010 10.7259565078621  1 -77.3394113473642 -154.678822694011 10.7259565078621  0.333333333333333 77.3394113467906 -154.678822694298 10.7259565078621  0.333333333333333 77.3394113470774 -1.43420800611647e-010 10.7259565078621  1 77.3394113473642 154.678822694011 10.7259565078621  0.333333333333333 -77.3394113467906 154.678822694298 10.7259565078621  0.333333333333333 
-78.1008991831627 1.22316128407931e-010 10.7362060325023  1 -78.1008991834073 -156.201798366203 10.7362060325023  0.333333333333333 78.1008991829181 -156.201798366448 10.7362060325023  0.333333333333333 78.1008991831627 -1.22316128407931e-010 10.7362060325023  1 78.1008991834073 156.201798366203 10.7362060325023  0.333333333333333 -78.1008991829181 156.201798366448 10.7362060325023  0.333333333333333 
-79.2431045911205 8.29349076095191e-011 10.7568051773321  1 -79.2431045912864 -158.486209182158 10.7568051773321  0.333333333333333 79.2431045909546 -158.486209182324 10.7568051773321  0.333333333333333 79.2431045911205 -8.29349076095191e-011 10.7568051773321  1 79.2431045912864 158.486209182158 10.7568051773321  0.333333333333333 -79.2431045909546 158.486209182324 10.7568051773321  0.333333333333333 
-80.3853083751805 4.12123903254535e-011 10.7748515055239  1 -80.3853083752629 -160.77061675032 10.7748515055239  0.333333333333333 80.385308375098 -160.770616750402 10.7748515055239  0.333333333333333 80.3853083751805 -4.12123903254535e-011 10.7748515055239  1 80.3853083752629 160.77061675032 10.7748515055239  0.333333333333333 -80.385308375098 160.770616750402 10.7748515055239  0.333333333333333 
-82.6697150520043 -4.35175033070498e-011 10.8095430175681  1 -82.6697150519173 -165.339430104052 10.8095430175681  0.333333333333333 82.6697150520914 -165.339430103965 10.8095430175681  0.333333333333333 82.6697150520043 4.35175033070498e-011 10.8095430175681  1 82.6697150519173 165.339430104052 10.8095430175681  0.333333333333333 -82.6697150520914 165.339430103965 10.8095430175681  0.333333333333333 
-84.9541228766436 -1.26591365383172e-010 10.8460389301275  1 -84.9541228763904 -169.908245753414 10.8460389301275  0.333333333333333 84.9541228768968 -169.908245753161 10.8460389301275  0.333333333333333 84.9541228766436 1.26591365383172e-010 10.8460389301275  1 84.9541228763904 169.908245753414 10.8460389301275  0.333333333333333 -84.9541228768968 169.908245753161 10.8460389301275  0.333333333333333 
-92.1456217363415 -3.87205346109464e-010 10.9619207429993  1 -92.1456217355671 -184.29124347307 10.9619207429993  0.333333333333333 92.1456217371159 -184.291243472296 10.9619207429993  0.333333333333333 92.1456217363415 3.87205346109464e-010 10.9619207429993  1 92.1456217355671 184.29124347307 10.9619207429993  0.333333333333333 -92.1456217371159 184.291243472296 10.9619207429993  0.333333333333333 
-99.3371151669103 -6.55644852818619e-010 11.0692678012707  1 -99.3371151655991 -198.674230334476 11.0692678012707  0.333333333333333 99.3371151682216 -198.674230333165 11.0692678012707  0.333333333333333 99.3371151669103 6.55644852818619e-010 11.0692678012707  1 99.3371151655991 198.674230334476 11.0692678012707  0.333333333333333 -99.3371151682216 198.674230333165 11.0692678012707  0.333333333333333 
-105.00566804219 -8.715928970731e-010 11.1491314986116  1 -105.005668040447 -210.011336085252 11.1491314986116  0.333333333333333 105.005668043933 -210.011336083509 11.1491314986116  0.333333333333333 105.00566804219 8.715928970731e-010 11.1491314986116  1 105.005668040447 210.011336085252 11.1491314986116  0.333333333333333 -105.005668043933 210.011336083509 11.1491314986116  0.333333333333333 
-110.674218246789 -1.091390450499e-009 11.2247968051757  1 -110.674218244607 -221.34843649467 11.2247968051757  0.333333333333333 110.674218248972 -221.348436492488 11.2247968051757  0.333333333333333 110.674218246789 1.091390450499e-009 11.2247968051757  1 110.674218244607 221.34843649467 11.2247968051757  0.333333333333333 -110.674218248972 221.348436492488 11.2247968051757  0.333333333333333 

0 5
0.0758990239385522 4
0.0937000877342608 4
0.121729311504328 2
0.149758535274394 2
0.155394046792066 2
0.161029558309737 2
0.17230058134508 2
0.193284619278732 2
0.214268657212383 2
0.256236733079686 2
0.298204808946989 2
0.340172884814292 2
0.382140960681595 2
0.424109036548898 2
0.508045188283504 2
0.59198134001811 2
0.633949415885413 2
0.675917491752716 2
0.717885567620019 2
0.759853643487322 2
0.770345662454148 2
0.780837681420974 2
0.801821719354625 2
0.843789795221928 2
1 5

0 3
0.5 3
1 3


0

