DBRep_DrawableShape

CASCADE Topology V1, (c) Matra-Datavision
Locations 0
Curve2ds 4
8 0 5.807274200476086
1 -6.9388939039072284e-018 5.807274200476086 1.1948624542885147e-018 -1 
8 0 1.99962282459563
7 0 0  3 25 23  0 0  0.030297315524175718 -3.7797891307204318e-014  0.090891946572601426 1.4937584205047526e-012  0.18178389314480137 -5.1714576348058284e-012  0.27267583971853954 1.9637317755408208e-011  0.36356778628655873 -7.3415294152312632e-011  0.45445973287591213 2.7420039829160648e-010  0.54535167938564844 -1.0232426576764643e-009  0.63624362619252373 3.8187054449008217e-009  0.72713557189045519 -1.4251455364841076e-008  0.81802752172702331 5.3187177135747272e-008  0.90891945611799252 -1.9849714241549774e-007  0.99981144815272105 7.4080135157987833e-007  1.09070322505801 -2.7647083288183089e-006  1.1816836298266917 -0.00011358115116140461  1.2728438367647412 -0.00035419225781358447  1.3642802512190388 -0.00070832837543525302  1.4560770324729408 -0.0011337135834653619  1.5483684437996215 -0.0015832861319232505  1.6411045162664075 -0.0019849019528043656  1.734925690962551 -0.0023602387650764069  1.8279001328737172 -0.0024192377317317341  1.9277031353345961 -0.0031089229229309856  1.9800124587606864 -0.0016146124788715026  1.9996228246656347 -2.7422604441779338e-010 
 0 4 0.090891946572528637 1 0.18178389314505727 1 0.27267583971758591 1 0.36356778629011455 1 0.45445973286264318 1 0.54535167943517182 1 0.63624362600770046 1 0.72713557258022909 1 0.81802751915275773 1 0.90891946572528637 1 0.99981141229781501 1 1.0907033588703436 1 1.1815953054428723 1 1.2724872520154009 1 1.3633791985879296 1 1.4542711451604582 1 1.5451630917329868 1 1.6360550383055155 1 1.7269469848780441 1 1.8178389314505727 1 1.9087308780231014 1 1.99962282459563 4
8 -6 0
7 0 0  3 25 23  1.9996228246600298 5.9925461760775596  2.0036012778405023 5.8915895844469901  2.0073114348988081 5.7109863918094179  2.0058403980874298 5.4689327201704536  2.0062897043207775 5.1887971494819283  2.006231729271724 4.9151362297247401  2.0063057698973075 4.6378160698802029  2.0063928211350661 4.3615873315895177  2.0063027350036924 4.0654286906666508  2.0062751618510699 3.7588704369553163  2.006284677996228 3.5291156863488093  2.0063167192106621 3.2601641747955967  2.0063662457792217 2.9900986793242534  2.0064219621552377 2.7165537219445532  2.0064804553797497 2.443784034444568  2.0065543402538735 2.170696755648617  2.0065469740568265 1.8975753116123026  2.0065583282825856 1.6244071140295231  2.0065743252037795 1.3511998881913516  2.0065531278340187 1.0780741736696953  2.0066780056770179 0.80468064734124345  2.0062595808784076 0.53244161017625735  2.0078739786080444 0.25616928106283704  2.0038966473670081 0.08229065559325606  1.9996228246656347 -2.7422604441779338e-010 
 -6 4 -5.7272727272727275 1 -5.454545454545455 1 -5.1818181818181817 1 -4.9090909090909092 1 -4.6363636363636367 1 -4.3636363636363633 1 -4.0909090909090908 1 -3.8181818181818183 1 -3.5454545454545459 1 -3.2727272727272729 1 -3 1 -2.7272727272727275 1 -2.454545454545455 1 -2.1818181818181821 1 -1.9090909090909092 1 -1.6363636363636367 1 -1.3636363636363642 1 -1.0909090909090917 1 -0.81818181818181834 1 -0.54545454545454586 1 -0.27272727272727337 1 0 4
8 0.52663370447119595 2.6562183336724998
7 0 0  3 25 23  1.9996228246600298 5.9925461760775596  1.9807390227752424 5.9982177515528363  1.928253849859769 6.0039436988417201  1.8250176948784271 6.0024248624335179  1.728182797781104 6.0004234455718874  1.6292301162408769 5.9974799937887564  1.5297896964048403 5.9975753226597819  1.4305084162309407 6.0002421335489649  1.3349826200853341 5.996970115075964  1.2418430044029662 5.9910532894937267  1.151042877657463 5.9829149082288948  1.0621545994845358 5.9738492438948994  0.97514327246335575 5.9665080287893604  0.88872899867977562 5.9605842306454484  0.80259242270280307 5.9544748372752432  0.71653905632078818 5.9474621741603553  0.63032301888871933 5.9386484204588834  0.54369814790619642 5.9272426255242019  0.45640645703599475 5.9123595126274973  0.36818186600013847 5.8933842285842184  0.27874847290451643 5.8687565142454305  0.18782243693963965 5.8413610673577079  0.095117427826896112 5.8014880330524301  0.031960461366838451 5.7980506798768703  0 5.807274200476086 
 0.52663370447119595 4 0.62343300579852801 1 0.72023230712585995 1 0.81703160845319189 1 0.91383090978052395 1 1.010630211107856 1 1.1074295124351878 1 1.2042288137625199 1 1.3010281150898519 1 1.397827416417184 1 1.4946267177445161 1 1.5914260190718479 1 1.6882253203991799 1 1.785024621726512 1 1.8818239230538438 1 1.9786232243811759 1 2.0754225257085079 1 2.1722218270358402 1 2.269021128363172 1 2.3658204296905039 1 2.4626197310178357 1 2.559419032345168 1 2.6562183336724998 4
Curves 3
7 0 0  3 6 3  879.11826882016601 -492.66738972527304 1190.6025070411101  869.61909925350506 -523.40481506073399 1191.4765196954402  855.98488078433002 -553.32148800228811 1193.07318564293  814.31721222992803 -602.678613206715 1196.86786438998  788.86483653809205 -623.0017299317451 1198.6993369009401  760.89658286613405 -642.58225574878406 1199.9399496215201 
 0 4 0.99981141229781401 2 1.99962282459563 4
7 0 0  3 7 5  797.16136763118607 -676.59256433584198 1193.71170975938  789.94597923053004 -672.91777308828705 1195.29339257428  795.13960078496211 -678.38568237865002 1181.3742801739099  796.09673098231212 -680.03758320986503 1162.75037358181  783.38170966811413 -667.60540247545703 1173.03767050387  771.33367807471802 -655.63117882592996 1187.6261146876302  760.89658286613405 -642.58225574878406 1199.9399496215201 
 -6 4 -4.9969168513040803 1 -3.9938337026081601 1 -2.9907505539122399 1 0 4
7 0 0  3 6 3  797.16136763118607 -676.59256433584198 1193.71170975938  809.74538746850612 -664.69203484663103 1193.0496714621702  821.61908662552196 -652.02917382704209 1192.28248468229  869.29864596942014 -593.50534119011706 1188.5636927308601  877.67843804068696 -547.60647627417507 1188.2721579242002  879.11826882016601 -492.66738972527304 1190.6025070411101 
 0.52663370447119595 4 1.0249618004382199 2 2.6562183336724998 4
Polygon3D 0
PolygonOnTriangulations 0
Surfaces 1
9 0 0 0 0 3 3 6 7 3 5 879.11826882016601 -492.66738972527304 1190.6025070411101  879.11826882016601 -492.66738972527304 1190.6025070411101  879.11826882016601 -492.66738972527304 1190.6025070411101  879.11826882016601 -492.66738972527304 1190.6025070411101  879.11826882016601 -492.66738972527304 1190.6025070411101  879.11826882016601 -492.66738972527304 1190.6025070411101  879.11826882016601 -492.66738972527304 1190.6025070411101  
869.61909925350506 -523.40481506073399 1191.4765196954402  872.49703471622911 -524.57750235930996 1188.5471276915903  875.36358953646004 -525.76787523051007 1185.12984472927  878.49292003732012 -527.01457436718204 1182.5805814028899  878.63642311850799 -526.89506151453406 1186.41696832411  877.56880736008816 -526.37354745542405 1189.4388227106299  878.98517172197899 -526.90838559693407 1188.9434895009399  
855.98488078433002 -553.32148800228811 1193.07318564293  861.89881150789699 -556.18175697524509 1187.2787476687099  867.81361056868798 -559.08756996134605 1180.4880316902302  874.21325304232619 -562.12529334318504 1175.4852470324799  874.31475131359605 -561.81459619596001 1183.3226216372502  872.02691353997204 -560.53325773630399 1189.4208837591602  874.8914754586051 -561.83320484526905 1188.5002367995501  
814.31721222992803 -602.678613206715 1196.86786438998  824.81583305468712 -610.23268510429796 1186.51928610504  835.38822754239106 -617.91118687871494 1174.28703335151  846.65712264269393 -625.92864209746608 1165.48521245284  846.26137860169001 -625.07501851736106 1180.3145571470002  841.92007342856493 -621.674893010495 1191.6101236505201  846.86848770160202 -625.10024306100399 1190.16364650172  
788.86483653809205 -623.0017299317451 1198.6993369009401  800.15981538319602 -632.550936924545 1187.5139286773599  811.57436902925315 -642.27710047372807 1174.2242009097899  823.64685403376507 -652.38703836212903 1164.79762837983  822.90052445166612 -651.15118212034713 1181.3708966860102  818.07414622943497 -646.77685455624203 1193.84457966894  823.32173879356196 -651.06963150788511 1192.41058612552  
762.53619380085604 -641.44914805785311 1199.7969852624401  774.61211809685005 -652.87681876835495 1187.6244868994902  786.85272635750016 -664.51981880636413 1173.11423186925  799.71300112124004 -676.61398715933001 1162.91656758832  798.62132074146507 -675.10661239251999 1181.3329993514201  793.31850410537004 -669.85798882925508 1195.09240344356  798.8591162885341 -674.98846489769903 1193.6223064641001  

0 4
0.99981141229781401 2
1.99962282459563 4

0 4
3 1
4 1
5 1
6 4

Triangulations 0

TShapes 9
Ve
2.33124227024398
879.118268820166 -492.667389725273 1190.60250704111
0 0

0101101
*
Ed
 1e-007 1 1 1
2  1 1 0 0 5.80727420047609
0

0101000
+9 0 -9 0 *
Ve
4.22128676685434
760.896582866134 -642.582255748784 1199.93994962152
0 0

0101101
*
Ed
 1.99821308748795 1 1 0
1  1 0 0 1.99962282459563
2  2 1 0 0 1.99962282459563
0

0101000
+9 0 -7 0 *
Ve
4.22128676685434
797.161367631186 -676.592564335842 1193.71170975938
0 0

0101101
*
Ed
 4.22128676685434 1 1 0
1  2 0 -6 0
2  3 1 0 -6 0
0

0101000
+5 0 -7 0 *
Ed
 2.33124227024398 1 1 0
1  3 0 0.526633704471196 2.6562183336725
2  4 1 0 0.526633704471196 2.6562183336725
0

0101000
+5 0 -9 0 *
Wi

0101100
+8 0 +6 0 -4 0 +3 0 *
Fa
0  1e-007 1 0

0101000
+2 0 *

+1 0 
0

